nibrs_month_id,agency_id,month_num,data_year,reported_status,report_date,prepared_date,update_flag,orig_format,ff_line_number,data_home,ddocname,did
6464204,15887,1,2014,U,,,N,F,,C,2014_01_PA0060000_NIBRS,
6486654,15887,2,2014,U,,,N,F,,C,2014_02_PA0060000_NIBRS,
6509104,15887,3,2014,U,,,N,F,,C,2014_03_PA0060000_NIBRS,
6531554,15887,4,2014,U,,,N,F,,C,2014_04_PA0060000_NIBRS,
6554004,15887,5,2014,U,,,N,F,,C,2014_05_PA0060000_NIBRS,
6576454,15887,6,2014,U,,,N,F,,C,2014_06_PA0060000_NIBRS,
6598904,15887,7,2014,U,,,N,F,,C,2014_07_PA0060000_NIBRS,
6621354,15887,8,2014,U,,,N,F,,C,2014_08_PA0060000_NIBRS,
6643804,15887,9,2014,U,,,N,F,,C,2014_09_PA0060000_NIBRS,
6666254,15887,10,2014,U,,,N,F,,C,2014_10_PA0060000_NIBRS,
6688704,15887,11,2014,U,,,N,F,,C,2014_11_PA0060000_NIBRS,
6711154,15887,12,2014,U,,,N,F,,C,2014_12_PA0060000_NIBRS,
6464205,15888,1,2014,U,,,N,F,,C,2014_01_PA0060100_NIBRS,
6486655,15888,2,2014,U,,,N,F,,C,2014_02_PA0060100_NIBRS,
6509105,15888,3,2014,U,,,N,F,,C,2014_03_PA0060100_NIBRS,
6531555,15888,4,2014,U,,,N,F,,C,2014_04_PA0060100_NIBRS,
6554005,15888,5,2014,U,,,N,F,,C,2014_05_PA0060100_NIBRS,
6576455,15888,6,2014,U,,,N,F,,C,2014_06_PA0060100_NIBRS,
6598905,15888,7,2014,U,,,N,F,,C,2014_07_PA0060100_NIBRS,
6621355,15888,8,2014,U,,,N,F,,C,2014_08_PA0060100_NIBRS,
6643805,15888,9,2014,U,,,N,F,,C,2014_09_PA0060100_NIBRS,
6666255,15888,10,2014,U,,,N,F,,C,2014_10_PA0060100_NIBRS,
6688705,15888,11,2014,U,,,N,F,,C,2014_11_PA0060100_NIBRS,
6711155,15888,12,2014,U,,,N,F,,C,2014_12_PA0060100_NIBRS,
6464206,15889,1,2014,U,,,N,F,,C,2014_01_PA0060200_NIBRS,
6486656,15889,2,2014,U,,,N,F,,C,2014_02_PA0060200_NIBRS,
6509106,15889,3,2014,U,,,N,F,,C,2014_03_PA0060200_NIBRS,
6531556,15889,4,2014,U,,,N,F,,C,2014_04_PA0060200_NIBRS,
6554006,15889,5,2014,U,,,N,F,,C,2014_05_PA0060200_NIBRS,
6576456,15889,6,2014,U,,,N,F,,C,2014_06_PA0060200_NIBRS,
6598906,15889,7,2014,U,,,N,F,,C,2014_07_PA0060200_NIBRS,
6621356,15889,8,2014,U,,,N,F,,C,2014_08_PA0060200_NIBRS,
6643806,15889,9,2014,U,,,N,F,,C,2014_09_PA0060200_NIBRS,
6666256,15889,10,2014,U,,,N,F,,C,2014_10_PA0060200_NIBRS,
6688706,15889,11,2014,U,,,N,F,,C,2014_11_PA0060200_NIBRS,
6711156,15889,12,2014,U,,,N,F,,C,2014_12_PA0060200_NIBRS,
6464207,15890,1,2014,U,,,N,F,,C,2014_01_PA0060300_NIBRS,
6486657,15890,2,2014,U,,,N,F,,C,2014_02_PA0060300_NIBRS,
6509107,15890,3,2014,U,,,N,F,,C,2014_03_PA0060300_NIBRS,
6531557,15890,4,2014,U,,,N,F,,C,2014_04_PA0060300_NIBRS,
6554007,15890,5,2014,U,,,N,F,,C,2014_05_PA0060300_NIBRS,
6576457,15890,6,2014,U,,,N,F,,C,2014_06_PA0060300_NIBRS,
6598907,15890,7,2014,U,,,N,F,,C,2014_07_PA0060300_NIBRS,
6621357,15890,8,2014,U,,,N,F,,C,2014_08_PA0060300_NIBRS,
6643807,15890,9,2014,U,,,N,F,,C,2014_09_PA0060300_NIBRS,
6666257,15890,10,2014,U,,,N,F,,C,2014_10_PA0060300_NIBRS,
6688707,15890,11,2014,U,,,N,F,,C,2014_11_PA0060300_NIBRS,
6711157,15890,12,2014,U,,,N,F,,C,2014_12_PA0060300_NIBRS,
6464208,15891,1,2014,U,,,N,F,,C,2014_01_PA0060400_NIBRS,
6486658,15891,2,2014,U,,,N,F,,C,2014_02_PA0060400_NIBRS,
6509108,15891,3,2014,U,,,N,F,,C,2014_03_PA0060400_NIBRS,
6531558,15891,4,2014,U,,,N,F,,C,2014_04_PA0060400_NIBRS,
6554008,15891,5,2014,U,,,N,F,,C,2014_05_PA0060400_NIBRS,
6576458,15891,6,2014,U,,,N,F,,C,2014_06_PA0060400_NIBRS,
6598908,15891,7,2014,U,,,N,F,,C,2014_07_PA0060400_NIBRS,
6621358,15891,8,2014,U,,,N,F,,C,2014_08_PA0060400_NIBRS,
6643808,15891,9,2014,U,,,N,F,,C,2014_09_PA0060400_NIBRS,
6666258,15891,10,2014,U,,,N,F,,C,2014_10_PA0060400_NIBRS,
6688708,15891,11,2014,U,,,N,F,,C,2014_11_PA0060400_NIBRS,
6711158,15891,12,2014,U,,,N,F,,C,2014_12_PA0060400_NIBRS,
6464209,15892,1,2014,U,,,N,F,,C,2014_01_PA0060500_NIBRS,
6486659,15892,2,2014,U,,,N,F,,C,2014_02_PA0060500_NIBRS,
6509109,15892,3,2014,U,,,N,F,,C,2014_03_PA0060500_NIBRS,
6531559,15892,4,2014,U,,,N,F,,C,2014_04_PA0060500_NIBRS,
6554009,15892,5,2014,U,,,N,F,,C,2014_05_PA0060500_NIBRS,
6576459,15892,6,2014,U,,,N,F,,C,2014_06_PA0060500_NIBRS,
6598909,15892,7,2014,U,,,N,F,,C,2014_07_PA0060500_NIBRS,
6621359,15892,8,2014,U,,,N,F,,C,2014_08_PA0060500_NIBRS,
6643809,15892,9,2014,U,,,N,F,,C,2014_09_PA0060500_NIBRS,
6666259,15892,10,2014,U,,,N,F,,C,2014_10_PA0060500_NIBRS,
6688709,15892,11,2014,U,,,N,F,,C,2014_11_PA0060500_NIBRS,
6711159,15892,12,2014,U,,,N,F,,C,2014_12_PA0060500_NIBRS,
6464210,15893,1,2014,U,,,N,F,,C,2014_01_PA0060600_NIBRS,
6486660,15893,2,2014,U,,,N,F,,C,2014_02_PA0060600_NIBRS,
6509110,15893,3,2014,U,,,N,F,,C,2014_03_PA0060600_NIBRS,
6531560,15893,4,2014,U,,,N,F,,C,2014_04_PA0060600_NIBRS,
6554010,15893,5,2014,U,,,N,F,,C,2014_05_PA0060600_NIBRS,
6576460,15893,6,2014,U,,,N,F,,C,2014_06_PA0060600_NIBRS,
6598910,15893,7,2014,U,,,N,F,,C,2014_07_PA0060600_NIBRS,
6621360,15893,8,2014,U,,,N,F,,C,2014_08_PA0060600_NIBRS,
6643810,15893,9,2014,U,,,N,F,,C,2014_09_PA0060600_NIBRS,
6666260,15893,10,2014,U,,,N,F,,C,2014_10_PA0060600_NIBRS,
6688710,15893,11,2014,U,,,N,F,,C,2014_11_PA0060600_NIBRS,
6711160,15893,12,2014,U,,,N,F,,C,2014_12_PA0060600_NIBRS,
6470291,23086,1,2014,U,,,N,F,,C,2014_01_PA0365800_NIBRS,
6492741,23086,2,2014,U,,,N,F,,C,2014_02_PA0365800_NIBRS,
6515191,23086,3,2014,U,,,N,F,,C,2014_03_PA0365800_NIBRS,
6537641,23086,4,2014,U,,,N,F,,C,2014_04_PA0365800_NIBRS,
6560091,23086,5,2014,U,,,N,F,,C,2014_05_PA0365800_NIBRS,
6582541,23086,6,2014,U,,,N,F,,C,2014_06_PA0365800_NIBRS,
6604991,23086,7,2014,U,,,N,F,,C,2014_07_PA0365800_NIBRS,
6627441,23086,8,2014,U,,,N,F,,C,2014_08_PA0365800_NIBRS,
6649891,23086,9,2014,U,,,N,F,,C,2014_09_PA0365800_NIBRS,
6672341,23086,10,2014,U,,,N,F,,C,2014_10_PA0365800_NIBRS,
6694791,23086,11,2014,U,,,N,F,,C,2014_11_PA0365800_NIBRS,
6717241,23086,12,2014,U,,,N,F,,C,2014_12_PA0365800_NIBRS,
6464937,16620,1,2014,U,,,N,F,,C,2014_01_PA036BF00_NIBRS,
6487387,16620,2,2014,U,,,N,F,,C,2014_02_PA036BF00_NIBRS,
6509837,16620,3,2014,U,,,N,F,,C,2014_03_PA036BF00_NIBRS,
6532287,16620,4,2014,U,,,N,F,,C,2014_04_PA036BF00_NIBRS,
6554737,16620,5,2014,U,,,N,F,,C,2014_05_PA036BF00_NIBRS,
6577187,16620,6,2014,U,,,N,F,,C,2014_06_PA036BF00_NIBRS,
6599637,16620,7,2014,U,,,N,F,,C,2014_07_PA036BF00_NIBRS,
6622087,16620,8,2014,U,,,N,F,,C,2014_08_PA036BF00_NIBRS,
6644537,16620,9,2014,U,,,N,F,,C,2014_09_PA036BF00_NIBRS,
6666987,16620,10,2014,U,,,N,F,,C,2014_10_PA036BF00_NIBRS,
6689437,16620,11,2014,U,,,N,F,,C,2014_11_PA036BF00_NIBRS,
6711887,16620,12,2014,U,,,N,F,,C,2014_12_PA036BF00_NIBRS,
6464211,15894,1,2014,U,,,N,F,,C,2014_01_PA0060700_NIBRS,
6486661,15894,2,2014,U,,,N,F,,C,2014_02_PA0060700_NIBRS,
6509111,15894,3,2014,U,,,N,F,,C,2014_03_PA0060700_NIBRS,
6531561,15894,4,2014,U,,,N,F,,C,2014_04_PA0060700_NIBRS,
6554011,15894,5,2014,U,,,N,F,,C,2014_05_PA0060700_NIBRS,
6576461,15894,6,2014,U,,,N,F,,C,2014_06_PA0060700_NIBRS,
6598911,15894,7,2014,U,,,N,F,,C,2014_07_PA0060700_NIBRS,
6621361,15894,8,2014,U,,,N,F,,C,2014_08_PA0060700_NIBRS,
6643811,15894,9,2014,U,,,N,F,,C,2014_09_PA0060700_NIBRS,
6666261,15894,10,2014,U,,,N,F,,C,2014_10_PA0060700_NIBRS,
6688711,15894,11,2014,U,,,N,F,,C,2014_11_PA0060700_NIBRS,
6711161,15894,12,2014,U,,,N,F,,C,2014_12_PA0060700_NIBRS,
6464972,16655,1,2014,U,,,N,F,,C,2014_01_PA0381200_NIBRS,
6487422,16655,2,2014,U,,,N,F,,C,2014_02_PA0381200_NIBRS,
6509872,16655,3,2014,U,,,N,F,,C,2014_03_PA0381200_NIBRS,
6532322,16655,4,2014,U,,,N,F,,C,2014_04_PA0381200_NIBRS,
6554772,16655,5,2014,U,,,N,F,,C,2014_05_PA0381200_NIBRS,
6577222,16655,6,2014,U,,,N,F,,C,2014_06_PA0381200_NIBRS,
6599672,16655,7,2014,U,,,N,F,,C,2014_07_PA0381200_NIBRS,
6622122,16655,8,2014,U,,,N,F,,C,2014_08_PA0381200_NIBRS,
6644572,16655,9,2014,U,,,N,F,,C,2014_09_PA0381200_NIBRS,
6667022,16655,10,2014,U,,,N,F,,C,2014_10_PA0381200_NIBRS,
6689472,16655,11,2014,U,,,N,F,,C,2014_11_PA0381200_NIBRS,
6711922,16655,12,2014,U,,,N,F,,C,2014_12_PA0381200_NIBRS,
6464973,16656,1,2014,U,,,N,F,,C,2014_01_PA0381300_NIBRS,
6487423,16656,2,2014,U,,,N,F,,C,2014_02_PA0381300_NIBRS,
6509873,16656,3,2014,U,,,N,F,,C,2014_03_PA0381300_NIBRS,
6532323,16656,4,2014,U,,,N,F,,C,2014_04_PA0381300_NIBRS,
6554773,16656,5,2014,U,,,N,F,,C,2014_05_PA0381300_NIBRS,
6577223,16656,6,2014,U,,,N,F,,C,2014_06_PA0381300_NIBRS,
6599673,16656,7,2014,U,,,N,F,,C,2014_07_PA0381300_NIBRS,
6622123,16656,8,2014,U,,,N,F,,C,2014_08_PA0381300_NIBRS,
6644573,16656,9,2014,U,,,N,F,,C,2014_09_PA0381300_NIBRS,
6667023,16656,10,2014,U,,,N,F,,C,2014_10_PA0381300_NIBRS,
6689473,16656,11,2014,U,,,N,F,,C,2014_11_PA0381300_NIBRS,
6711923,16656,12,2014,U,,,N,F,,C,2014_12_PA0381300_NIBRS,
6464224,15907,1,2014,U,,,N,F,,C,2014_01_PA0062000_NIBRS,
6486674,15907,2,2014,U,,,N,F,,C,2014_02_PA0062000_NIBRS,
6509124,15907,3,2014,U,,,N,F,,C,2014_03_PA0062000_NIBRS,
6531574,15907,4,2014,U,,,N,F,,C,2014_04_PA0062000_NIBRS,
6554024,15907,5,2014,U,,,N,F,,C,2014_05_PA0062000_NIBRS,
6576474,15907,6,2014,U,,,N,F,,C,2014_06_PA0062000_NIBRS,
6598924,15907,7,2014,U,,,N,F,,C,2014_07_PA0062000_NIBRS,
6621374,15907,8,2014,U,,,N,F,,C,2014_08_PA0062000_NIBRS,
6643824,15907,9,2014,U,,,N,F,,C,2014_09_PA0062000_NIBRS,
6666274,15907,10,2014,U,,,N,F,,C,2014_10_PA0062000_NIBRS,
6688724,15907,11,2014,U,,,N,F,,C,2014_11_PA0062000_NIBRS,
6711174,15907,12,2014,U,,,N,F,,C,2014_12_PA0062000_NIBRS,
6464225,15908,1,2014,U,,,N,F,,C,2014_01_PA0062100_NIBRS,
6486675,15908,2,2014,U,,,N,F,,C,2014_02_PA0062100_NIBRS,
6509125,15908,3,2014,U,,,N,F,,C,2014_03_PA0062100_NIBRS,
6531575,15908,4,2014,U,,,N,F,,C,2014_04_PA0062100_NIBRS,
6554025,15908,5,2014,U,,,N,F,,C,2014_05_PA0062100_NIBRS,
6576475,15908,6,2014,U,,,N,F,,C,2014_06_PA0062100_NIBRS,
6598925,15908,7,2014,U,,,N,F,,C,2014_07_PA0062100_NIBRS,
6621375,15908,8,2014,U,,,N,F,,C,2014_08_PA0062100_NIBRS,
6643825,15908,9,2014,U,,,N,F,,C,2014_09_PA0062100_NIBRS,
6666275,15908,10,2014,U,,,N,F,,C,2014_10_PA0062100_NIBRS,
6688725,15908,11,2014,U,,,N,F,,C,2014_11_PA0062100_NIBRS,
6711175,15908,12,2014,U,,,N,F,,C,2014_12_PA0062100_NIBRS,
6464420,16103,1,2014,U,,,N,F,,C,2014_01_PA0116100_NIBRS,
6486870,16103,2,2014,U,,,N,F,,C,2014_02_PA0116100_NIBRS,
6509320,16103,3,2014,U,,,N,F,,C,2014_03_PA0116100_NIBRS,
6531770,16103,4,2014,U,,,N,F,,C,2014_04_PA0116100_NIBRS,
6554220,16103,5,2014,U,,,N,F,,C,2014_05_PA0116100_NIBRS,
6576670,16103,6,2014,U,,,N,F,,C,2014_06_PA0116100_NIBRS,
6599120,16103,7,2014,U,,,N,F,,C,2014_07_PA0116100_NIBRS,
6621570,16103,8,2014,U,,,N,F,,C,2014_08_PA0116100_NIBRS,
6644020,16103,9,2014,U,,,N,F,,C,2014_09_PA0116100_NIBRS,
6666470,16103,10,2014,U,,,N,F,,C,2014_10_PA0116100_NIBRS,
6688920,16103,11,2014,U,,,N,F,,C,2014_11_PA0116100_NIBRS,
6711370,16103,12,2014,U,,,N,F,,C,2014_12_PA0116100_NIBRS,
6464421,16104,1,2014,U,,,N,F,,C,2014_01_PA0116200_NIBRS,
6486871,16104,2,2014,U,,,N,F,,C,2014_02_PA0116200_NIBRS,
6509321,16104,3,2014,U,,,N,F,,C,2014_03_PA0116200_NIBRS,
6531771,16104,4,2014,U,,,N,F,,C,2014_04_PA0116200_NIBRS,
6554221,16104,5,2014,U,,,N,F,,C,2014_05_PA0116200_NIBRS,
6576671,16104,6,2014,U,,,N,F,,C,2014_06_PA0116200_NIBRS,
6599121,16104,7,2014,U,,,N,F,,C,2014_07_PA0116200_NIBRS,
6621571,16104,8,2014,U,,,N,F,,C,2014_08_PA0116200_NIBRS,
6644021,16104,9,2014,U,,,N,F,,C,2014_09_PA0116200_NIBRS,
6666471,16104,10,2014,U,,,N,F,,C,2014_10_PA0116200_NIBRS,
6688921,16104,11,2014,U,,,N,F,,C,2014_11_PA0116200_NIBRS,
6711371,16104,12,2014,U,,,N,F,,C,2014_12_PA0116200_NIBRS,
6464422,16105,1,2014,U,,,N,F,,C,2014_01_PA0116300_NIBRS,
6486872,16105,2,2014,U,,,N,F,,C,2014_02_PA0116300_NIBRS,
6509322,16105,3,2014,U,,,N,F,,C,2014_03_PA0116300_NIBRS,
6531772,16105,4,2014,U,,,N,F,,C,2014_04_PA0116300_NIBRS,
6554222,16105,5,2014,U,,,N,F,,C,2014_05_PA0116300_NIBRS,
6576672,16105,6,2014,U,,,N,F,,C,2014_06_PA0116300_NIBRS,
6599122,16105,7,2014,U,,,N,F,,C,2014_07_PA0116300_NIBRS,
6621572,16105,8,2014,U,,,N,F,,C,2014_08_PA0116300_NIBRS,
6644022,16105,9,2014,U,,,N,F,,C,2014_09_PA0116300_NIBRS,
6666472,16105,10,2014,U,,,N,F,,C,2014_10_PA0116300_NIBRS,
6688922,16105,11,2014,U,,,N,F,,C,2014_11_PA0116300_NIBRS,
6711372,16105,12,2014,U,,,N,F,,C,2014_12_PA0116300_NIBRS,
6464423,16106,1,2014,U,,,N,F,,C,2014_01_PA0116500_NIBRS,
6486873,16106,2,2014,U,,,N,F,,C,2014_02_PA0116500_NIBRS,
6509323,16106,3,2014,U,,,N,F,,C,2014_03_PA0116500_NIBRS,
6531773,16106,4,2014,U,,,N,F,,C,2014_04_PA0116500_NIBRS,
6554223,16106,5,2014,U,,,N,F,,C,2014_05_PA0116500_NIBRS,
6576673,16106,6,2014,U,,,N,F,,C,2014_06_PA0116500_NIBRS,
6599123,16106,7,2014,U,,,N,F,,C,2014_07_PA0116500_NIBRS,
6621573,16106,8,2014,U,,,N,F,,C,2014_08_PA0116500_NIBRS,
6644023,16106,9,2014,U,,,N,F,,C,2014_09_PA0116500_NIBRS,
6666473,16106,10,2014,U,,,N,F,,C,2014_10_PA0116500_NIBRS,
6688923,16106,11,2014,U,,,N,F,,C,2014_11_PA0116500_NIBRS,
6711373,16106,12,2014,U,,,N,F,,C,2014_12_PA0116500_NIBRS,
6464424,16107,1,2014,U,,,N,F,,C,2014_01_PA0116800_NIBRS,
6486874,16107,2,2014,U,,,N,F,,C,2014_02_PA0116800_NIBRS,
6509324,16107,3,2014,U,,,N,F,,C,2014_03_PA0116800_NIBRS,
6531774,16107,4,2014,U,,,N,F,,C,2014_04_PA0116800_NIBRS,
6554224,16107,5,2014,U,,,N,F,,C,2014_05_PA0116800_NIBRS,
6576674,16107,6,2014,U,,,N,F,,C,2014_06_PA0116800_NIBRS,
6599124,16107,7,2014,U,,,N,F,,C,2014_07_PA0116800_NIBRS,
6621574,16107,8,2014,U,,,N,F,,C,2014_08_PA0116800_NIBRS,
6644024,16107,9,2014,U,,,N,F,,C,2014_09_PA0116800_NIBRS,
6666474,16107,10,2014,U,,,N,F,,C,2014_10_PA0116800_NIBRS,
6688924,16107,11,2014,U,,,N,F,,C,2014_11_PA0116800_NIBRS,
6711374,16107,12,2014,U,,,N,F,,C,2014_12_PA0116800_NIBRS,
6464425,16108,1,2014,U,,,N,F,,C,2014_01_PA011BF00_NIBRS,
6486875,16108,2,2014,U,,,N,F,,C,2014_02_PA011BF00_NIBRS,
6509325,16108,3,2014,U,,,N,F,,C,2014_03_PA011BF00_NIBRS,
6531775,16108,4,2014,U,,,N,F,,C,2014_04_PA011BF00_NIBRS,
6554225,16108,5,2014,U,,,N,F,,C,2014_05_PA011BF00_NIBRS,
6576675,16108,6,2014,U,,,N,F,,C,2014_06_PA011BF00_NIBRS,
6599125,16108,7,2014,U,,,N,F,,C,2014_07_PA011BF00_NIBRS,
6621575,16108,8,2014,U,,,N,F,,C,2014_08_PA011BF00_NIBRS,
6644025,16108,9,2014,U,,,N,F,,C,2014_09_PA011BF00_NIBRS,
6666475,16108,10,2014,U,,,N,F,,C,2014_10_PA011BF00_NIBRS,
6688925,16108,11,2014,U,,,N,F,,C,2014_11_PA011BF00_NIBRS,
6711375,16108,12,2014,U,,,N,F,,C,2014_12_PA011BF00_NIBRS,
6464384,16067,1,2014,U,,,N,F,,C,2014_01_PA0111200_NIBRS,
6486834,16067,2,2014,U,,,N,F,,C,2014_02_PA0111200_NIBRS,
6509284,16067,3,2014,U,,,N,F,,C,2014_03_PA0111200_NIBRS,
6531734,16067,4,2014,U,,,N,F,,C,2014_04_PA0111200_NIBRS,
6554184,16067,5,2014,U,,,N,F,,C,2014_05_PA0111200_NIBRS,
6576634,16067,6,2014,U,,,N,F,,C,2014_06_PA0111200_NIBRS,
6599084,16067,7,2014,U,,,N,F,,C,2014_07_PA0111200_NIBRS,
6621534,16067,8,2014,U,,,N,F,,C,2014_08_PA0111200_NIBRS,
6643984,16067,9,2014,U,,,N,F,,C,2014_09_PA0111200_NIBRS,
6666434,16067,10,2014,U,,,N,F,,C,2014_10_PA0111200_NIBRS,
6688884,16067,11,2014,U,,,N,F,,C,2014_11_PA0111200_NIBRS,
6711334,16067,12,2014,U,,,N,F,,C,2014_12_PA0111200_NIBRS,
6464385,16068,1,2014,U,,,N,F,,C,2014_01_PA0111300_NIBRS,
6486835,16068,2,2014,U,,,N,F,,C,2014_02_PA0111300_NIBRS,
6509285,16068,3,2014,U,,,N,F,,C,2014_03_PA0111300_NIBRS,
6531735,16068,4,2014,U,,,N,F,,C,2014_04_PA0111300_NIBRS,
6554185,16068,5,2014,U,,,N,F,,C,2014_05_PA0111300_NIBRS,
6576635,16068,6,2014,U,,,N,F,,C,2014_06_PA0111300_NIBRS,
6599085,16068,7,2014,U,,,N,F,,C,2014_07_PA0111300_NIBRS,
6621535,16068,8,2014,U,,,N,F,,C,2014_08_PA0111300_NIBRS,
6643985,16068,9,2014,U,,,N,F,,C,2014_09_PA0111300_NIBRS,
6666435,16068,10,2014,U,,,N,F,,C,2014_10_PA0111300_NIBRS,
6688885,16068,11,2014,U,,,N,F,,C,2014_11_PA0111300_NIBRS,
6711335,16068,12,2014,U,,,N,F,,C,2014_12_PA0111300_NIBRS,
6464386,16069,1,2014,U,,,N,F,,C,2014_01_PA0111400_NIBRS,
6486836,16069,2,2014,U,,,N,F,,C,2014_02_PA0111400_NIBRS,
6509286,16069,3,2014,U,,,N,F,,C,2014_03_PA0111400_NIBRS,
6531736,16069,4,2014,U,,,N,F,,C,2014_04_PA0111400_NIBRS,
6554186,16069,5,2014,U,,,N,F,,C,2014_05_PA0111400_NIBRS,
6576636,16069,6,2014,U,,,N,F,,C,2014_06_PA0111400_NIBRS,
6599086,16069,7,2014,U,,,N,F,,C,2014_07_PA0111400_NIBRS,
6621536,16069,8,2014,U,,,N,F,,C,2014_08_PA0111400_NIBRS,
6643986,16069,9,2014,U,,,N,F,,C,2014_09_PA0111400_NIBRS,
6666436,16069,10,2014,U,,,N,F,,C,2014_10_PA0111400_NIBRS,
6688886,16069,11,2014,U,,,N,F,,C,2014_11_PA0111400_NIBRS,
6711336,16069,12,2014,U,,,N,F,,C,2014_12_PA0111400_NIBRS,
6464387,16070,1,2014,U,,,N,F,,C,2014_01_PA0111500_NIBRS,
6486837,16070,2,2014,U,,,N,F,,C,2014_02_PA0111500_NIBRS,
6509287,16070,3,2014,U,,,N,F,,C,2014_03_PA0111500_NIBRS,
6531737,16070,4,2014,U,,,N,F,,C,2014_04_PA0111500_NIBRS,
6554187,16070,5,2014,U,,,N,F,,C,2014_05_PA0111500_NIBRS,
6576637,16070,6,2014,U,,,N,F,,C,2014_06_PA0111500_NIBRS,
6599087,16070,7,2014,U,,,N,F,,C,2014_07_PA0111500_NIBRS,
6621537,16070,8,2014,U,,,N,F,,C,2014_08_PA0111500_NIBRS,
6643987,16070,9,2014,U,,,N,F,,C,2014_09_PA0111500_NIBRS,
6666437,16070,10,2014,U,,,N,F,,C,2014_10_PA0111500_NIBRS,
6688887,16070,11,2014,U,,,N,F,,C,2014_11_PA0111500_NIBRS,
6711337,16070,12,2014,U,,,N,F,,C,2014_12_PA0111500_NIBRS,
6464388,16071,1,2014,U,,,N,F,,C,2014_01_PA0111600_NIBRS,
6486838,16071,2,2014,U,,,N,F,,C,2014_02_PA0111600_NIBRS,
6509288,16071,3,2014,U,,,N,F,,C,2014_03_PA0111600_NIBRS,
6531738,16071,4,2014,U,,,N,F,,C,2014_04_PA0111600_NIBRS,
6554188,16071,5,2014,U,,,N,F,,C,2014_05_PA0111600_NIBRS,
6576638,16071,6,2014,U,,,N,F,,C,2014_06_PA0111600_NIBRS,
6599088,16071,7,2014,U,,,N,F,,C,2014_07_PA0111600_NIBRS,
6621538,16071,8,2014,U,,,N,F,,C,2014_08_PA0111600_NIBRS,
6643988,16071,9,2014,U,,,N,F,,C,2014_09_PA0111600_NIBRS,
6666438,16071,10,2014,U,,,N,F,,C,2014_10_PA0111600_NIBRS,
6688888,16071,11,2014,U,,,N,F,,C,2014_11_PA0111600_NIBRS,
6711338,16071,12,2014,U,,,N,F,,C,2014_12_PA0111600_NIBRS,
6464389,16072,1,2014,U,,,N,F,,C,2014_01_PA0111700_NIBRS,
6486839,16072,2,2014,U,,,N,F,,C,2014_02_PA0111700_NIBRS,
6509289,16072,3,2014,U,,,N,F,,C,2014_03_PA0111700_NIBRS,
6531739,16072,4,2014,U,,,N,F,,C,2014_04_PA0111700_NIBRS,
6554189,16072,5,2014,U,,,N,F,,C,2014_05_PA0111700_NIBRS,
6576639,16072,6,2014,U,,,N,F,,C,2014_06_PA0111700_NIBRS,
6599089,16072,7,2014,U,,,N,F,,C,2014_07_PA0111700_NIBRS,
6621539,16072,8,2014,U,,,N,F,,C,2014_08_PA0111700_NIBRS,
6643989,16072,9,2014,U,,,N,F,,C,2014_09_PA0111700_NIBRS,
6666439,16072,10,2014,U,,,N,F,,C,2014_10_PA0111700_NIBRS,
6688889,16072,11,2014,U,,,N,F,,C,2014_11_PA0111700_NIBRS,
6711339,16072,12,2014,U,,,N,F,,C,2014_12_PA0111700_NIBRS,
6464390,16073,1,2014,U,,,N,F,,C,2014_01_PA0111800_NIBRS,
6486840,16073,2,2014,U,,,N,F,,C,2014_02_PA0111800_NIBRS,
6509290,16073,3,2014,U,,,N,F,,C,2014_03_PA0111800_NIBRS,
6531740,16073,4,2014,U,,,N,F,,C,2014_04_PA0111800_NIBRS,
6554190,16073,5,2014,U,,,N,F,,C,2014_05_PA0111800_NIBRS,
6576640,16073,6,2014,U,,,N,F,,C,2014_06_PA0111800_NIBRS,
6599090,16073,7,2014,U,,,N,F,,C,2014_07_PA0111800_NIBRS,
6621540,16073,8,2014,U,,,N,F,,C,2014_08_PA0111800_NIBRS,
6643990,16073,9,2014,U,,,N,F,,C,2014_09_PA0111800_NIBRS,
6666440,16073,10,2014,U,,,N,F,,C,2014_10_PA0111800_NIBRS,
6688890,16073,11,2014,U,,,N,F,,C,2014_11_PA0111800_NIBRS,
6711340,16073,12,2014,U,,,N,F,,C,2014_12_PA0111800_NIBRS,
6464391,16074,1,2014,U,,,N,F,,C,2014_01_PA0111900_NIBRS,
6486841,16074,2,2014,U,,,N,F,,C,2014_02_PA0111900_NIBRS,
6509291,16074,3,2014,U,,,N,F,,C,2014_03_PA0111900_NIBRS,
6531741,16074,4,2014,U,,,N,F,,C,2014_04_PA0111900_NIBRS,
6554191,16074,5,2014,U,,,N,F,,C,2014_05_PA0111900_NIBRS,
6576641,16074,6,2014,U,,,N,F,,C,2014_06_PA0111900_NIBRS,
6599091,16074,7,2014,U,,,N,F,,C,2014_07_PA0111900_NIBRS,
6621541,16074,8,2014,U,,,N,F,,C,2014_08_PA0111900_NIBRS,
6643991,16074,9,2014,U,,,N,F,,C,2014_09_PA0111900_NIBRS,
6666441,16074,10,2014,U,,,N,F,,C,2014_10_PA0111900_NIBRS,
6688891,16074,11,2014,U,,,N,F,,C,2014_11_PA0111900_NIBRS,
6711341,16074,12,2014,U,,,N,F,,C,2014_12_PA0111900_NIBRS,
6464392,16075,1,2014,U,,,N,F,,C,2014_01_PA0112000_NIBRS,
6486842,16075,2,2014,U,,,N,F,,C,2014_02_PA0112000_NIBRS,
6509292,16075,3,2014,U,,,N,F,,C,2014_03_PA0112000_NIBRS,
6531742,16075,4,2014,U,,,N,F,,C,2014_04_PA0112000_NIBRS,
6554192,16075,5,2014,U,,,N,F,,C,2014_05_PA0112000_NIBRS,
6576642,16075,6,2014,U,,,N,F,,C,2014_06_PA0112000_NIBRS,
6599092,16075,7,2014,U,,,N,F,,C,2014_07_PA0112000_NIBRS,
6621542,16075,8,2014,U,,,N,F,,C,2014_08_PA0112000_NIBRS,
6643992,16075,9,2014,U,,,N,F,,C,2014_09_PA0112000_NIBRS,
6666442,16075,10,2014,U,,,N,F,,C,2014_10_PA0112000_NIBRS,
6688892,16075,11,2014,U,,,N,F,,C,2014_11_PA0112000_NIBRS,
6711342,16075,12,2014,U,,,N,F,,C,2014_12_PA0112000_NIBRS,
6464393,16076,1,2014,U,,,N,F,,C,2014_01_PA0112100_NIBRS,
6486843,16076,2,2014,U,,,N,F,,C,2014_02_PA0112100_NIBRS,
6509293,16076,3,2014,U,,,N,F,,C,2014_03_PA0112100_NIBRS,
6531743,16076,4,2014,U,,,N,F,,C,2014_04_PA0112100_NIBRS,
6554193,16076,5,2014,U,,,N,F,,C,2014_05_PA0112100_NIBRS,
6576643,16076,6,2014,U,,,N,F,,C,2014_06_PA0112100_NIBRS,
6599093,16076,7,2014,U,,,N,F,,C,2014_07_PA0112100_NIBRS,
6621543,16076,8,2014,U,,,N,F,,C,2014_08_PA0112100_NIBRS,
6643993,16076,9,2014,U,,,N,F,,C,2014_09_PA0112100_NIBRS,
6666443,16076,10,2014,U,,,N,F,,C,2014_10_PA0112100_NIBRS,
6688893,16076,11,2014,U,,,N,F,,C,2014_11_PA0112100_NIBRS,
6711343,16076,12,2014,U,,,N,F,,C,2014_12_PA0112100_NIBRS,
6464394,16077,1,2014,U,,,N,F,,C,2014_01_PA0112300_NIBRS,
6486844,16077,2,2014,U,,,N,F,,C,2014_02_PA0112300_NIBRS,
6509294,16077,3,2014,U,,,N,F,,C,2014_03_PA0112300_NIBRS,
6531744,16077,4,2014,U,,,N,F,,C,2014_04_PA0112300_NIBRS,
6554194,16077,5,2014,U,,,N,F,,C,2014_05_PA0112300_NIBRS,
6576644,16077,6,2014,U,,,N,F,,C,2014_06_PA0112300_NIBRS,
6599094,16077,7,2014,U,,,N,F,,C,2014_07_PA0112300_NIBRS,
6621544,16077,8,2014,U,,,N,F,,C,2014_08_PA0112300_NIBRS,
6643994,16077,9,2014,U,,,N,F,,C,2014_09_PA0112300_NIBRS,
6666444,16077,10,2014,U,,,N,F,,C,2014_10_PA0112300_NIBRS,
6688894,16077,11,2014,U,,,N,F,,C,2014_11_PA0112300_NIBRS,
6711344,16077,12,2014,U,,,N,F,,C,2014_12_PA0112300_NIBRS,
6464395,16078,1,2014,U,,,N,F,,C,2014_01_PA0112600_NIBRS,
6486845,16078,2,2014,U,,,N,F,,C,2014_02_PA0112600_NIBRS,
6509295,16078,3,2014,U,,,N,F,,C,2014_03_PA0112600_NIBRS,
6531745,16078,4,2014,U,,,N,F,,C,2014_04_PA0112600_NIBRS,
6554195,16078,5,2014,U,,,N,F,,C,2014_05_PA0112600_NIBRS,
6576645,16078,6,2014,U,,,N,F,,C,2014_06_PA0112600_NIBRS,
6599095,16078,7,2014,U,,,N,F,,C,2014_07_PA0112600_NIBRS,
6621545,16078,8,2014,U,,,N,F,,C,2014_08_PA0112600_NIBRS,
6643995,16078,9,2014,U,,,N,F,,C,2014_09_PA0112600_NIBRS,
6666445,16078,10,2014,U,,,N,F,,C,2014_10_PA0112600_NIBRS,
6688895,16078,11,2014,U,,,N,F,,C,2014_11_PA0112600_NIBRS,
6711345,16078,12,2014,U,,,N,F,,C,2014_12_PA0112600_NIBRS,
6464396,16079,1,2014,U,,,N,F,,C,2014_01_PA0112800_NIBRS,
6486846,16079,2,2014,U,,,N,F,,C,2014_02_PA0112800_NIBRS,
6509296,16079,3,2014,U,,,N,F,,C,2014_03_PA0112800_NIBRS,
6531746,16079,4,2014,U,,,N,F,,C,2014_04_PA0112800_NIBRS,
6554196,16079,5,2014,U,,,N,F,,C,2014_05_PA0112800_NIBRS,
6576646,16079,6,2014,U,,,N,F,,C,2014_06_PA0112800_NIBRS,
6599096,16079,7,2014,U,,,N,F,,C,2014_07_PA0112800_NIBRS,
6621546,16079,8,2014,U,,,N,F,,C,2014_08_PA0112800_NIBRS,
6643996,16079,9,2014,U,,,N,F,,C,2014_09_PA0112800_NIBRS,
6666446,16079,10,2014,U,,,N,F,,C,2014_10_PA0112800_NIBRS,
6688896,16079,11,2014,U,,,N,F,,C,2014_11_PA0112800_NIBRS,
6711346,16079,12,2014,U,,,N,F,,C,2014_12_PA0112800_NIBRS,
6464397,16080,1,2014,U,,,N,F,,C,2014_01_PA0112900_NIBRS,
6486847,16080,2,2014,U,,,N,F,,C,2014_02_PA0112900_NIBRS,
6509297,16080,3,2014,U,,,N,F,,C,2014_03_PA0112900_NIBRS,
6531747,16080,4,2014,U,,,N,F,,C,2014_04_PA0112900_NIBRS,
6554197,16080,5,2014,U,,,N,F,,C,2014_05_PA0112900_NIBRS,
6576647,16080,6,2014,U,,,N,F,,C,2014_06_PA0112900_NIBRS,
6599097,16080,7,2014,U,,,N,F,,C,2014_07_PA0112900_NIBRS,
6621547,16080,8,2014,U,,,N,F,,C,2014_08_PA0112900_NIBRS,
6643997,16080,9,2014,U,,,N,F,,C,2014_09_PA0112900_NIBRS,
6666447,16080,10,2014,U,,,N,F,,C,2014_10_PA0112900_NIBRS,
6688897,16080,11,2014,U,,,N,F,,C,2014_11_PA0112900_NIBRS,
6711347,16080,12,2014,U,,,N,F,,C,2014_12_PA0112900_NIBRS,
6464398,16081,1,2014,U,,,N,F,,C,2014_01_PA0113000_NIBRS,
6486848,16081,2,2014,U,,,N,F,,C,2014_02_PA0113000_NIBRS,
6509298,16081,3,2014,U,,,N,F,,C,2014_03_PA0113000_NIBRS,
6531748,16081,4,2014,U,,,N,F,,C,2014_04_PA0113000_NIBRS,
6554198,16081,5,2014,U,,,N,F,,C,2014_05_PA0113000_NIBRS,
6576648,16081,6,2014,U,,,N,F,,C,2014_06_PA0113000_NIBRS,
6599098,16081,7,2014,U,,,N,F,,C,2014_07_PA0113000_NIBRS,
6621548,16081,8,2014,U,,,N,F,,C,2014_08_PA0113000_NIBRS,
6643998,16081,9,2014,U,,,N,F,,C,2014_09_PA0113000_NIBRS,
6666448,16081,10,2014,U,,,N,F,,C,2014_10_PA0113000_NIBRS,
6688898,16081,11,2014,U,,,N,F,,C,2014_11_PA0113000_NIBRS,
6711348,16081,12,2014,U,,,N,F,,C,2014_12_PA0113000_NIBRS,
6464399,16082,1,2014,U,,,N,F,,C,2014_01_PA0113100_NIBRS,
6486849,16082,2,2014,U,,,N,F,,C,2014_02_PA0113100_NIBRS,
6509299,16082,3,2014,U,,,N,F,,C,2014_03_PA0113100_NIBRS,
6531749,16082,4,2014,U,,,N,F,,C,2014_04_PA0113100_NIBRS,
6554199,16082,5,2014,U,,,N,F,,C,2014_05_PA0113100_NIBRS,
6576649,16082,6,2014,U,,,N,F,,C,2014_06_PA0113100_NIBRS,
6599099,16082,7,2014,U,,,N,F,,C,2014_07_PA0113100_NIBRS,
6621549,16082,8,2014,U,,,N,F,,C,2014_08_PA0113100_NIBRS,
6643999,16082,9,2014,U,,,N,F,,C,2014_09_PA0113100_NIBRS,
6666449,16082,10,2014,U,,,N,F,,C,2014_10_PA0113100_NIBRS,
6688899,16082,11,2014,U,,,N,F,,C,2014_11_PA0113100_NIBRS,
6711349,16082,12,2014,U,,,N,F,,C,2014_12_PA0113100_NIBRS,
6464400,16083,1,2014,U,,,N,F,,C,2014_01_PA0113200_NIBRS,
6486850,16083,2,2014,U,,,N,F,,C,2014_02_PA0113200_NIBRS,
6509300,16083,3,2014,U,,,N,F,,C,2014_03_PA0113200_NIBRS,
6531750,16083,4,2014,U,,,N,F,,C,2014_04_PA0113200_NIBRS,
6554200,16083,5,2014,U,,,N,F,,C,2014_05_PA0113200_NIBRS,
6576650,16083,6,2014,U,,,N,F,,C,2014_06_PA0113200_NIBRS,
6599100,16083,7,2014,U,,,N,F,,C,2014_07_PA0113200_NIBRS,
6621550,16083,8,2014,U,,,N,F,,C,2014_08_PA0113200_NIBRS,
6644000,16083,9,2014,U,,,N,F,,C,2014_09_PA0113200_NIBRS,
6666450,16083,10,2014,U,,,N,F,,C,2014_10_PA0113200_NIBRS,
6688900,16083,11,2014,U,,,N,F,,C,2014_11_PA0113200_NIBRS,
6711350,16083,12,2014,U,,,N,F,,C,2014_12_PA0113200_NIBRS,
6464401,16084,1,2014,U,,,N,F,,C,2014_01_PA0113300_NIBRS,
6486851,16084,2,2014,U,,,N,F,,C,2014_02_PA0113300_NIBRS,
6509301,16084,3,2014,U,,,N,F,,C,2014_03_PA0113300_NIBRS,
6531751,16084,4,2014,U,,,N,F,,C,2014_04_PA0113300_NIBRS,
6554201,16084,5,2014,U,,,N,F,,C,2014_05_PA0113300_NIBRS,
6576651,16084,6,2014,U,,,N,F,,C,2014_06_PA0113300_NIBRS,
6599101,16084,7,2014,U,,,N,F,,C,2014_07_PA0113300_NIBRS,
6621551,16084,8,2014,U,,,N,F,,C,2014_08_PA0113300_NIBRS,
6644001,16084,9,2014,U,,,N,F,,C,2014_09_PA0113300_NIBRS,
6666451,16084,10,2014,U,,,N,F,,C,2014_10_PA0113300_NIBRS,
6688901,16084,11,2014,U,,,N,F,,C,2014_11_PA0113300_NIBRS,
6711351,16084,12,2014,U,,,N,F,,C,2014_12_PA0113300_NIBRS,
6464402,16085,1,2014,U,,,N,F,,C,2014_01_PA0113500_NIBRS,
6486852,16085,2,2014,U,,,N,F,,C,2014_02_PA0113500_NIBRS,
6509302,16085,3,2014,U,,,N,F,,C,2014_03_PA0113500_NIBRS,
6531752,16085,4,2014,U,,,N,F,,C,2014_04_PA0113500_NIBRS,
6554202,16085,5,2014,U,,,N,F,,C,2014_05_PA0113500_NIBRS,
6576652,16085,6,2014,U,,,N,F,,C,2014_06_PA0113500_NIBRS,
6599102,16085,7,2014,U,,,N,F,,C,2014_07_PA0113500_NIBRS,
6621552,16085,8,2014,U,,,N,F,,C,2014_08_PA0113500_NIBRS,
6644002,16085,9,2014,U,,,N,F,,C,2014_09_PA0113500_NIBRS,
6666452,16085,10,2014,U,,,N,F,,C,2014_10_PA0113500_NIBRS,
6688902,16085,11,2014,U,,,N,F,,C,2014_11_PA0113500_NIBRS,
6711352,16085,12,2014,U,,,N,F,,C,2014_12_PA0113500_NIBRS,
6464403,16086,1,2014,U,,,N,F,,C,2014_01_PA0113600_NIBRS,
6486853,16086,2,2014,U,,,N,F,,C,2014_02_PA0113600_NIBRS,
6509303,16086,3,2014,U,,,N,F,,C,2014_03_PA0113600_NIBRS,
6531753,16086,4,2014,U,,,N,F,,C,2014_04_PA0113600_NIBRS,
6554203,16086,5,2014,U,,,N,F,,C,2014_05_PA0113600_NIBRS,
6576653,16086,6,2014,U,,,N,F,,C,2014_06_PA0113600_NIBRS,
6599103,16086,7,2014,U,,,N,F,,C,2014_07_PA0113600_NIBRS,
6621553,16086,8,2014,U,,,N,F,,C,2014_08_PA0113600_NIBRS,
6644003,16086,9,2014,U,,,N,F,,C,2014_09_PA0113600_NIBRS,
6666453,16086,10,2014,U,,,N,F,,C,2014_10_PA0113600_NIBRS,
6688903,16086,11,2014,U,,,N,F,,C,2014_11_PA0113600_NIBRS,
6711353,16086,12,2014,U,,,N,F,,C,2014_12_PA0113600_NIBRS,
6464404,16087,1,2014,U,,,N,F,,C,2014_01_PA0113700_NIBRS,
6486854,16087,2,2014,U,,,N,F,,C,2014_02_PA0113700_NIBRS,
6509304,16087,3,2014,U,,,N,F,,C,2014_03_PA0113700_NIBRS,
6531754,16087,4,2014,U,,,N,F,,C,2014_04_PA0113700_NIBRS,
6554204,16087,5,2014,U,,,N,F,,C,2014_05_PA0113700_NIBRS,
6576654,16087,6,2014,U,,,N,F,,C,2014_06_PA0113700_NIBRS,
6599104,16087,7,2014,U,,,N,F,,C,2014_07_PA0113700_NIBRS,
6621554,16087,8,2014,U,,,N,F,,C,2014_08_PA0113700_NIBRS,
6644004,16087,9,2014,U,,,N,F,,C,2014_09_PA0113700_NIBRS,
6666454,16087,10,2014,U,,,N,F,,C,2014_10_PA0113700_NIBRS,
6688904,16087,11,2014,U,,,N,F,,C,2014_11_PA0113700_NIBRS,
6711354,16087,12,2014,U,,,N,F,,C,2014_12_PA0113700_NIBRS,
6464405,16088,1,2014,U,,,N,F,,C,2014_01_PA0114000_NIBRS,
6486855,16088,2,2014,U,,,N,F,,C,2014_02_PA0114000_NIBRS,
6509305,16088,3,2014,U,,,N,F,,C,2014_03_PA0114000_NIBRS,
6531755,16088,4,2014,U,,,N,F,,C,2014_04_PA0114000_NIBRS,
6554205,16088,5,2014,U,,,N,F,,C,2014_05_PA0114000_NIBRS,
6576655,16088,6,2014,U,,,N,F,,C,2014_06_PA0114000_NIBRS,
6599105,16088,7,2014,U,,,N,F,,C,2014_07_PA0114000_NIBRS,
6621555,16088,8,2014,U,,,N,F,,C,2014_08_PA0114000_NIBRS,
6644005,16088,9,2014,U,,,N,F,,C,2014_09_PA0114000_NIBRS,
6666455,16088,10,2014,U,,,N,F,,C,2014_10_PA0114000_NIBRS,
6688905,16088,11,2014,U,,,N,F,,C,2014_11_PA0114000_NIBRS,
6711355,16088,12,2014,U,,,N,F,,C,2014_12_PA0114000_NIBRS,
6464727,16410,1,2014,U,,,N,F,,C,2014_01_PA0240700_NIBRS,
6487177,16410,2,2014,U,,,N,F,,C,2014_02_PA0240700_NIBRS,
6509627,16410,3,2014,U,,,N,F,,C,2014_03_PA0240700_NIBRS,
6532077,16410,4,2014,U,,,N,F,,C,2014_04_PA0240700_NIBRS,
6554527,16410,5,2014,U,,,N,F,,C,2014_05_PA0240700_NIBRS,
6576977,16410,6,2014,U,,,N,F,,C,2014_06_PA0240700_NIBRS,
6599427,16410,7,2014,U,,,N,F,,C,2014_07_PA0240700_NIBRS,
6621877,16410,8,2014,U,,,N,F,,C,2014_08_PA0240700_NIBRS,
6644327,16410,9,2014,U,,,N,F,,C,2014_09_PA0240700_NIBRS,
6666777,16410,10,2014,U,,,N,F,,C,2014_10_PA0240700_NIBRS,
6689227,16410,11,2014,U,,,N,F,,C,2014_11_PA0240700_NIBRS,
6711677,16410,12,2014,U,,,N,F,,C,2014_12_PA0240700_NIBRS,
6464974,16657,1,2014,U,,,N,F,,C,2014_01_PA0381400_NIBRS,
6487424,16657,2,2014,U,,,N,F,,C,2014_02_PA0381400_NIBRS,
6509874,16657,3,2014,U,,,N,F,,C,2014_03_PA0381400_NIBRS,
6532324,16657,4,2014,U,,,N,F,,C,2014_04_PA0381400_NIBRS,
6554774,16657,5,2014,U,,,N,F,,C,2014_05_PA0381400_NIBRS,
6577224,16657,6,2014,U,,,N,F,,C,2014_06_PA0381400_NIBRS,
6599674,16657,7,2014,U,,,N,F,,C,2014_07_PA0381400_NIBRS,
6622124,16657,8,2014,U,,,N,F,,C,2014_08_PA0381400_NIBRS,
6644574,16657,9,2014,U,,,N,F,,C,2014_09_PA0381400_NIBRS,
6667024,16657,10,2014,U,,,N,F,,C,2014_10_PA0381400_NIBRS,
6689474,16657,11,2014,U,,,N,F,,C,2014_11_PA0381400_NIBRS,
6711924,16657,12,2014,U,,,N,F,,C,2014_12_PA0381400_NIBRS,
6470529,23943,1,2014,U,,,N,F,,C,2014_01_PA0381500_NIBRS,
6492979,23943,2,2014,U,,,N,F,,C,2014_02_PA0381500_NIBRS,
6515429,23943,3,2014,U,,,N,F,,C,2014_03_PA0381500_NIBRS,
6537879,23943,4,2014,U,,,N,F,,C,2014_04_PA0381500_NIBRS,
6560329,23943,5,2014,U,,,N,F,,C,2014_05_PA0381500_NIBRS,
6582779,23943,6,2014,U,,,N,F,,C,2014_06_PA0381500_NIBRS,
6605229,23943,7,2014,U,,,N,F,,C,2014_07_PA0381500_NIBRS,
6627679,23943,8,2014,U,,,N,F,,C,2014_08_PA0381500_NIBRS,
6650129,23943,9,2014,U,,,N,F,,C,2014_09_PA0381500_NIBRS,
6672579,23943,10,2014,U,,,N,F,,C,2014_10_PA0381500_NIBRS,
6695029,23943,11,2014,U,,,N,F,,C,2014_11_PA0381500_NIBRS,
6717479,23943,12,2014,U,,,N,F,,C,2014_12_PA0381500_NIBRS,
6464975,16658,1,2014,U,,,N,F,,C,2014_01_PA0381600_NIBRS,
6487425,16658,2,2014,U,,,N,F,,C,2014_02_PA0381600_NIBRS,
6509875,16658,3,2014,U,,,N,F,,C,2014_03_PA0381600_NIBRS,
6532325,16658,4,2014,U,,,N,F,,C,2014_04_PA0381600_NIBRS,
6554775,16658,5,2014,U,,,N,F,,C,2014_05_PA0381600_NIBRS,
6577225,16658,6,2014,U,,,N,F,,C,2014_06_PA0381600_NIBRS,
6599675,16658,7,2014,U,,,N,F,,C,2014_07_PA0381600_NIBRS,
6622125,16658,8,2014,U,,,N,F,,C,2014_08_PA0381600_NIBRS,
6644575,16658,9,2014,U,,,N,F,,C,2014_09_PA0381600_NIBRS,
6667025,16658,10,2014,U,,,N,F,,C,2014_10_PA0381600_NIBRS,
6689475,16658,11,2014,U,,,N,F,,C,2014_11_PA0381600_NIBRS,
6711925,16658,12,2014,U,,,N,F,,C,2014_12_PA0381600_NIBRS,
6464976,16659,1,2014,U,,,N,F,,C,2014_01_PA0381700_NIBRS,
6487426,16659,2,2014,U,,,N,F,,C,2014_02_PA0381700_NIBRS,
6509876,16659,3,2014,U,,,N,F,,C,2014_03_PA0381700_NIBRS,
6532326,16659,4,2014,U,,,N,F,,C,2014_04_PA0381700_NIBRS,
6554776,16659,5,2014,U,,,N,F,,C,2014_05_PA0381700_NIBRS,
6577226,16659,6,2014,U,,,N,F,,C,2014_06_PA0381700_NIBRS,
6599676,16659,7,2014,U,,,N,F,,C,2014_07_PA0381700_NIBRS,
6622126,16659,8,2014,U,,,N,F,,C,2014_08_PA0381700_NIBRS,
6644576,16659,9,2014,U,,,N,F,,C,2014_09_PA0381700_NIBRS,
6667026,16659,10,2014,U,,,N,F,,C,2014_10_PA0381700_NIBRS,
6689476,16659,11,2014,U,,,N,F,,C,2014_11_PA0381700_NIBRS,
6711926,16659,12,2014,U,,,N,F,,C,2014_12_PA0381700_NIBRS,
6464977,16660,1,2014,U,,,N,F,,C,2014_01_PA0381900_NIBRS,
6487427,16660,2,2014,U,,,N,F,,C,2014_02_PA0381900_NIBRS,
6509877,16660,3,2014,U,,,N,F,,C,2014_03_PA0381900_NIBRS,
6532327,16660,4,2014,U,,,N,F,,C,2014_04_PA0381900_NIBRS,
6554777,16660,5,2014,U,,,N,F,,C,2014_05_PA0381900_NIBRS,
6577227,16660,6,2014,U,,,N,F,,C,2014_06_PA0381900_NIBRS,
6599677,16660,7,2014,U,,,N,F,,C,2014_07_PA0381900_NIBRS,
6622127,16660,8,2014,U,,,N,F,,C,2014_08_PA0381900_NIBRS,
6644577,16660,9,2014,U,,,N,F,,C,2014_09_PA0381900_NIBRS,
6667027,16660,10,2014,U,,,N,F,,C,2014_10_PA0381900_NIBRS,
6689477,16660,11,2014,U,,,N,F,,C,2014_11_PA0381900_NIBRS,
6711927,16660,12,2014,U,,,N,F,,C,2014_12_PA0381900_NIBRS,
6464978,16661,1,2014,U,,,N,F,,C,2014_01_PA0382100_NIBRS,
6487428,16661,2,2014,U,,,N,F,,C,2014_02_PA0382100_NIBRS,
6509878,16661,3,2014,U,,,N,F,,C,2014_03_PA0382100_NIBRS,
6532328,16661,4,2014,U,,,N,F,,C,2014_04_PA0382100_NIBRS,
6554778,16661,5,2014,U,,,N,F,,C,2014_05_PA0382100_NIBRS,
6577228,16661,6,2014,U,,,N,F,,C,2014_06_PA0382100_NIBRS,
6599678,16661,7,2014,U,,,N,F,,C,2014_07_PA0382100_NIBRS,
6622128,16661,8,2014,U,,,N,F,,C,2014_08_PA0382100_NIBRS,
6644578,16661,9,2014,U,,,N,F,,C,2014_09_PA0382100_NIBRS,
6667028,16661,10,2014,U,,,N,F,,C,2014_10_PA0382100_NIBRS,
6689478,16661,11,2014,U,,,N,F,,C,2014_11_PA0382100_NIBRS,
6711928,16661,12,2014,U,,,N,F,,C,2014_12_PA0382100_NIBRS,
6464979,16662,1,2014,U,,,N,F,,C,2014_01_PA0382200_NIBRS,
6487429,16662,2,2014,U,,,N,F,,C,2014_02_PA0382200_NIBRS,
6509879,16662,3,2014,U,,,N,F,,C,2014_03_PA0382200_NIBRS,
6532329,16662,4,2014,U,,,N,F,,C,2014_04_PA0382200_NIBRS,
6554779,16662,5,2014,U,,,N,F,,C,2014_05_PA0382200_NIBRS,
6577229,16662,6,2014,U,,,N,F,,C,2014_06_PA0382200_NIBRS,
6599679,16662,7,2014,U,,,N,F,,C,2014_07_PA0382200_NIBRS,
6622129,16662,8,2014,U,,,N,F,,C,2014_08_PA0382200_NIBRS,
6644579,16662,9,2014,U,,,N,F,,C,2014_09_PA0382200_NIBRS,
6667029,16662,10,2014,U,,,N,F,,C,2014_10_PA0382200_NIBRS,
6689479,16662,11,2014,U,,,N,F,,C,2014_11_PA0382200_NIBRS,
6711929,16662,12,2014,U,,,N,F,,C,2014_12_PA0382200_NIBRS,
6464980,16663,1,2014,U,,,N,F,,C,2014_01_PA0382300_NIBRS,
6487430,16663,2,2014,U,,,N,F,,C,2014_02_PA0382300_NIBRS,
6509880,16663,3,2014,U,,,N,F,,C,2014_03_PA0382300_NIBRS,
6532330,16663,4,2014,U,,,N,F,,C,2014_04_PA0382300_NIBRS,
6554780,16663,5,2014,U,,,N,F,,C,2014_05_PA0382300_NIBRS,
6577230,16663,6,2014,U,,,N,F,,C,2014_06_PA0382300_NIBRS,
6599680,16663,7,2014,U,,,N,F,,C,2014_07_PA0382300_NIBRS,
6622130,16663,8,2014,U,,,N,F,,C,2014_08_PA0382300_NIBRS,
6644580,16663,9,2014,U,,,N,F,,C,2014_09_PA0382300_NIBRS,
6667030,16663,10,2014,U,,,N,F,,C,2014_10_PA0382300_NIBRS,
6689480,16663,11,2014,U,,,N,F,,C,2014_11_PA0382300_NIBRS,
6711930,16663,12,2014,U,,,N,F,,C,2014_12_PA0382300_NIBRS,
6464981,16664,1,2014,U,,,N,F,,C,2014_01_PA0382400_NIBRS,
6487431,16664,2,2014,U,,,N,F,,C,2014_02_PA0382400_NIBRS,
6509881,16664,3,2014,U,,,N,F,,C,2014_03_PA0382400_NIBRS,
6532331,16664,4,2014,U,,,N,F,,C,2014_04_PA0382400_NIBRS,
6554781,16664,5,2014,U,,,N,F,,C,2014_05_PA0382400_NIBRS,
6577231,16664,6,2014,U,,,N,F,,C,2014_06_PA0382400_NIBRS,
6599681,16664,7,2014,U,,,N,F,,C,2014_07_PA0382400_NIBRS,
6622131,16664,8,2014,U,,,N,F,,C,2014_08_PA0382400_NIBRS,
6644581,16664,9,2014,U,,,N,F,,C,2014_09_PA0382400_NIBRS,
6667031,16664,10,2014,U,,,N,F,,C,2014_10_PA0382400_NIBRS,
6689481,16664,11,2014,U,,,N,F,,C,2014_11_PA0382400_NIBRS,
6711931,16664,12,2014,U,,,N,F,,C,2014_12_PA0382400_NIBRS,
6464982,16665,1,2014,U,,,N,F,,C,2014_01_PA0382500_NIBRS,
6487432,16665,2,2014,U,,,N,F,,C,2014_02_PA0382500_NIBRS,
6509882,16665,3,2014,U,,,N,F,,C,2014_03_PA0382500_NIBRS,
6532332,16665,4,2014,U,,,N,F,,C,2014_04_PA0382500_NIBRS,
6554782,16665,5,2014,U,,,N,F,,C,2014_05_PA0382500_NIBRS,
6577232,16665,6,2014,U,,,N,F,,C,2014_06_PA0382500_NIBRS,
6599682,16665,7,2014,U,,,N,F,,C,2014_07_PA0382500_NIBRS,
6622132,16665,8,2014,U,,,N,F,,C,2014_08_PA0382500_NIBRS,
6644582,16665,9,2014,U,,,N,F,,C,2014_09_PA0382500_NIBRS,
6667032,16665,10,2014,U,,,N,F,,C,2014_10_PA0382500_NIBRS,
6689482,16665,11,2014,U,,,N,F,,C,2014_11_PA0382500_NIBRS,
6711932,16665,12,2014,U,,,N,F,,C,2014_12_PA0382500_NIBRS,
6464983,16666,1,2014,U,,,N,F,,C,2014_01_PA038BF00_NIBRS,
6487433,16666,2,2014,U,,,N,F,,C,2014_02_PA038BF00_NIBRS,
6509883,16666,3,2014,U,,,N,F,,C,2014_03_PA038BF00_NIBRS,
6532333,16666,4,2014,U,,,N,F,,C,2014_04_PA038BF00_NIBRS,
6554783,16666,5,2014,U,,,N,F,,C,2014_05_PA038BF00_NIBRS,
6577233,16666,6,2014,U,,,N,F,,C,2014_06_PA038BF00_NIBRS,
6599683,16666,7,2014,U,,,N,F,,C,2014_07_PA038BF00_NIBRS,
6622133,16666,8,2014,U,,,N,F,,C,2014_08_PA038BF00_NIBRS,
6644583,16666,9,2014,U,,,N,F,,C,2014_09_PA038BF00_NIBRS,
6667033,16666,10,2014,U,,,N,F,,C,2014_10_PA038BF00_NIBRS,
6689483,16666,11,2014,U,,,N,F,,C,2014_11_PA038BF00_NIBRS,
6711933,16666,12,2014,U,,,N,F,,C,2014_12_PA038BF00_NIBRS,
6464984,16667,1,2014,U,,,N,F,,C,2014_01_PA038DE00_NIBRS,
6487434,16667,2,2014,U,,,N,F,,C,2014_02_PA038DE00_NIBRS,
6509884,16667,3,2014,U,,,N,F,,C,2014_03_PA038DE00_NIBRS,
6532334,16667,4,2014,U,,,N,F,,C,2014_04_PA038DE00_NIBRS,
6554784,16667,5,2014,U,,,N,F,,C,2014_05_PA038DE00_NIBRS,
6577234,16667,6,2014,U,,,N,F,,C,2014_06_PA038DE00_NIBRS,
6599684,16667,7,2014,U,,,N,F,,C,2014_07_PA038DE00_NIBRS,
6622134,16667,8,2014,U,,,N,F,,C,2014_08_PA038DE00_NIBRS,
6644584,16667,9,2014,U,,,N,F,,C,2014_09_PA038DE00_NIBRS,
6667034,16667,10,2014,U,,,N,F,,C,2014_10_PA038DE00_NIBRS,
6689484,16667,11,2014,U,,,N,F,,C,2014_11_PA038DE00_NIBRS,
6711934,16667,12,2014,U,,,N,F,,C,2014_12_PA038DE00_NIBRS,
6464985,16668,1,2014,U,,,N,F,,C,2014_01_PA038SP00_NIBRS,
6487435,16668,2,2014,U,,,N,F,,C,2014_02_PA038SP00_NIBRS,
6509885,16668,3,2014,U,,,N,F,,C,2014_03_PA038SP00_NIBRS,
6532335,16668,4,2014,U,,,N,F,,C,2014_04_PA038SP00_NIBRS,
6554785,16668,5,2014,U,,,N,F,,C,2014_05_PA038SP00_NIBRS,
6577235,16668,6,2014,U,,,N,F,,C,2014_06_PA038SP00_NIBRS,
6599685,16668,7,2014,U,,,N,F,,C,2014_07_PA038SP00_NIBRS,
6622135,16668,8,2014,U,,,N,F,,C,2014_08_PA038SP00_NIBRS,
6644585,16668,9,2014,U,,,N,F,,C,2014_09_PA038SP00_NIBRS,
6667035,16668,10,2014,U,,,N,F,,C,2014_10_PA038SP00_NIBRS,
6689485,16668,11,2014,U,,,N,F,,C,2014_11_PA038SP00_NIBRS,
6711935,16668,12,2014,U,,,N,F,,C,2014_12_PA038SP00_NIBRS,
6464986,16669,1,2014,U,,,N,F,,C,2014_01_PA0390000_NIBRS,
6487436,16669,2,2014,U,,,N,F,,C,2014_02_PA0390000_NIBRS,
6509886,16669,3,2014,U,,,N,F,,C,2014_03_PA0390000_NIBRS,
6532336,16669,4,2014,U,,,N,F,,C,2014_04_PA0390000_NIBRS,
6554786,16669,5,2014,U,,,N,F,,C,2014_05_PA0390000_NIBRS,
6577236,16669,6,2014,U,,,N,F,,C,2014_06_PA0390000_NIBRS,
6599686,16669,7,2014,U,,,N,F,,C,2014_07_PA0390000_NIBRS,
6622136,16669,8,2014,U,,,N,F,,C,2014_08_PA0390000_NIBRS,
6644586,16669,9,2014,U,,,N,F,,C,2014_09_PA0390000_NIBRS,
6667036,16669,10,2014,U,,,N,F,,C,2014_10_PA0390000_NIBRS,
6689486,16669,11,2014,U,,,N,F,,C,2014_11_PA0390000_NIBRS,
6711936,16669,12,2014,U,,,N,F,,C,2014_12_PA0390000_NIBRS,
6464987,16670,1,2014,U,,,N,F,,C,2014_01_PA0390100_NIBRS,
6487437,16670,2,2014,U,,,N,F,,C,2014_02_PA0390100_NIBRS,
6509887,16670,3,2014,U,,,N,F,,C,2014_03_PA0390100_NIBRS,
6532337,16670,4,2014,U,,,N,F,,C,2014_04_PA0390100_NIBRS,
6554787,16670,5,2014,U,,,N,F,,C,2014_05_PA0390100_NIBRS,
6577237,16670,6,2014,U,,,N,F,,C,2014_06_PA0390100_NIBRS,
6599687,16670,7,2014,U,,,N,F,,C,2014_07_PA0390100_NIBRS,
6622137,16670,8,2014,U,,,N,F,,C,2014_08_PA0390100_NIBRS,
6644587,16670,9,2014,U,,,N,F,,C,2014_09_PA0390100_NIBRS,
6667037,16670,10,2014,U,,,N,F,,C,2014_10_PA0390100_NIBRS,
6689487,16670,11,2014,U,,,N,F,,C,2014_11_PA0390100_NIBRS,
6711937,16670,12,2014,U,,,N,F,,C,2014_12_PA0390100_NIBRS,
6464988,16671,1,2014,U,,,N,F,,C,2014_01_PA0390200_NIBRS,
6487438,16671,2,2014,U,,,N,F,,C,2014_02_PA0390200_NIBRS,
6509888,16671,3,2014,U,,,N,F,,C,2014_03_PA0390200_NIBRS,
6532338,16671,4,2014,U,,,N,F,,C,2014_04_PA0390200_NIBRS,
6554788,16671,5,2014,U,,,N,F,,C,2014_05_PA0390200_NIBRS,
6577238,16671,6,2014,U,,,N,F,,C,2014_06_PA0390200_NIBRS,
6599688,16671,7,2014,U,,,N,F,,C,2014_07_PA0390200_NIBRS,
6622138,16671,8,2014,U,,,N,F,,C,2014_08_PA0390200_NIBRS,
6644588,16671,9,2014,U,,,N,F,,C,2014_09_PA0390200_NIBRS,
6667038,16671,10,2014,U,,,N,F,,C,2014_10_PA0390200_NIBRS,
6689488,16671,11,2014,U,,,N,F,,C,2014_11_PA0390200_NIBRS,
6711938,16671,12,2014,U,,,N,F,,C,2014_12_PA0390200_NIBRS,
6464989,16672,1,2014,U,,,N,F,,C,2014_01_PA0390300_NIBRS,
6487439,16672,2,2014,U,,,N,F,,C,2014_02_PA0390300_NIBRS,
6509889,16672,3,2014,U,,,N,F,,C,2014_03_PA0390300_NIBRS,
6532339,16672,4,2014,U,,,N,F,,C,2014_04_PA0390300_NIBRS,
6554789,16672,5,2014,U,,,N,F,,C,2014_05_PA0390300_NIBRS,
6577239,16672,6,2014,U,,,N,F,,C,2014_06_PA0390300_NIBRS,
6599689,16672,7,2014,U,,,N,F,,C,2014_07_PA0390300_NIBRS,
6622139,16672,8,2014,U,,,N,F,,C,2014_08_PA0390300_NIBRS,
6644589,16672,9,2014,U,,,N,F,,C,2014_09_PA0390300_NIBRS,
6667039,16672,10,2014,U,,,N,F,,C,2014_10_PA0390300_NIBRS,
6689489,16672,11,2014,U,,,N,F,,C,2014_11_PA0390300_NIBRS,
6711939,16672,12,2014,U,,,N,F,,C,2014_12_PA0390300_NIBRS,
6464990,16673,1,2014,U,,,N,F,,C,2014_01_PA0390400_NIBRS,
6487440,16673,2,2014,U,,,N,F,,C,2014_02_PA0390400_NIBRS,
6509890,16673,3,2014,U,,,N,F,,C,2014_03_PA0390400_NIBRS,
6532340,16673,4,2014,U,,,N,F,,C,2014_04_PA0390400_NIBRS,
6554790,16673,5,2014,U,,,N,F,,C,2014_05_PA0390400_NIBRS,
6577240,16673,6,2014,U,,,N,F,,C,2014_06_PA0390400_NIBRS,
6599690,16673,7,2014,U,,,N,F,,C,2014_07_PA0390400_NIBRS,
6622140,16673,8,2014,U,,,N,F,,C,2014_08_PA0390400_NIBRS,
6644590,16673,9,2014,U,,,N,F,,C,2014_09_PA0390400_NIBRS,
6667040,16673,10,2014,U,,,N,F,,C,2014_10_PA0390400_NIBRS,
6689490,16673,11,2014,U,,,N,F,,C,2014_11_PA0390400_NIBRS,
6711940,16673,12,2014,U,,,N,F,,C,2014_12_PA0390400_NIBRS,
6464991,16674,1,2014,U,,,N,F,,C,2014_01_PA0390500_NIBRS,
6487441,16674,2,2014,U,,,N,F,,C,2014_02_PA0390500_NIBRS,
6509891,16674,3,2014,U,,,N,F,,C,2014_03_PA0390500_NIBRS,
6532341,16674,4,2014,U,,,N,F,,C,2014_04_PA0390500_NIBRS,
6554791,16674,5,2014,U,,,N,F,,C,2014_05_PA0390500_NIBRS,
6577241,16674,6,2014,U,,,N,F,,C,2014_06_PA0390500_NIBRS,
6599691,16674,7,2014,U,,,N,F,,C,2014_07_PA0390500_NIBRS,
6622141,16674,8,2014,U,,,N,F,,C,2014_08_PA0390500_NIBRS,
6644591,16674,9,2014,U,,,N,F,,C,2014_09_PA0390500_NIBRS,
6667041,16674,10,2014,U,,,N,F,,C,2014_10_PA0390500_NIBRS,
6689491,16674,11,2014,U,,,N,F,,C,2014_11_PA0390500_NIBRS,
6711941,16674,12,2014,U,,,N,F,,C,2014_12_PA0390500_NIBRS,
6464992,16675,1,2014,U,,,N,F,,C,2014_01_PA0390600_NIBRS,
6487442,16675,2,2014,U,,,N,F,,C,2014_02_PA0390600_NIBRS,
6509892,16675,3,2014,U,,,N,F,,C,2014_03_PA0390600_NIBRS,
6532342,16675,4,2014,U,,,N,F,,C,2014_04_PA0390600_NIBRS,
6554792,16675,5,2014,U,,,N,F,,C,2014_05_PA0390600_NIBRS,
6577242,16675,6,2014,U,,,N,F,,C,2014_06_PA0390600_NIBRS,
6599692,16675,7,2014,U,,,N,F,,C,2014_07_PA0390600_NIBRS,
6622142,16675,8,2014,U,,,N,F,,C,2014_08_PA0390600_NIBRS,
6644592,16675,9,2014,U,,,N,F,,C,2014_09_PA0390600_NIBRS,
6667042,16675,10,2014,U,,,N,F,,C,2014_10_PA0390600_NIBRS,
6689492,16675,11,2014,U,,,N,F,,C,2014_11_PA0390600_NIBRS,
6711942,16675,12,2014,U,,,N,F,,C,2014_12_PA0390600_NIBRS,
6464993,16676,1,2014,U,,,N,F,,C,2014_01_PA0390700_NIBRS,
6487443,16676,2,2014,U,,,N,F,,C,2014_02_PA0390700_NIBRS,
6509893,16676,3,2014,U,,,N,F,,C,2014_03_PA0390700_NIBRS,
6532343,16676,4,2014,U,,,N,F,,C,2014_04_PA0390700_NIBRS,
6554793,16676,5,2014,U,,,N,F,,C,2014_05_PA0390700_NIBRS,
6577243,16676,6,2014,U,,,N,F,,C,2014_06_PA0390700_NIBRS,
6599693,16676,7,2014,U,,,N,F,,C,2014_07_PA0390700_NIBRS,
6622143,16676,8,2014,U,,,N,F,,C,2014_08_PA0390700_NIBRS,
6644593,16676,9,2014,U,,,N,F,,C,2014_09_PA0390700_NIBRS,
6667043,16676,10,2014,U,,,N,F,,C,2014_10_PA0390700_NIBRS,
6689493,16676,11,2014,U,,,N,F,,C,2014_11_PA0390700_NIBRS,
6711943,16676,12,2014,U,,,N,F,,C,2014_12_PA0390700_NIBRS,
6464994,16677,1,2014,U,,,N,F,,C,2014_01_PA0390800_NIBRS,
6487444,16677,2,2014,U,,,N,F,,C,2014_02_PA0390800_NIBRS,
6509894,16677,3,2014,U,,,N,F,,C,2014_03_PA0390800_NIBRS,
6532344,16677,4,2014,U,,,N,F,,C,2014_04_PA0390800_NIBRS,
6554794,16677,5,2014,U,,,N,F,,C,2014_05_PA0390800_NIBRS,
6577244,16677,6,2014,U,,,N,F,,C,2014_06_PA0390800_NIBRS,
6599694,16677,7,2014,U,,,N,F,,C,2014_07_PA0390800_NIBRS,
6622144,16677,8,2014,U,,,N,F,,C,2014_08_PA0390800_NIBRS,
6644594,16677,9,2014,U,,,N,F,,C,2014_09_PA0390800_NIBRS,
6667044,16677,10,2014,U,,,N,F,,C,2014_10_PA0390800_NIBRS,
6689494,16677,11,2014,U,,,N,F,,C,2014_11_PA0390800_NIBRS,
6711944,16677,12,2014,U,,,N,F,,C,2014_12_PA0390800_NIBRS,
6464995,16678,1,2014,U,,,N,F,,C,2014_01_PA0390900_NIBRS,
6487445,16678,2,2014,U,,,N,F,,C,2014_02_PA0390900_NIBRS,
6509895,16678,3,2014,U,,,N,F,,C,2014_03_PA0390900_NIBRS,
6532345,16678,4,2014,U,,,N,F,,C,2014_04_PA0390900_NIBRS,
6554795,16678,5,2014,U,,,N,F,,C,2014_05_PA0390900_NIBRS,
6577245,16678,6,2014,U,,,N,F,,C,2014_06_PA0390900_NIBRS,
6599695,16678,7,2014,U,,,N,F,,C,2014_07_PA0390900_NIBRS,
6622145,16678,8,2014,U,,,N,F,,C,2014_08_PA0390900_NIBRS,
6644595,16678,9,2014,U,,,N,F,,C,2014_09_PA0390900_NIBRS,
6667045,16678,10,2014,U,,,N,F,,C,2014_10_PA0390900_NIBRS,
6689495,16678,11,2014,U,,,N,F,,C,2014_11_PA0390900_NIBRS,
6711945,16678,12,2014,U,,,N,F,,C,2014_12_PA0390900_NIBRS,
6464996,16679,1,2014,U,,,N,F,,C,2014_01_PA0391000_NIBRS,
6487446,16679,2,2014,U,,,N,F,,C,2014_02_PA0391000_NIBRS,
6509896,16679,3,2014,U,,,N,F,,C,2014_03_PA0391000_NIBRS,
6532346,16679,4,2014,U,,,N,F,,C,2014_04_PA0391000_NIBRS,
6554796,16679,5,2014,U,,,N,F,,C,2014_05_PA0391000_NIBRS,
6577246,16679,6,2014,U,,,N,F,,C,2014_06_PA0391000_NIBRS,
6599696,16679,7,2014,U,,,N,F,,C,2014_07_PA0391000_NIBRS,
6622146,16679,8,2014,U,,,N,F,,C,2014_08_PA0391000_NIBRS,
6644596,16679,9,2014,U,,,N,F,,C,2014_09_PA0391000_NIBRS,
6667046,16679,10,2014,U,,,N,F,,C,2014_10_PA0391000_NIBRS,
6689496,16679,11,2014,U,,,N,F,,C,2014_11_PA0391000_NIBRS,
6711946,16679,12,2014,U,,,N,F,,C,2014_12_PA0391000_NIBRS,
6464406,16089,1,2014,U,,,N,F,,C,2014_01_PA0114200_NIBRS,
6486856,16089,2,2014,U,,,N,F,,C,2014_02_PA0114200_NIBRS,
6509306,16089,3,2014,U,,,N,F,,C,2014_03_PA0114200_NIBRS,
6531756,16089,4,2014,U,,,N,F,,C,2014_04_PA0114200_NIBRS,
6554206,16089,5,2014,U,,,N,F,,C,2014_05_PA0114200_NIBRS,
6576656,16089,6,2014,U,,,N,F,,C,2014_06_PA0114200_NIBRS,
6599106,16089,7,2014,U,,,N,F,,C,2014_07_PA0114200_NIBRS,
6621556,16089,8,2014,U,,,N,F,,C,2014_08_PA0114200_NIBRS,
6644006,16089,9,2014,U,,,N,F,,C,2014_09_PA0114200_NIBRS,
6666456,16089,10,2014,U,,,N,F,,C,2014_10_PA0114200_NIBRS,
6688906,16089,11,2014,U,,,N,F,,C,2014_11_PA0114200_NIBRS,
6711356,16089,12,2014,U,,,N,F,,C,2014_12_PA0114200_NIBRS,
6464407,16090,1,2014,U,,,N,F,,C,2014_01_PA0114300_NIBRS,
6486857,16090,2,2014,U,,,N,F,,C,2014_02_PA0114300_NIBRS,
6509307,16090,3,2014,U,,,N,F,,C,2014_03_PA0114300_NIBRS,
6531757,16090,4,2014,U,,,N,F,,C,2014_04_PA0114300_NIBRS,
6554207,16090,5,2014,U,,,N,F,,C,2014_05_PA0114300_NIBRS,
6576657,16090,6,2014,U,,,N,F,,C,2014_06_PA0114300_NIBRS,
6599107,16090,7,2014,U,,,N,F,,C,2014_07_PA0114300_NIBRS,
6621557,16090,8,2014,U,,,N,F,,C,2014_08_PA0114300_NIBRS,
6644007,16090,9,2014,U,,,N,F,,C,2014_09_PA0114300_NIBRS,
6666457,16090,10,2014,U,,,N,F,,C,2014_10_PA0114300_NIBRS,
6688907,16090,11,2014,U,,,N,F,,C,2014_11_PA0114300_NIBRS,
6711357,16090,12,2014,U,,,N,F,,C,2014_12_PA0114300_NIBRS,
6464408,16091,1,2014,U,,,N,F,,C,2014_01_PA0114400_NIBRS,
6486858,16091,2,2014,U,,,N,F,,C,2014_02_PA0114400_NIBRS,
6509308,16091,3,2014,U,,,N,F,,C,2014_03_PA0114400_NIBRS,
6531758,16091,4,2014,U,,,N,F,,C,2014_04_PA0114400_NIBRS,
6554208,16091,5,2014,U,,,N,F,,C,2014_05_PA0114400_NIBRS,
6576658,16091,6,2014,U,,,N,F,,C,2014_06_PA0114400_NIBRS,
6599108,16091,7,2014,U,,,N,F,,C,2014_07_PA0114400_NIBRS,
6621558,16091,8,2014,U,,,N,F,,C,2014_08_PA0114400_NIBRS,
6644008,16091,9,2014,U,,,N,F,,C,2014_09_PA0114400_NIBRS,
6666458,16091,10,2014,U,,,N,F,,C,2014_10_PA0114400_NIBRS,
6688908,16091,11,2014,U,,,N,F,,C,2014_11_PA0114400_NIBRS,
6711358,16091,12,2014,U,,,N,F,,C,2014_12_PA0114400_NIBRS,
6464409,16092,1,2014,U,,,N,F,,C,2014_01_PA0114800_NIBRS,
6486859,16092,2,2014,U,,,N,F,,C,2014_02_PA0114800_NIBRS,
6509309,16092,3,2014,U,,,N,F,,C,2014_03_PA0114800_NIBRS,
6531759,16092,4,2014,U,,,N,F,,C,2014_04_PA0114800_NIBRS,
6554209,16092,5,2014,U,,,N,F,,C,2014_05_PA0114800_NIBRS,
6576659,16092,6,2014,U,,,N,F,,C,2014_06_PA0114800_NIBRS,
6599109,16092,7,2014,U,,,N,F,,C,2014_07_PA0114800_NIBRS,
6621559,16092,8,2014,U,,,N,F,,C,2014_08_PA0114800_NIBRS,
6644009,16092,9,2014,U,,,N,F,,C,2014_09_PA0114800_NIBRS,
6666459,16092,10,2014,U,,,N,F,,C,2014_10_PA0114800_NIBRS,
6688909,16092,11,2014,U,,,N,F,,C,2014_11_PA0114800_NIBRS,
6711359,16092,12,2014,U,,,N,F,,C,2014_12_PA0114800_NIBRS,
6464410,16093,1,2014,U,,,N,F,,C,2014_01_PA0114900_NIBRS,
6486860,16093,2,2014,U,,,N,F,,C,2014_02_PA0114900_NIBRS,
6509310,16093,3,2014,U,,,N,F,,C,2014_03_PA0114900_NIBRS,
6531760,16093,4,2014,U,,,N,F,,C,2014_04_PA0114900_NIBRS,
6554210,16093,5,2014,U,,,N,F,,C,2014_05_PA0114900_NIBRS,
6576660,16093,6,2014,U,,,N,F,,C,2014_06_PA0114900_NIBRS,
6599110,16093,7,2014,U,,,N,F,,C,2014_07_PA0114900_NIBRS,
6621560,16093,8,2014,U,,,N,F,,C,2014_08_PA0114900_NIBRS,
6644010,16093,9,2014,U,,,N,F,,C,2014_09_PA0114900_NIBRS,
6666460,16093,10,2014,U,,,N,F,,C,2014_10_PA0114900_NIBRS,
6688910,16093,11,2014,U,,,N,F,,C,2014_11_PA0114900_NIBRS,
6711360,16093,12,2014,U,,,N,F,,C,2014_12_PA0114900_NIBRS,
6464411,16094,1,2014,U,,,N,F,,C,2014_01_PA0115000_NIBRS,
6486861,16094,2,2014,U,,,N,F,,C,2014_02_PA0115000_NIBRS,
6509311,16094,3,2014,U,,,N,F,,C,2014_03_PA0115000_NIBRS,
6531761,16094,4,2014,U,,,N,F,,C,2014_04_PA0115000_NIBRS,
6554211,16094,5,2014,U,,,N,F,,C,2014_05_PA0115000_NIBRS,
6576661,16094,6,2014,U,,,N,F,,C,2014_06_PA0115000_NIBRS,
6599111,16094,7,2014,U,,,N,F,,C,2014_07_PA0115000_NIBRS,
6621561,16094,8,2014,U,,,N,F,,C,2014_08_PA0115000_NIBRS,
6644011,16094,9,2014,U,,,N,F,,C,2014_09_PA0115000_NIBRS,
6666461,16094,10,2014,U,,,N,F,,C,2014_10_PA0115000_NIBRS,
6688911,16094,11,2014,U,,,N,F,,C,2014_11_PA0115000_NIBRS,
6711361,16094,12,2014,U,,,N,F,,C,2014_12_PA0115000_NIBRS,
6464412,16095,1,2014,U,,,N,F,,C,2014_01_PA0115200_NIBRS,
6486862,16095,2,2014,U,,,N,F,,C,2014_02_PA0115200_NIBRS,
6509312,16095,3,2014,U,,,N,F,,C,2014_03_PA0115200_NIBRS,
6531762,16095,4,2014,U,,,N,F,,C,2014_04_PA0115200_NIBRS,
6554212,16095,5,2014,U,,,N,F,,C,2014_05_PA0115200_NIBRS,
6576662,16095,6,2014,U,,,N,F,,C,2014_06_PA0115200_NIBRS,
6599112,16095,7,2014,U,,,N,F,,C,2014_07_PA0115200_NIBRS,
6621562,16095,8,2014,U,,,N,F,,C,2014_08_PA0115200_NIBRS,
6644012,16095,9,2014,U,,,N,F,,C,2014_09_PA0115200_NIBRS,
6666462,16095,10,2014,U,,,N,F,,C,2014_10_PA0115200_NIBRS,
6688912,16095,11,2014,U,,,N,F,,C,2014_11_PA0115200_NIBRS,
6711362,16095,12,2014,U,,,N,F,,C,2014_12_PA0115200_NIBRS,
6464413,16096,1,2014,U,,,N,F,,C,2014_01_PA0115300_NIBRS,
6486863,16096,2,2014,U,,,N,F,,C,2014_02_PA0115300_NIBRS,
6509313,16096,3,2014,U,,,N,F,,C,2014_03_PA0115300_NIBRS,
6531763,16096,4,2014,U,,,N,F,,C,2014_04_PA0115300_NIBRS,
6554213,16096,5,2014,U,,,N,F,,C,2014_05_PA0115300_NIBRS,
6576663,16096,6,2014,U,,,N,F,,C,2014_06_PA0115300_NIBRS,
6599113,16096,7,2014,U,,,N,F,,C,2014_07_PA0115300_NIBRS,
6621563,16096,8,2014,U,,,N,F,,C,2014_08_PA0115300_NIBRS,
6644013,16096,9,2014,U,,,N,F,,C,2014_09_PA0115300_NIBRS,
6666463,16096,10,2014,U,,,N,F,,C,2014_10_PA0115300_NIBRS,
6688913,16096,11,2014,U,,,N,F,,C,2014_11_PA0115300_NIBRS,
6711363,16096,12,2014,U,,,N,F,,C,2014_12_PA0115300_NIBRS,
6464414,16097,1,2014,U,,,N,F,,C,2014_01_PA0115400_NIBRS,
6486864,16097,2,2014,U,,,N,F,,C,2014_02_PA0115400_NIBRS,
6509314,16097,3,2014,U,,,N,F,,C,2014_03_PA0115400_NIBRS,
6531764,16097,4,2014,U,,,N,F,,C,2014_04_PA0115400_NIBRS,
6554214,16097,5,2014,U,,,N,F,,C,2014_05_PA0115400_NIBRS,
6576664,16097,6,2014,U,,,N,F,,C,2014_06_PA0115400_NIBRS,
6599114,16097,7,2014,U,,,N,F,,C,2014_07_PA0115400_NIBRS,
6621564,16097,8,2014,U,,,N,F,,C,2014_08_PA0115400_NIBRS,
6644014,16097,9,2014,U,,,N,F,,C,2014_09_PA0115400_NIBRS,
6666464,16097,10,2014,U,,,N,F,,C,2014_10_PA0115400_NIBRS,
6688914,16097,11,2014,U,,,N,F,,C,2014_11_PA0115400_NIBRS,
6711364,16097,12,2014,U,,,N,F,,C,2014_12_PA0115400_NIBRS,
6464415,16098,1,2014,U,,,N,F,,C,2014_01_PA0115500_NIBRS,
6486865,16098,2,2014,U,,,N,F,,C,2014_02_PA0115500_NIBRS,
6509315,16098,3,2014,U,,,N,F,,C,2014_03_PA0115500_NIBRS,
6531765,16098,4,2014,U,,,N,F,,C,2014_04_PA0115500_NIBRS,
6554215,16098,5,2014,U,,,N,F,,C,2014_05_PA0115500_NIBRS,
6576665,16098,6,2014,U,,,N,F,,C,2014_06_PA0115500_NIBRS,
6599115,16098,7,2014,U,,,N,F,,C,2014_07_PA0115500_NIBRS,
6621565,16098,8,2014,U,,,N,F,,C,2014_08_PA0115500_NIBRS,
6644015,16098,9,2014,U,,,N,F,,C,2014_09_PA0115500_NIBRS,
6666465,16098,10,2014,U,,,N,F,,C,2014_10_PA0115500_NIBRS,
6688915,16098,11,2014,U,,,N,F,,C,2014_11_PA0115500_NIBRS,
6711365,16098,12,2014,U,,,N,F,,C,2014_12_PA0115500_NIBRS,
6464416,16099,1,2014,U,,,N,F,,C,2014_01_PA0115600_NIBRS,
6486866,16099,2,2014,U,,,N,F,,C,2014_02_PA0115600_NIBRS,
6509316,16099,3,2014,U,,,N,F,,C,2014_03_PA0115600_NIBRS,
6531766,16099,4,2014,U,,,N,F,,C,2014_04_PA0115600_NIBRS,
6554216,16099,5,2014,U,,,N,F,,C,2014_05_PA0115600_NIBRS,
6576666,16099,6,2014,U,,,N,F,,C,2014_06_PA0115600_NIBRS,
6599116,16099,7,2014,U,,,N,F,,C,2014_07_PA0115600_NIBRS,
6621566,16099,8,2014,U,,,N,F,,C,2014_08_PA0115600_NIBRS,
6644016,16099,9,2014,U,,,N,F,,C,2014_09_PA0115600_NIBRS,
6666466,16099,10,2014,U,,,N,F,,C,2014_10_PA0115600_NIBRS,
6688916,16099,11,2014,U,,,N,F,,C,2014_11_PA0115600_NIBRS,
6711366,16099,12,2014,U,,,N,F,,C,2014_12_PA0115600_NIBRS,
6464417,16100,1,2014,U,,,N,F,,C,2014_01_PA0115800_NIBRS,
6486867,16100,2,2014,U,,,N,F,,C,2014_02_PA0115800_NIBRS,
6509317,16100,3,2014,U,,,N,F,,C,2014_03_PA0115800_NIBRS,
6531767,16100,4,2014,U,,,N,F,,C,2014_04_PA0115800_NIBRS,
6554217,16100,5,2014,U,,,N,F,,C,2014_05_PA0115800_NIBRS,
6576667,16100,6,2014,U,,,N,F,,C,2014_06_PA0115800_NIBRS,
6599117,16100,7,2014,U,,,N,F,,C,2014_07_PA0115800_NIBRS,
6621567,16100,8,2014,U,,,N,F,,C,2014_08_PA0115800_NIBRS,
6644017,16100,9,2014,U,,,N,F,,C,2014_09_PA0115800_NIBRS,
6666467,16100,10,2014,U,,,N,F,,C,2014_10_PA0115800_NIBRS,
6688917,16100,11,2014,U,,,N,F,,C,2014_11_PA0115800_NIBRS,
6711367,16100,12,2014,U,,,N,F,,C,2014_12_PA0115800_NIBRS,
6465194,16877,1,2014,U,,,N,F,,C,2014_01_PA0465100_NIBRS,
6487644,16877,2,2014,U,,,N,F,,C,2014_02_PA0465100_NIBRS,
6510094,16877,3,2014,U,,,N,F,,C,2014_03_PA0465100_NIBRS,
6532544,16877,4,2014,U,,,N,F,,C,2014_04_PA0465100_NIBRS,
6554994,16877,5,2014,U,,,N,F,,C,2014_05_PA0465100_NIBRS,
6577444,16877,6,2014,U,,,N,F,,C,2014_06_PA0465100_NIBRS,
6599894,16877,7,2014,U,,,N,F,,C,2014_07_PA0465100_NIBRS,
6622344,16877,8,2014,U,,,N,F,,C,2014_08_PA0465100_NIBRS,
6644794,16877,9,2014,U,,,N,F,,C,2014_09_PA0465100_NIBRS,
6667244,16877,10,2014,U,,,N,F,,C,2014_10_PA0465100_NIBRS,
6689694,16877,11,2014,U,,,N,F,,C,2014_11_PA0465100_NIBRS,
6712144,16877,12,2014,U,,,N,F,,C,2014_12_PA0465100_NIBRS,
6464301,15984,1,2014,U,,,N,F,,C,2014_01_PA0090700_NIBRS,
6486751,15984,2,2014,U,,,N,F,,C,2014_02_PA0090700_NIBRS,
6509201,15984,3,2014,U,,,N,F,,C,2014_03_PA0090700_NIBRS,
6531651,15984,4,2014,U,,,N,F,,C,2014_04_PA0090700_NIBRS,
6554101,15984,5,2014,U,,,N,F,,C,2014_05_PA0090700_NIBRS,
6576551,15984,6,2014,U,,,N,F,,C,2014_06_PA0090700_NIBRS,
6599001,15984,7,2014,U,,,N,F,,C,2014_07_PA0090700_NIBRS,
6621451,15984,8,2014,U,,,N,F,,C,2014_08_PA0090700_NIBRS,
6643901,15984,9,2014,U,,,N,F,,C,2014_09_PA0090700_NIBRS,
6666351,15984,10,2014,U,,,N,F,,C,2014_10_PA0090700_NIBRS,
6688801,15984,11,2014,U,,,N,F,,C,2014_11_PA0090700_NIBRS,
6711251,15984,12,2014,U,,,N,F,,C,2014_12_PA0090700_NIBRS,
6464698,16381,1,2014,U,,,N,F,,C,2014_01_PA0232500_NIBRS,
6487148,16381,2,2014,U,,,N,F,,C,2014_02_PA0232500_NIBRS,
6509598,16381,3,2014,U,,,N,F,,C,2014_03_PA0232500_NIBRS,
6532048,16381,4,2014,U,,,N,F,,C,2014_04_PA0232500_NIBRS,
6554498,16381,5,2014,U,,,N,F,,C,2014_05_PA0232500_NIBRS,
6576948,16381,6,2014,U,,,N,F,,C,2014_06_PA0232500_NIBRS,
6599398,16381,7,2014,U,,,N,F,,C,2014_07_PA0232500_NIBRS,
6621848,16381,8,2014,U,,,N,F,,C,2014_08_PA0232500_NIBRS,
6644298,16381,9,2014,U,,,N,F,,C,2014_09_PA0232500_NIBRS,
6666748,16381,10,2014,U,,,N,F,,C,2014_10_PA0232500_NIBRS,
6689198,16381,11,2014,U,,,N,F,,C,2014_11_PA0232500_NIBRS,
6711648,16381,12,2014,U,,,N,F,,C,2014_12_PA0232500_NIBRS,
6464699,16382,1,2014,U,,,N,F,,C,2014_01_PA0232600_NIBRS,
6487149,16382,2,2014,U,,,N,F,,C,2014_02_PA0232600_NIBRS,
6509599,16382,3,2014,U,,,N,F,,C,2014_03_PA0232600_NIBRS,
6532049,16382,4,2014,U,,,N,F,,C,2014_04_PA0232600_NIBRS,
6554499,16382,5,2014,U,,,N,F,,C,2014_05_PA0232600_NIBRS,
6576949,16382,6,2014,U,,,N,F,,C,2014_06_PA0232600_NIBRS,
6599399,16382,7,2014,U,,,N,F,,C,2014_07_PA0232600_NIBRS,
6621849,16382,8,2014,U,,,N,F,,C,2014_08_PA0232600_NIBRS,
6644299,16382,9,2014,U,,,N,F,,C,2014_09_PA0232600_NIBRS,
6666749,16382,10,2014,U,,,N,F,,C,2014_10_PA0232600_NIBRS,
6689199,16382,11,2014,U,,,N,F,,C,2014_11_PA0232600_NIBRS,
6711649,16382,12,2014,U,,,N,F,,C,2014_12_PA0232600_NIBRS,
6464700,16383,1,2014,U,,,N,F,,C,2014_01_PA0232700_NIBRS,
6487150,16383,2,2014,U,,,N,F,,C,2014_02_PA0232700_NIBRS,
6509600,16383,3,2014,U,,,N,F,,C,2014_03_PA0232700_NIBRS,
6532050,16383,4,2014,U,,,N,F,,C,2014_04_PA0232700_NIBRS,
6554500,16383,5,2014,U,,,N,F,,C,2014_05_PA0232700_NIBRS,
6576950,16383,6,2014,U,,,N,F,,C,2014_06_PA0232700_NIBRS,
6599400,16383,7,2014,U,,,N,F,,C,2014_07_PA0232700_NIBRS,
6621850,16383,8,2014,U,,,N,F,,C,2014_08_PA0232700_NIBRS,
6644300,16383,9,2014,U,,,N,F,,C,2014_09_PA0232700_NIBRS,
6666750,16383,10,2014,U,,,N,F,,C,2014_10_PA0232700_NIBRS,
6689200,16383,11,2014,U,,,N,F,,C,2014_11_PA0232700_NIBRS,
6711650,16383,12,2014,U,,,N,F,,C,2014_12_PA0232700_NIBRS,
6464701,16384,1,2014,U,,,N,F,,C,2014_01_PA0232800_NIBRS,
6487151,16384,2,2014,U,,,N,F,,C,2014_02_PA0232800_NIBRS,
6509601,16384,3,2014,U,,,N,F,,C,2014_03_PA0232800_NIBRS,
6532051,16384,4,2014,U,,,N,F,,C,2014_04_PA0232800_NIBRS,
6554501,16384,5,2014,U,,,N,F,,C,2014_05_PA0232800_NIBRS,
6576951,16384,6,2014,U,,,N,F,,C,2014_06_PA0232800_NIBRS,
6599401,16384,7,2014,U,,,N,F,,C,2014_07_PA0232800_NIBRS,
6621851,16384,8,2014,U,,,N,F,,C,2014_08_PA0232800_NIBRS,
6644301,16384,9,2014,U,,,N,F,,C,2014_09_PA0232800_NIBRS,
6666751,16384,10,2014,U,,,N,F,,C,2014_10_PA0232800_NIBRS,
6689201,16384,11,2014,U,,,N,F,,C,2014_11_PA0232800_NIBRS,
6711651,16384,12,2014,U,,,N,F,,C,2014_12_PA0232800_NIBRS,
6464702,16385,1,2014,U,,,N,F,,C,2014_01_PA0233000_NIBRS,
6487152,16385,2,2014,U,,,N,F,,C,2014_02_PA0233000_NIBRS,
6509602,16385,3,2014,U,,,N,F,,C,2014_03_PA0233000_NIBRS,
6532052,16385,4,2014,U,,,N,F,,C,2014_04_PA0233000_NIBRS,
6554502,16385,5,2014,U,,,N,F,,C,2014_05_PA0233000_NIBRS,
6576952,16385,6,2014,U,,,N,F,,C,2014_06_PA0233000_NIBRS,
6599402,16385,7,2014,U,,,N,F,,C,2014_07_PA0233000_NIBRS,
6621852,16385,8,2014,U,,,N,F,,C,2014_08_PA0233000_NIBRS,
6644302,16385,9,2014,U,,,N,F,,C,2014_09_PA0233000_NIBRS,
6666752,16385,10,2014,U,,,N,F,,C,2014_10_PA0233000_NIBRS,
6689202,16385,11,2014,U,,,N,F,,C,2014_11_PA0233000_NIBRS,
6711652,16385,12,2014,U,,,N,F,,C,2014_12_PA0233000_NIBRS,
6464703,16386,1,2014,U,,,N,F,,C,2014_01_PA0233100_NIBRS,
6487153,16386,2,2014,U,,,N,F,,C,2014_02_PA0233100_NIBRS,
6509603,16386,3,2014,U,,,N,F,,C,2014_03_PA0233100_NIBRS,
6532053,16386,4,2014,U,,,N,F,,C,2014_04_PA0233100_NIBRS,
6554503,16386,5,2014,U,,,N,F,,C,2014_05_PA0233100_NIBRS,
6576953,16386,6,2014,U,,,N,F,,C,2014_06_PA0233100_NIBRS,
6599403,16386,7,2014,U,,,N,F,,C,2014_07_PA0233100_NIBRS,
6621853,16386,8,2014,U,,,N,F,,C,2014_08_PA0233100_NIBRS,
6644303,16386,9,2014,U,,,N,F,,C,2014_09_PA0233100_NIBRS,
6666753,16386,10,2014,U,,,N,F,,C,2014_10_PA0233100_NIBRS,
6689203,16386,11,2014,U,,,N,F,,C,2014_11_PA0233100_NIBRS,
6711653,16386,12,2014,U,,,N,F,,C,2014_12_PA0233100_NIBRS,
6464704,16387,1,2014,U,,,N,F,,C,2014_01_PA0233200_NIBRS,
6487154,16387,2,2014,U,,,N,F,,C,2014_02_PA0233200_NIBRS,
6509604,16387,3,2014,U,,,N,F,,C,2014_03_PA0233200_NIBRS,
6532054,16387,4,2014,U,,,N,F,,C,2014_04_PA0233200_NIBRS,
6554504,16387,5,2014,U,,,N,F,,C,2014_05_PA0233200_NIBRS,
6576954,16387,6,2014,U,,,N,F,,C,2014_06_PA0233200_NIBRS,
6599404,16387,7,2014,U,,,N,F,,C,2014_07_PA0233200_NIBRS,
6621854,16387,8,2014,U,,,N,F,,C,2014_08_PA0233200_NIBRS,
6644304,16387,9,2014,U,,,N,F,,C,2014_09_PA0233200_NIBRS,
6666754,16387,10,2014,U,,,N,F,,C,2014_10_PA0233200_NIBRS,
6689204,16387,11,2014,U,,,N,F,,C,2014_11_PA0233200_NIBRS,
6711654,16387,12,2014,U,,,N,F,,C,2014_12_PA0233200_NIBRS,
6464705,16388,1,2014,U,,,N,F,,C,2014_01_PA0233300_NIBRS,
6487155,16388,2,2014,U,,,N,F,,C,2014_02_PA0233300_NIBRS,
6509605,16388,3,2014,U,,,N,F,,C,2014_03_PA0233300_NIBRS,
6532055,16388,4,2014,U,,,N,F,,C,2014_04_PA0233300_NIBRS,
6554505,16388,5,2014,U,,,N,F,,C,2014_05_PA0233300_NIBRS,
6576955,16388,6,2014,U,,,N,F,,C,2014_06_PA0233300_NIBRS,
6599405,16388,7,2014,U,,,N,F,,C,2014_07_PA0233300_NIBRS,
6621855,16388,8,2014,U,,,N,F,,C,2014_08_PA0233300_NIBRS,
6644305,16388,9,2014,U,,,N,F,,C,2014_09_PA0233300_NIBRS,
6666755,16388,10,2014,U,,,N,F,,C,2014_10_PA0233300_NIBRS,
6689205,16388,11,2014,U,,,N,F,,C,2014_11_PA0233300_NIBRS,
6711655,16388,12,2014,U,,,N,F,,C,2014_12_PA0233300_NIBRS,
6464706,16389,1,2014,U,,,N,F,,C,2014_01_PA0233400_NIBRS,
6487156,16389,2,2014,U,,,N,F,,C,2014_02_PA0233400_NIBRS,
6509606,16389,3,2014,U,,,N,F,,C,2014_03_PA0233400_NIBRS,
6532056,16389,4,2014,U,,,N,F,,C,2014_04_PA0233400_NIBRS,
6554506,16389,5,2014,U,,,N,F,,C,2014_05_PA0233400_NIBRS,
6576956,16389,6,2014,U,,,N,F,,C,2014_06_PA0233400_NIBRS,
6599406,16389,7,2014,U,,,N,F,,C,2014_07_PA0233400_NIBRS,
6621856,16389,8,2014,U,,,N,F,,C,2014_08_PA0233400_NIBRS,
6644306,16389,9,2014,U,,,N,F,,C,2014_09_PA0233400_NIBRS,
6666756,16389,10,2014,U,,,N,F,,C,2014_10_PA0233400_NIBRS,
6689206,16389,11,2014,U,,,N,F,,C,2014_11_PA0233400_NIBRS,
6711656,16389,12,2014,U,,,N,F,,C,2014_12_PA0233400_NIBRS,
6464707,16390,1,2014,U,,,N,F,,C,2014_01_PA0233500_NIBRS,
6487157,16390,2,2014,U,,,N,F,,C,2014_02_PA0233500_NIBRS,
6509607,16390,3,2014,U,,,N,F,,C,2014_03_PA0233500_NIBRS,
6532057,16390,4,2014,U,,,N,F,,C,2014_04_PA0233500_NIBRS,
6554507,16390,5,2014,U,,,N,F,,C,2014_05_PA0233500_NIBRS,
6576957,16390,6,2014,U,,,N,F,,C,2014_06_PA0233500_NIBRS,
6599407,16390,7,2014,U,,,N,F,,C,2014_07_PA0233500_NIBRS,
6621857,16390,8,2014,U,,,N,F,,C,2014_08_PA0233500_NIBRS,
6644307,16390,9,2014,U,,,N,F,,C,2014_09_PA0233500_NIBRS,
6666757,16390,10,2014,U,,,N,F,,C,2014_10_PA0233500_NIBRS,
6689207,16390,11,2014,U,,,N,F,,C,2014_11_PA0233500_NIBRS,
6711657,16390,12,2014,U,,,N,F,,C,2014_12_PA0233500_NIBRS,
6464708,16391,1,2014,U,,,N,F,,C,2014_01_PA0233600_NIBRS,
6487158,16391,2,2014,U,,,N,F,,C,2014_02_PA0233600_NIBRS,
6509608,16391,3,2014,U,,,N,F,,C,2014_03_PA0233600_NIBRS,
6532058,16391,4,2014,U,,,N,F,,C,2014_04_PA0233600_NIBRS,
6554508,16391,5,2014,U,,,N,F,,C,2014_05_PA0233600_NIBRS,
6576958,16391,6,2014,U,,,N,F,,C,2014_06_PA0233600_NIBRS,
6599408,16391,7,2014,U,,,N,F,,C,2014_07_PA0233600_NIBRS,
6621858,16391,8,2014,U,,,N,F,,C,2014_08_PA0233600_NIBRS,
6644308,16391,9,2014,U,,,N,F,,C,2014_09_PA0233600_NIBRS,
6666758,16391,10,2014,U,,,N,F,,C,2014_10_PA0233600_NIBRS,
6689208,16391,11,2014,U,,,N,F,,C,2014_11_PA0233600_NIBRS,
6711658,16391,12,2014,U,,,N,F,,C,2014_12_PA0233600_NIBRS,
6464709,16392,1,2014,U,,,N,F,,C,2014_01_PA0233700_NIBRS,
6487159,16392,2,2014,U,,,N,F,,C,2014_02_PA0233700_NIBRS,
6509609,16392,3,2014,U,,,N,F,,C,2014_03_PA0233700_NIBRS,
6532059,16392,4,2014,U,,,N,F,,C,2014_04_PA0233700_NIBRS,
6554509,16392,5,2014,U,,,N,F,,C,2014_05_PA0233700_NIBRS,
6576959,16392,6,2014,U,,,N,F,,C,2014_06_PA0233700_NIBRS,
6599409,16392,7,2014,U,,,N,F,,C,2014_07_PA0233700_NIBRS,
6621859,16392,8,2014,U,,,N,F,,C,2014_08_PA0233700_NIBRS,
6644309,16392,9,2014,U,,,N,F,,C,2014_09_PA0233700_NIBRS,
6666759,16392,10,2014,U,,,N,F,,C,2014_10_PA0233700_NIBRS,
6689209,16392,11,2014,U,,,N,F,,C,2014_11_PA0233700_NIBRS,
6711659,16392,12,2014,U,,,N,F,,C,2014_12_PA0233700_NIBRS,
6464710,16393,1,2014,U,,,N,F,,C,2014_01_PA0233800_NIBRS,
6487160,16393,2,2014,U,,,N,F,,C,2014_02_PA0233800_NIBRS,
6509610,16393,3,2014,U,,,N,F,,C,2014_03_PA0233800_NIBRS,
6532060,16393,4,2014,U,,,N,F,,C,2014_04_PA0233800_NIBRS,
6554510,16393,5,2014,U,,,N,F,,C,2014_05_PA0233800_NIBRS,
6576960,16393,6,2014,U,,,N,F,,C,2014_06_PA0233800_NIBRS,
6599410,16393,7,2014,U,,,N,F,,C,2014_07_PA0233800_NIBRS,
6621860,16393,8,2014,U,,,N,F,,C,2014_08_PA0233800_NIBRS,
6644310,16393,9,2014,U,,,N,F,,C,2014_09_PA0233800_NIBRS,
6666760,16393,10,2014,U,,,N,F,,C,2014_10_PA0233800_NIBRS,
6689210,16393,11,2014,U,,,N,F,,C,2014_11_PA0233800_NIBRS,
6711660,16393,12,2014,U,,,N,F,,C,2014_12_PA0233800_NIBRS,
6464711,16394,1,2014,U,,,N,F,,C,2014_01_PA0233900_NIBRS,
6487161,16394,2,2014,U,,,N,F,,C,2014_02_PA0233900_NIBRS,
6509611,16394,3,2014,U,,,N,F,,C,2014_03_PA0233900_NIBRS,
6532061,16394,4,2014,U,,,N,F,,C,2014_04_PA0233900_NIBRS,
6554511,16394,5,2014,U,,,N,F,,C,2014_05_PA0233900_NIBRS,
6576961,16394,6,2014,U,,,N,F,,C,2014_06_PA0233900_NIBRS,
6599411,16394,7,2014,U,,,N,F,,C,2014_07_PA0233900_NIBRS,
6621861,16394,8,2014,U,,,N,F,,C,2014_08_PA0233900_NIBRS,
6644311,16394,9,2014,U,,,N,F,,C,2014_09_PA0233900_NIBRS,
6666761,16394,10,2014,U,,,N,F,,C,2014_10_PA0233900_NIBRS,
6689211,16394,11,2014,U,,,N,F,,C,2014_11_PA0233900_NIBRS,
6711661,16394,12,2014,U,,,N,F,,C,2014_12_PA0233900_NIBRS,
6464712,16395,1,2014,U,,,N,F,,C,2014_01_PA0234000_NIBRS,
6487162,16395,2,2014,U,,,N,F,,C,2014_02_PA0234000_NIBRS,
6509612,16395,3,2014,U,,,N,F,,C,2014_03_PA0234000_NIBRS,
6532062,16395,4,2014,U,,,N,F,,C,2014_04_PA0234000_NIBRS,
6554512,16395,5,2014,U,,,N,F,,C,2014_05_PA0234000_NIBRS,
6576962,16395,6,2014,U,,,N,F,,C,2014_06_PA0234000_NIBRS,
6599412,16395,7,2014,U,,,N,F,,C,2014_07_PA0234000_NIBRS,
6621862,16395,8,2014,U,,,N,F,,C,2014_08_PA0234000_NIBRS,
6644312,16395,9,2014,U,,,N,F,,C,2014_09_PA0234000_NIBRS,
6666762,16395,10,2014,U,,,N,F,,C,2014_10_PA0234000_NIBRS,
6689212,16395,11,2014,U,,,N,F,,C,2014_11_PA0234000_NIBRS,
6711662,16395,12,2014,U,,,N,F,,C,2014_12_PA0234000_NIBRS,
6464713,16396,1,2014,U,,,N,F,,C,2014_01_PA0234200_NIBRS,
6487163,16396,2,2014,U,,,N,F,,C,2014_02_PA0234200_NIBRS,
6509613,16396,3,2014,U,,,N,F,,C,2014_03_PA0234200_NIBRS,
6532063,16396,4,2014,U,,,N,F,,C,2014_04_PA0234200_NIBRS,
6554513,16396,5,2014,U,,,N,F,,C,2014_05_PA0234200_NIBRS,
6576963,16396,6,2014,U,,,N,F,,C,2014_06_PA0234200_NIBRS,
6599413,16396,7,2014,U,,,N,F,,C,2014_07_PA0234200_NIBRS,
6621863,16396,8,2014,U,,,N,F,,C,2014_08_PA0234200_NIBRS,
6644313,16396,9,2014,U,,,N,F,,C,2014_09_PA0234200_NIBRS,
6666763,16396,10,2014,U,,,N,F,,C,2014_10_PA0234200_NIBRS,
6689213,16396,11,2014,U,,,N,F,,C,2014_11_PA0234200_NIBRS,
6711663,16396,12,2014,U,,,N,F,,C,2014_12_PA0234200_NIBRS,
6464714,16397,1,2014,U,,,N,F,,C,2014_01_PA0234400_NIBRS,
6487164,16397,2,2014,U,,,N,F,,C,2014_02_PA0234400_NIBRS,
6509614,16397,3,2014,U,,,N,F,,C,2014_03_PA0234400_NIBRS,
6532064,16397,4,2014,U,,,N,F,,C,2014_04_PA0234400_NIBRS,
6554514,16397,5,2014,U,,,N,F,,C,2014_05_PA0234400_NIBRS,
6576964,16397,6,2014,U,,,N,F,,C,2014_06_PA0234400_NIBRS,
6599414,16397,7,2014,U,,,N,F,,C,2014_07_PA0234400_NIBRS,
6621864,16397,8,2014,U,,,N,F,,C,2014_08_PA0234400_NIBRS,
6644314,16397,9,2014,U,,,N,F,,C,2014_09_PA0234400_NIBRS,
6666764,16397,10,2014,U,,,N,F,,C,2014_10_PA0234400_NIBRS,
6689214,16397,11,2014,U,,,N,F,,C,2014_11_PA0234400_NIBRS,
6711664,16397,12,2014,U,,,N,F,,C,2014_12_PA0234400_NIBRS,
6464715,16398,1,2014,U,,,N,F,,C,2014_01_PA0234500_NIBRS,
6487165,16398,2,2014,U,,,N,F,,C,2014_02_PA0234500_NIBRS,
6509615,16398,3,2014,U,,,N,F,,C,2014_03_PA0234500_NIBRS,
6532065,16398,4,2014,U,,,N,F,,C,2014_04_PA0234500_NIBRS,
6554515,16398,5,2014,U,,,N,F,,C,2014_05_PA0234500_NIBRS,
6576965,16398,6,2014,U,,,N,F,,C,2014_06_PA0234500_NIBRS,
6599415,16398,7,2014,U,,,N,F,,C,2014_07_PA0234500_NIBRS,
6621865,16398,8,2014,U,,,N,F,,C,2014_08_PA0234500_NIBRS,
6644315,16398,9,2014,U,,,N,F,,C,2014_09_PA0234500_NIBRS,
6666765,16398,10,2014,U,,,N,F,,C,2014_10_PA0234500_NIBRS,
6689215,16398,11,2014,U,,,N,F,,C,2014_11_PA0234500_NIBRS,
6711665,16398,12,2014,U,,,N,F,,C,2014_12_PA0234500_NIBRS,
6464716,16399,1,2014,U,,,N,F,,C,2014_01_PA0234800_NIBRS,
6487166,16399,2,2014,U,,,N,F,,C,2014_02_PA0234800_NIBRS,
6509616,16399,3,2014,U,,,N,F,,C,2014_03_PA0234800_NIBRS,
6532066,16399,4,2014,U,,,N,F,,C,2014_04_PA0234800_NIBRS,
6554516,16399,5,2014,U,,,N,F,,C,2014_05_PA0234800_NIBRS,
6576966,16399,6,2014,U,,,N,F,,C,2014_06_PA0234800_NIBRS,
6599416,16399,7,2014,U,,,N,F,,C,2014_07_PA0234800_NIBRS,
6621866,16399,8,2014,U,,,N,F,,C,2014_08_PA0234800_NIBRS,
6644316,16399,9,2014,U,,,N,F,,C,2014_09_PA0234800_NIBRS,
6666766,16399,10,2014,U,,,N,F,,C,2014_10_PA0234800_NIBRS,
6689216,16399,11,2014,U,,,N,F,,C,2014_11_PA0234800_NIBRS,
6711666,16399,12,2014,U,,,N,F,,C,2014_12_PA0234800_NIBRS,
6464717,16400,1,2014,U,,,N,F,,C,2014_01_PA0235000_NIBRS,
6487167,16400,2,2014,U,,,N,F,,C,2014_02_PA0235000_NIBRS,
6509617,16400,3,2014,U,,,N,F,,C,2014_03_PA0235000_NIBRS,
6532067,16400,4,2014,U,,,N,F,,C,2014_04_PA0235000_NIBRS,
6554517,16400,5,2014,U,,,N,F,,C,2014_05_PA0235000_NIBRS,
6576967,16400,6,2014,U,,,N,F,,C,2014_06_PA0235000_NIBRS,
6599417,16400,7,2014,U,,,N,F,,C,2014_07_PA0235000_NIBRS,
6621867,16400,8,2014,U,,,N,F,,C,2014_08_PA0235000_NIBRS,
6644317,16400,9,2014,U,,,N,F,,C,2014_09_PA0235000_NIBRS,
6666767,16400,10,2014,U,,,N,F,,C,2014_10_PA0235000_NIBRS,
6689217,16400,11,2014,U,,,N,F,,C,2014_11_PA0235000_NIBRS,
6711667,16400,12,2014,U,,,N,F,,C,2014_12_PA0235000_NIBRS,
6470470,23266,1,2014,U,,,N,F,,C,2014_01_PA0235300_NIBRS,
6492920,23266,2,2014,U,,,N,F,,C,2014_02_PA0235300_NIBRS,
6515370,23266,3,2014,U,,,N,F,,C,2014_03_PA0235300_NIBRS,
6537820,23266,4,2014,U,,,N,F,,C,2014_04_PA0235300_NIBRS,
6560270,23266,5,2014,U,,,N,F,,C,2014_05_PA0235300_NIBRS,
6582720,23266,6,2014,U,,,N,F,,C,2014_06_PA0235300_NIBRS,
6605170,23266,7,2014,U,,,N,F,,C,2014_07_PA0235300_NIBRS,
6627620,23266,8,2014,U,,,N,F,,C,2014_08_PA0235300_NIBRS,
6650070,23266,9,2014,U,,,N,F,,C,2014_09_PA0235300_NIBRS,
6672520,23266,10,2014,U,,,N,F,,C,2014_10_PA0235300_NIBRS,
6694970,23266,11,2014,U,,,N,F,,C,2014_11_PA0235300_NIBRS,
6717420,23266,12,2014,U,,,N,F,,C,2014_12_PA0235300_NIBRS,
6464718,16401,1,2014,U,,,N,F,,C,2014_01_PA023BF00_NIBRS,
6487168,16401,2,2014,U,,,N,F,,C,2014_02_PA023BF00_NIBRS,
6509618,16401,3,2014,U,,,N,F,,C,2014_03_PA023BF00_NIBRS,
6532068,16401,4,2014,U,,,N,F,,C,2014_04_PA023BF00_NIBRS,
6554518,16401,5,2014,U,,,N,F,,C,2014_05_PA023BF00_NIBRS,
6576968,16401,6,2014,U,,,N,F,,C,2014_06_PA023BF00_NIBRS,
6599418,16401,7,2014,U,,,N,F,,C,2014_07_PA023BF00_NIBRS,
6621868,16401,8,2014,U,,,N,F,,C,2014_08_PA023BF00_NIBRS,
6644318,16401,9,2014,U,,,N,F,,C,2014_09_PA023BF00_NIBRS,
6666768,16401,10,2014,U,,,N,F,,C,2014_10_PA023BF00_NIBRS,
6689218,16401,11,2014,U,,,N,F,,C,2014_11_PA023BF00_NIBRS,
6711668,16401,12,2014,U,,,N,F,,C,2014_12_PA023BF00_NIBRS,
6464719,16402,1,2014,U,,,N,F,,C,2014_01_PA023DE00_NIBRS,
6487169,16402,2,2014,U,,,N,F,,C,2014_02_PA023DE00_NIBRS,
6509619,16402,3,2014,U,,,N,F,,C,2014_03_PA023DE00_NIBRS,
6532069,16402,4,2014,U,,,N,F,,C,2014_04_PA023DE00_NIBRS,
6554519,16402,5,2014,U,,,N,F,,C,2014_05_PA023DE00_NIBRS,
6576969,16402,6,2014,U,,,N,F,,C,2014_06_PA023DE00_NIBRS,
6599419,16402,7,2014,U,,,N,F,,C,2014_07_PA023DE00_NIBRS,
6621869,16402,8,2014,U,,,N,F,,C,2014_08_PA023DE00_NIBRS,
6644319,16402,9,2014,U,,,N,F,,C,2014_09_PA023DE00_NIBRS,
6666769,16402,10,2014,U,,,N,F,,C,2014_10_PA023DE00_NIBRS,
6689219,16402,11,2014,U,,,N,F,,C,2014_11_PA023DE00_NIBRS,
6711669,16402,12,2014,U,,,N,F,,C,2014_12_PA023DE00_NIBRS,
6464720,16403,1,2014,U,,,N,F,,C,2014_01_PA023SP00_NIBRS,
6487170,16403,2,2014,U,,,N,F,,C,2014_02_PA023SP00_NIBRS,
6509620,16403,3,2014,U,,,N,F,,C,2014_03_PA023SP00_NIBRS,
6532070,16403,4,2014,U,,,N,F,,C,2014_04_PA023SP00_NIBRS,
6554520,16403,5,2014,U,,,N,F,,C,2014_05_PA023SP00_NIBRS,
6576970,16403,6,2014,U,,,N,F,,C,2014_06_PA023SP00_NIBRS,
6599420,16403,7,2014,U,,,N,F,,C,2014_07_PA023SP00_NIBRS,
6621870,16403,8,2014,U,,,N,F,,C,2014_08_PA023SP00_NIBRS,
6644320,16403,9,2014,U,,,N,F,,C,2014_09_PA023SP00_NIBRS,
6666770,16403,10,2014,U,,,N,F,,C,2014_10_PA023SP00_NIBRS,
6689220,16403,11,2014,U,,,N,F,,C,2014_11_PA023SP00_NIBRS,
6711670,16403,12,2014,U,,,N,F,,C,2014_12_PA023SP00_NIBRS,
6464721,16404,1,2014,U,,,N,F,,C,2014_01_PA0240000_NIBRS,
6487171,16404,2,2014,U,,,N,F,,C,2014_02_PA0240000_NIBRS,
6509621,16404,3,2014,U,,,N,F,,C,2014_03_PA0240000_NIBRS,
6532071,16404,4,2014,U,,,N,F,,C,2014_04_PA0240000_NIBRS,
6554521,16404,5,2014,U,,,N,F,,C,2014_05_PA0240000_NIBRS,
6576971,16404,6,2014,U,,,N,F,,C,2014_06_PA0240000_NIBRS,
6599421,16404,7,2014,U,,,N,F,,C,2014_07_PA0240000_NIBRS,
6621871,16404,8,2014,U,,,N,F,,C,2014_08_PA0240000_NIBRS,
6644321,16404,9,2014,U,,,N,F,,C,2014_09_PA0240000_NIBRS,
6666771,16404,10,2014,U,,,N,F,,C,2014_10_PA0240000_NIBRS,
6689221,16404,11,2014,U,,,N,F,,C,2014_11_PA0240000_NIBRS,
6711671,16404,12,2014,U,,,N,F,,C,2014_12_PA0240000_NIBRS,
6464722,16405,1,2014,U,,,N,F,,C,2014_01_PA0240100_NIBRS,
6487172,16405,2,2014,U,,,N,F,,C,2014_02_PA0240100_NIBRS,
6509622,16405,3,2014,U,,,N,F,,C,2014_03_PA0240100_NIBRS,
6532072,16405,4,2014,U,,,N,F,,C,2014_04_PA0240100_NIBRS,
6554522,16405,5,2014,U,,,N,F,,C,2014_05_PA0240100_NIBRS,
6576972,16405,6,2014,U,,,N,F,,C,2014_06_PA0240100_NIBRS,
6599422,16405,7,2014,U,,,N,F,,C,2014_07_PA0240100_NIBRS,
6621872,16405,8,2014,U,,,N,F,,C,2014_08_PA0240100_NIBRS,
6644322,16405,9,2014,U,,,N,F,,C,2014_09_PA0240100_NIBRS,
6666772,16405,10,2014,U,,,N,F,,C,2014_10_PA0240100_NIBRS,
6689222,16405,11,2014,U,,,N,F,,C,2014_11_PA0240100_NIBRS,
6711672,16405,12,2014,U,,,N,F,,C,2014_12_PA0240100_NIBRS,
6464723,16406,1,2014,U,,,N,F,,C,2014_01_PA0240200_NIBRS,
6487173,16406,2,2014,U,,,N,F,,C,2014_02_PA0240200_NIBRS,
6509623,16406,3,2014,U,,,N,F,,C,2014_03_PA0240200_NIBRS,
6532073,16406,4,2014,U,,,N,F,,C,2014_04_PA0240200_NIBRS,
6554523,16406,5,2014,U,,,N,F,,C,2014_05_PA0240200_NIBRS,
6576973,16406,6,2014,U,,,N,F,,C,2014_06_PA0240200_NIBRS,
6599423,16406,7,2014,U,,,N,F,,C,2014_07_PA0240200_NIBRS,
6621873,16406,8,2014,U,,,N,F,,C,2014_08_PA0240200_NIBRS,
6644323,16406,9,2014,U,,,N,F,,C,2014_09_PA0240200_NIBRS,
6666773,16406,10,2014,U,,,N,F,,C,2014_10_PA0240200_NIBRS,
6689223,16406,11,2014,U,,,N,F,,C,2014_11_PA0240200_NIBRS,
6711673,16406,12,2014,U,,,N,F,,C,2014_12_PA0240200_NIBRS,
6464724,16407,1,2014,U,,,N,F,,C,2014_01_PA0240300_NIBRS,
6487174,16407,2,2014,U,,,N,F,,C,2014_02_PA0240300_NIBRS,
6509624,16407,3,2014,U,,,N,F,,C,2014_03_PA0240300_NIBRS,
6532074,16407,4,2014,U,,,N,F,,C,2014_04_PA0240300_NIBRS,
6554524,16407,5,2014,U,,,N,F,,C,2014_05_PA0240300_NIBRS,
6576974,16407,6,2014,U,,,N,F,,C,2014_06_PA0240300_NIBRS,
6599424,16407,7,2014,U,,,N,F,,C,2014_07_PA0240300_NIBRS,
6621874,16407,8,2014,U,,,N,F,,C,2014_08_PA0240300_NIBRS,
6644324,16407,9,2014,U,,,N,F,,C,2014_09_PA0240300_NIBRS,
6666774,16407,10,2014,U,,,N,F,,C,2014_10_PA0240300_NIBRS,
6689224,16407,11,2014,U,,,N,F,,C,2014_11_PA0240300_NIBRS,
6711674,16407,12,2014,U,,,N,F,,C,2014_12_PA0240300_NIBRS,
6464725,16408,1,2014,U,,,N,F,,C,2014_01_PA0240400_NIBRS,
6487175,16408,2,2014,U,,,N,F,,C,2014_02_PA0240400_NIBRS,
6509625,16408,3,2014,U,,,N,F,,C,2014_03_PA0240400_NIBRS,
6532075,16408,4,2014,U,,,N,F,,C,2014_04_PA0240400_NIBRS,
6554525,16408,5,2014,U,,,N,F,,C,2014_05_PA0240400_NIBRS,
6576975,16408,6,2014,U,,,N,F,,C,2014_06_PA0240400_NIBRS,
6599425,16408,7,2014,U,,,N,F,,C,2014_07_PA0240400_NIBRS,
6621875,16408,8,2014,U,,,N,F,,C,2014_08_PA0240400_NIBRS,
6644325,16408,9,2014,U,,,N,F,,C,2014_09_PA0240400_NIBRS,
6666775,16408,10,2014,U,,,N,F,,C,2014_10_PA0240400_NIBRS,
6689225,16408,11,2014,U,,,N,F,,C,2014_11_PA0240400_NIBRS,
6711675,16408,12,2014,U,,,N,F,,C,2014_12_PA0240400_NIBRS,
6464938,16621,1,2014,U,,,N,F,,C,2014_01_PA036DE00_NIBRS,
6487388,16621,2,2014,U,,,N,F,,C,2014_02_PA036DE00_NIBRS,
6509838,16621,3,2014,U,,,N,F,,C,2014_03_PA036DE00_NIBRS,
6532288,16621,4,2014,U,,,N,F,,C,2014_04_PA036DE00_NIBRS,
6554738,16621,5,2014,U,,,N,F,,C,2014_05_PA036DE00_NIBRS,
6577188,16621,6,2014,U,,,N,F,,C,2014_06_PA036DE00_NIBRS,
6599638,16621,7,2014,U,,,N,F,,C,2014_07_PA036DE00_NIBRS,
6622088,16621,8,2014,U,,,N,F,,C,2014_08_PA036DE00_NIBRS,
6644538,16621,9,2014,U,,,N,F,,C,2014_09_PA036DE00_NIBRS,
6666988,16621,10,2014,U,,,N,F,,C,2014_10_PA036DE00_NIBRS,
6689438,16621,11,2014,U,,,N,F,,C,2014_11_PA036DE00_NIBRS,
6711888,16621,12,2014,U,,,N,F,,C,2014_12_PA036DE00_NIBRS,
6464939,16622,1,2014,U,,,N,F,,C,2014_01_PA036SP00_NIBRS,
6487389,16622,2,2014,U,,,N,F,,C,2014_02_PA036SP00_NIBRS,
6509839,16622,3,2014,U,,,N,F,,C,2014_03_PA036SP00_NIBRS,
6532289,16622,4,2014,U,,,N,F,,C,2014_04_PA036SP00_NIBRS,
6554739,16622,5,2014,U,,,N,F,,C,2014_05_PA036SP00_NIBRS,
6577189,16622,6,2014,U,,,N,F,,C,2014_06_PA036SP00_NIBRS,
6599639,16622,7,2014,U,,,N,F,,C,2014_07_PA036SP00_NIBRS,
6622089,16622,8,2014,U,,,N,F,,C,2014_08_PA036SP00_NIBRS,
6644539,16622,9,2014,U,,,N,F,,C,2014_09_PA036SP00_NIBRS,
6666989,16622,10,2014,U,,,N,F,,C,2014_10_PA036SP00_NIBRS,
6689439,16622,11,2014,U,,,N,F,,C,2014_11_PA036SP00_NIBRS,
6711889,16622,12,2014,U,,,N,F,,C,2014_12_PA036SP00_NIBRS,
6464940,16623,1,2014,U,,,N,F,,C,2014_01_PA0370000_NIBRS,
6487390,16623,2,2014,U,,,N,F,,C,2014_02_PA0370000_NIBRS,
6509840,16623,3,2014,U,,,N,F,,C,2014_03_PA0370000_NIBRS,
6532290,16623,4,2014,U,,,N,F,,C,2014_04_PA0370000_NIBRS,
6554740,16623,5,2014,U,,,N,F,,C,2014_05_PA0370000_NIBRS,
6577190,16623,6,2014,U,,,N,F,,C,2014_06_PA0370000_NIBRS,
6599640,16623,7,2014,U,,,N,F,,C,2014_07_PA0370000_NIBRS,
6622090,16623,8,2014,U,,,N,F,,C,2014_08_PA0370000_NIBRS,
6644540,16623,9,2014,U,,,N,F,,C,2014_09_PA0370000_NIBRS,
6666990,16623,10,2014,U,,,N,F,,C,2014_10_PA0370000_NIBRS,
6689440,16623,11,2014,U,,,N,F,,C,2014_11_PA0370000_NIBRS,
6711890,16623,12,2014,U,,,N,F,,C,2014_12_PA0370000_NIBRS,
6464941,16624,1,2014,U,,,N,F,,C,2014_01_PA0370100_NIBRS,
6487391,16624,2,2014,U,,,N,F,,C,2014_02_PA0370100_NIBRS,
6509841,16624,3,2014,U,,,N,F,,C,2014_03_PA0370100_NIBRS,
6532291,16624,4,2014,U,,,N,F,,C,2014_04_PA0370100_NIBRS,
6554741,16624,5,2014,U,,,N,F,,C,2014_05_PA0370100_NIBRS,
6577191,16624,6,2014,U,,,N,F,,C,2014_06_PA0370100_NIBRS,
6599641,16624,7,2014,U,,,N,F,,C,2014_07_PA0370100_NIBRS,
6622091,16624,8,2014,U,,,N,F,,C,2014_08_PA0370100_NIBRS,
6644541,16624,9,2014,U,,,N,F,,C,2014_09_PA0370100_NIBRS,
6666991,16624,10,2014,U,,,N,F,,C,2014_10_PA0370100_NIBRS,
6689441,16624,11,2014,U,,,N,F,,C,2014_11_PA0370100_NIBRS,
6711891,16624,12,2014,U,,,N,F,,C,2014_12_PA0370100_NIBRS,
6464942,16625,1,2014,U,,,N,F,,C,2014_01_PA0370200_NIBRS,
6487392,16625,2,2014,U,,,N,F,,C,2014_02_PA0370200_NIBRS,
6509842,16625,3,2014,U,,,N,F,,C,2014_03_PA0370200_NIBRS,
6532292,16625,4,2014,U,,,N,F,,C,2014_04_PA0370200_NIBRS,
6554742,16625,5,2014,U,,,N,F,,C,2014_05_PA0370200_NIBRS,
6577192,16625,6,2014,U,,,N,F,,C,2014_06_PA0370200_NIBRS,
6599642,16625,7,2014,U,,,N,F,,C,2014_07_PA0370200_NIBRS,
6622092,16625,8,2014,U,,,N,F,,C,2014_08_PA0370200_NIBRS,
6644542,16625,9,2014,U,,,N,F,,C,2014_09_PA0370200_NIBRS,
6666992,16625,10,2014,U,,,N,F,,C,2014_10_PA0370200_NIBRS,
6689442,16625,11,2014,U,,,N,F,,C,2014_11_PA0370200_NIBRS,
6711892,16625,12,2014,U,,,N,F,,C,2014_12_PA0370200_NIBRS,
6464160,15843,1,2014,U,,,N,F,,C,2014_01_PA0041600_NIBRS,
6486610,15843,2,2014,U,,,N,F,,C,2014_02_PA0041600_NIBRS,
6509060,15843,3,2014,U,,,N,F,,C,2014_03_PA0041600_NIBRS,
6531510,15843,4,2014,U,,,N,F,,C,2014_04_PA0041600_NIBRS,
6553960,15843,5,2014,U,,,N,F,,C,2014_05_PA0041600_NIBRS,
6576410,15843,6,2014,U,,,N,F,,C,2014_06_PA0041600_NIBRS,
6598860,15843,7,2014,U,,,N,F,,C,2014_07_PA0041600_NIBRS,
6621310,15843,8,2014,U,,,N,F,,C,2014_08_PA0041600_NIBRS,
6643760,15843,9,2014,U,,,N,F,,C,2014_09_PA0041600_NIBRS,
6666210,15843,10,2014,U,,,N,F,,C,2014_10_PA0041600_NIBRS,
6688660,15843,11,2014,U,,,N,F,,C,2014_11_PA0041600_NIBRS,
6711110,15843,12,2014,U,,,N,F,,C,2014_12_PA0041600_NIBRS,
6464161,15844,1,2014,U,,,N,F,,C,2014_01_PA0041700_NIBRS,
6486611,15844,2,2014,U,,,N,F,,C,2014_02_PA0041700_NIBRS,
6509061,15844,3,2014,U,,,N,F,,C,2014_03_PA0041700_NIBRS,
6531511,15844,4,2014,U,,,N,F,,C,2014_04_PA0041700_NIBRS,
6553961,15844,5,2014,U,,,N,F,,C,2014_05_PA0041700_NIBRS,
6576411,15844,6,2014,U,,,N,F,,C,2014_06_PA0041700_NIBRS,
6598861,15844,7,2014,U,,,N,F,,C,2014_07_PA0041700_NIBRS,
6621311,15844,8,2014,U,,,N,F,,C,2014_08_PA0041700_NIBRS,
6643761,15844,9,2014,U,,,N,F,,C,2014_09_PA0041700_NIBRS,
6666211,15844,10,2014,U,,,N,F,,C,2014_10_PA0041700_NIBRS,
6688661,15844,11,2014,U,,,N,F,,C,2014_11_PA0041700_NIBRS,
6711111,15844,12,2014,U,,,N,F,,C,2014_12_PA0041700_NIBRS,
6464728,16411,1,2014,U,,,N,F,,C,2014_01_PA024BF00_NIBRS,
6487178,16411,2,2014,U,,,N,F,,C,2014_02_PA024BF00_NIBRS,
6509628,16411,3,2014,U,,,N,F,,C,2014_03_PA024BF00_NIBRS,
6532078,16411,4,2014,U,,,N,F,,C,2014_04_PA024BF00_NIBRS,
6554528,16411,5,2014,U,,,N,F,,C,2014_05_PA024BF00_NIBRS,
6576978,16411,6,2014,U,,,N,F,,C,2014_06_PA024BF00_NIBRS,
6599428,16411,7,2014,U,,,N,F,,C,2014_07_PA024BF00_NIBRS,
6621878,16411,8,2014,U,,,N,F,,C,2014_08_PA024BF00_NIBRS,
6644328,16411,9,2014,U,,,N,F,,C,2014_09_PA024BF00_NIBRS,
6666778,16411,10,2014,U,,,N,F,,C,2014_10_PA024BF00_NIBRS,
6689228,16411,11,2014,U,,,N,F,,C,2014_11_PA024BF00_NIBRS,
6711678,16411,12,2014,U,,,N,F,,C,2014_12_PA024BF00_NIBRS,
6464729,16412,1,2014,U,,,N,F,,C,2014_01_PA024DE00_NIBRS,
6487179,16412,2,2014,U,,,N,F,,C,2014_02_PA024DE00_NIBRS,
6509629,16412,3,2014,U,,,N,F,,C,2014_03_PA024DE00_NIBRS,
6532079,16412,4,2014,U,,,N,F,,C,2014_04_PA024DE00_NIBRS,
6554529,16412,5,2014,U,,,N,F,,C,2014_05_PA024DE00_NIBRS,
6576979,16412,6,2014,U,,,N,F,,C,2014_06_PA024DE00_NIBRS,
6599429,16412,7,2014,U,,,N,F,,C,2014_07_PA024DE00_NIBRS,
6621879,16412,8,2014,U,,,N,F,,C,2014_08_PA024DE00_NIBRS,
6644329,16412,9,2014,U,,,N,F,,C,2014_09_PA024DE00_NIBRS,
6666779,16412,10,2014,U,,,N,F,,C,2014_10_PA024DE00_NIBRS,
6689229,16412,11,2014,U,,,N,F,,C,2014_11_PA024DE00_NIBRS,
6711679,16412,12,2014,U,,,N,F,,C,2014_12_PA024DE00_NIBRS,
6464730,16413,1,2014,U,,,N,F,,C,2014_01_PA024SP00_NIBRS,
6487180,16413,2,2014,U,,,N,F,,C,2014_02_PA024SP00_NIBRS,
6509630,16413,3,2014,U,,,N,F,,C,2014_03_PA024SP00_NIBRS,
6532080,16413,4,2014,U,,,N,F,,C,2014_04_PA024SP00_NIBRS,
6554530,16413,5,2014,U,,,N,F,,C,2014_05_PA024SP00_NIBRS,
6576980,16413,6,2014,U,,,N,F,,C,2014_06_PA024SP00_NIBRS,
6599430,16413,7,2014,U,,,N,F,,C,2014_07_PA024SP00_NIBRS,
6621880,16413,8,2014,U,,,N,F,,C,2014_08_PA024SP00_NIBRS,
6644330,16413,9,2014,U,,,N,F,,C,2014_09_PA024SP00_NIBRS,
6666780,16413,10,2014,U,,,N,F,,C,2014_10_PA024SP00_NIBRS,
6689230,16413,11,2014,U,,,N,F,,C,2014_11_PA024SP00_NIBRS,
6711680,16413,12,2014,U,,,N,F,,C,2014_12_PA024SP00_NIBRS,
6464731,16414,1,2014,U,,,N,F,,C,2014_01_PA0250000_NIBRS,
6487181,16414,2,2014,U,,,N,F,,C,2014_02_PA0250000_NIBRS,
6509631,16414,3,2014,U,,,N,F,,C,2014_03_PA0250000_NIBRS,
6532081,16414,4,2014,U,,,N,F,,C,2014_04_PA0250000_NIBRS,
6554531,16414,5,2014,U,,,N,F,,C,2014_05_PA0250000_NIBRS,
6576981,16414,6,2014,U,,,N,F,,C,2014_06_PA0250000_NIBRS,
6599431,16414,7,2014,U,,,N,F,,C,2014_07_PA0250000_NIBRS,
6621881,16414,8,2014,U,,,N,F,,C,2014_08_PA0250000_NIBRS,
6644331,16414,9,2014,U,,,N,F,,C,2014_09_PA0250000_NIBRS,
6666781,16414,10,2014,U,,,N,F,,C,2014_10_PA0250000_NIBRS,
6689231,16414,11,2014,U,,,N,F,,C,2014_11_PA0250000_NIBRS,
6711681,16414,12,2014,U,,,N,F,,C,2014_12_PA0250000_NIBRS,
6464732,16415,1,2014,U,,,N,F,,C,2014_01_PA0250100_NIBRS,
6487182,16415,2,2014,U,,,N,F,,C,2014_02_PA0250100_NIBRS,
6509632,16415,3,2014,U,,,N,F,,C,2014_03_PA0250100_NIBRS,
6532082,16415,4,2014,U,,,N,F,,C,2014_04_PA0250100_NIBRS,
6554532,16415,5,2014,U,,,N,F,,C,2014_05_PA0250100_NIBRS,
6576982,16415,6,2014,U,,,N,F,,C,2014_06_PA0250100_NIBRS,
6599432,16415,7,2014,U,,,N,F,,C,2014_07_PA0250100_NIBRS,
6621882,16415,8,2014,U,,,N,F,,C,2014_08_PA0250100_NIBRS,
6644332,16415,9,2014,U,,,N,F,,C,2014_09_PA0250100_NIBRS,
6666782,16415,10,2014,U,,,N,F,,C,2014_10_PA0250100_NIBRS,
6689232,16415,11,2014,U,,,N,F,,C,2014_11_PA0250100_NIBRS,
6711682,16415,12,2014,U,,,N,F,,C,2014_12_PA0250100_NIBRS,
6464733,16416,1,2014,U,,,N,F,,C,2014_01_PA0250200_NIBRS,
6487183,16416,2,2014,U,,,N,F,,C,2014_02_PA0250200_NIBRS,
6509633,16416,3,2014,U,,,N,F,,C,2014_03_PA0250200_NIBRS,
6532083,16416,4,2014,U,,,N,F,,C,2014_04_PA0250200_NIBRS,
6554533,16416,5,2014,U,,,N,F,,C,2014_05_PA0250200_NIBRS,
6576983,16416,6,2014,U,,,N,F,,C,2014_06_PA0250200_NIBRS,
6599433,16416,7,2014,U,,,N,F,,C,2014_07_PA0250200_NIBRS,
6621883,16416,8,2014,U,,,N,F,,C,2014_08_PA0250200_NIBRS,
6644333,16416,9,2014,U,,,N,F,,C,2014_09_PA0250200_NIBRS,
6666783,16416,10,2014,U,,,N,F,,C,2014_10_PA0250200_NIBRS,
6689233,16416,11,2014,U,,,N,F,,C,2014_11_PA0250200_NIBRS,
6711683,16416,12,2014,U,,,N,F,,C,2014_12_PA0250200_NIBRS,
6464734,16417,1,2014,U,,,N,F,,C,2014_01_PA0250300_NIBRS,
6487184,16417,2,2014,U,,,N,F,,C,2014_02_PA0250300_NIBRS,
6509634,16417,3,2014,U,,,N,F,,C,2014_03_PA0250300_NIBRS,
6532084,16417,4,2014,U,,,N,F,,C,2014_04_PA0250300_NIBRS,
6554534,16417,5,2014,U,,,N,F,,C,2014_05_PA0250300_NIBRS,
6576984,16417,6,2014,U,,,N,F,,C,2014_06_PA0250300_NIBRS,
6599434,16417,7,2014,U,,,N,F,,C,2014_07_PA0250300_NIBRS,
6621884,16417,8,2014,U,,,N,F,,C,2014_08_PA0250300_NIBRS,
6644334,16417,9,2014,U,,,N,F,,C,2014_09_PA0250300_NIBRS,
6666784,16417,10,2014,U,,,N,F,,C,2014_10_PA0250300_NIBRS,
6689234,16417,11,2014,U,,,N,F,,C,2014_11_PA0250300_NIBRS,
6711684,16417,12,2014,U,,,N,F,,C,2014_12_PA0250300_NIBRS,
6464735,16418,1,2014,U,,,N,F,,C,2014_01_PA0250400_NIBRS,
6487185,16418,2,2014,U,,,N,F,,C,2014_02_PA0250400_NIBRS,
6509635,16418,3,2014,U,,,N,F,,C,2014_03_PA0250400_NIBRS,
6532085,16418,4,2014,U,,,N,F,,C,2014_04_PA0250400_NIBRS,
6554535,16418,5,2014,U,,,N,F,,C,2014_05_PA0250400_NIBRS,
6576985,16418,6,2014,U,,,N,F,,C,2014_06_PA0250400_NIBRS,
6599435,16418,7,2014,U,,,N,F,,C,2014_07_PA0250400_NIBRS,
6621885,16418,8,2014,U,,,N,F,,C,2014_08_PA0250400_NIBRS,
6644335,16418,9,2014,U,,,N,F,,C,2014_09_PA0250400_NIBRS,
6666785,16418,10,2014,U,,,N,F,,C,2014_10_PA0250400_NIBRS,
6689235,16418,11,2014,U,,,N,F,,C,2014_11_PA0250400_NIBRS,
6711685,16418,12,2014,U,,,N,F,,C,2014_12_PA0250400_NIBRS,
6464736,16419,1,2014,U,,,N,F,,C,2014_01_PA0250500_NIBRS,
6487186,16419,2,2014,U,,,N,F,,C,2014_02_PA0250500_NIBRS,
6509636,16419,3,2014,U,,,N,F,,C,2014_03_PA0250500_NIBRS,
6532086,16419,4,2014,U,,,N,F,,C,2014_04_PA0250500_NIBRS,
6554536,16419,5,2014,U,,,N,F,,C,2014_05_PA0250500_NIBRS,
6576986,16419,6,2014,U,,,N,F,,C,2014_06_PA0250500_NIBRS,
6599436,16419,7,2014,U,,,N,F,,C,2014_07_PA0250500_NIBRS,
6621886,16419,8,2014,U,,,N,F,,C,2014_08_PA0250500_NIBRS,
6644336,16419,9,2014,U,,,N,F,,C,2014_09_PA0250500_NIBRS,
6666786,16419,10,2014,U,,,N,F,,C,2014_10_PA0250500_NIBRS,
6689236,16419,11,2014,U,,,N,F,,C,2014_11_PA0250500_NIBRS,
6711686,16419,12,2014,U,,,N,F,,C,2014_12_PA0250500_NIBRS,
6464737,16420,1,2014,U,,,N,F,,C,2014_01_PA0250600_NIBRS,
6487187,16420,2,2014,U,,,N,F,,C,2014_02_PA0250600_NIBRS,
6509637,16420,3,2014,U,,,N,F,,C,2014_03_PA0250600_NIBRS,
6532087,16420,4,2014,U,,,N,F,,C,2014_04_PA0250600_NIBRS,
6554537,16420,5,2014,U,,,N,F,,C,2014_05_PA0250600_NIBRS,
6576987,16420,6,2014,U,,,N,F,,C,2014_06_PA0250600_NIBRS,
6599437,16420,7,2014,U,,,N,F,,C,2014_07_PA0250600_NIBRS,
6621887,16420,8,2014,U,,,N,F,,C,2014_08_PA0250600_NIBRS,
6644337,16420,9,2014,U,,,N,F,,C,2014_09_PA0250600_NIBRS,
6666787,16420,10,2014,U,,,N,F,,C,2014_10_PA0250600_NIBRS,
6689237,16420,11,2014,U,,,N,F,,C,2014_11_PA0250600_NIBRS,
6711687,16420,12,2014,U,,,N,F,,C,2014_12_PA0250600_NIBRS,
6464738,16421,1,2014,U,,,N,F,,C,2014_01_PA0250700_NIBRS,
6487188,16421,2,2014,U,,,N,F,,C,2014_02_PA0250700_NIBRS,
6509638,16421,3,2014,U,,,N,F,,C,2014_03_PA0250700_NIBRS,
6532088,16421,4,2014,U,,,N,F,,C,2014_04_PA0250700_NIBRS,
6554538,16421,5,2014,U,,,N,F,,C,2014_05_PA0250700_NIBRS,
6576988,16421,6,2014,U,,,N,F,,C,2014_06_PA0250700_NIBRS,
6599438,16421,7,2014,U,,,N,F,,C,2014_07_PA0250700_NIBRS,
6621888,16421,8,2014,U,,,N,F,,C,2014_08_PA0250700_NIBRS,
6644338,16421,9,2014,U,,,N,F,,C,2014_09_PA0250700_NIBRS,
6666788,16421,10,2014,U,,,N,F,,C,2014_10_PA0250700_NIBRS,
6689238,16421,11,2014,U,,,N,F,,C,2014_11_PA0250700_NIBRS,
6711688,16421,12,2014,U,,,N,F,,C,2014_12_PA0250700_NIBRS,
6464739,16422,1,2014,U,,,N,F,,C,2014_01_PA0250800_NIBRS,
6487189,16422,2,2014,U,,,N,F,,C,2014_02_PA0250800_NIBRS,
6509639,16422,3,2014,U,,,N,F,,C,2014_03_PA0250800_NIBRS,
6532089,16422,4,2014,U,,,N,F,,C,2014_04_PA0250800_NIBRS,
6554539,16422,5,2014,U,,,N,F,,C,2014_05_PA0250800_NIBRS,
6576989,16422,6,2014,U,,,N,F,,C,2014_06_PA0250800_NIBRS,
6599439,16422,7,2014,U,,,N,F,,C,2014_07_PA0250800_NIBRS,
6621889,16422,8,2014,U,,,N,F,,C,2014_08_PA0250800_NIBRS,
6644339,16422,9,2014,U,,,N,F,,C,2014_09_PA0250800_NIBRS,
6666789,16422,10,2014,U,,,N,F,,C,2014_10_PA0250800_NIBRS,
6689239,16422,11,2014,U,,,N,F,,C,2014_11_PA0250800_NIBRS,
6711689,16422,12,2014,U,,,N,F,,C,2014_12_PA0250800_NIBRS,
6464740,16423,1,2014,U,,,N,F,,C,2014_01_PA0250900_NIBRS,
6487190,16423,2,2014,U,,,N,F,,C,2014_02_PA0250900_NIBRS,
6509640,16423,3,2014,U,,,N,F,,C,2014_03_PA0250900_NIBRS,
6532090,16423,4,2014,U,,,N,F,,C,2014_04_PA0250900_NIBRS,
6554540,16423,5,2014,U,,,N,F,,C,2014_05_PA0250900_NIBRS,
6576990,16423,6,2014,U,,,N,F,,C,2014_06_PA0250900_NIBRS,
6599440,16423,7,2014,U,,,N,F,,C,2014_07_PA0250900_NIBRS,
6621890,16423,8,2014,U,,,N,F,,C,2014_08_PA0250900_NIBRS,
6644340,16423,9,2014,U,,,N,F,,C,2014_09_PA0250900_NIBRS,
6666790,16423,10,2014,U,,,N,F,,C,2014_10_PA0250900_NIBRS,
6689240,16423,11,2014,U,,,N,F,,C,2014_11_PA0250900_NIBRS,
6711690,16423,12,2014,U,,,N,F,,C,2014_12_PA0250900_NIBRS,
6464741,16424,1,2014,U,,,N,F,,C,2014_01_PA0251000_NIBRS,
6487191,16424,2,2014,U,,,N,F,,C,2014_02_PA0251000_NIBRS,
6509641,16424,3,2014,U,,,N,F,,C,2014_03_PA0251000_NIBRS,
6532091,16424,4,2014,U,,,N,F,,C,2014_04_PA0251000_NIBRS,
6554541,16424,5,2014,U,,,N,F,,C,2014_05_PA0251000_NIBRS,
6576991,16424,6,2014,U,,,N,F,,C,2014_06_PA0251000_NIBRS,
6599441,16424,7,2014,U,,,N,F,,C,2014_07_PA0251000_NIBRS,
6621891,16424,8,2014,U,,,N,F,,C,2014_08_PA0251000_NIBRS,
6644341,16424,9,2014,U,,,N,F,,C,2014_09_PA0251000_NIBRS,
6666791,16424,10,2014,U,,,N,F,,C,2014_10_PA0251000_NIBRS,
6689241,16424,11,2014,U,,,N,F,,C,2014_11_PA0251000_NIBRS,
6711691,16424,12,2014,U,,,N,F,,C,2014_12_PA0251000_NIBRS,
6464742,16425,1,2014,U,,,N,F,,C,2014_01_PA0251100_NIBRS,
6487192,16425,2,2014,U,,,N,F,,C,2014_02_PA0251100_NIBRS,
6509642,16425,3,2014,U,,,N,F,,C,2014_03_PA0251100_NIBRS,
6532092,16425,4,2014,U,,,N,F,,C,2014_04_PA0251100_NIBRS,
6554542,16425,5,2014,U,,,N,F,,C,2014_05_PA0251100_NIBRS,
6576992,16425,6,2014,U,,,N,F,,C,2014_06_PA0251100_NIBRS,
6599442,16425,7,2014,U,,,N,F,,C,2014_07_PA0251100_NIBRS,
6621892,16425,8,2014,U,,,N,F,,C,2014_08_PA0251100_NIBRS,
6644342,16425,9,2014,U,,,N,F,,C,2014_09_PA0251100_NIBRS,
6666792,16425,10,2014,U,,,N,F,,C,2014_10_PA0251100_NIBRS,
6689242,16425,11,2014,U,,,N,F,,C,2014_11_PA0251100_NIBRS,
6711692,16425,12,2014,U,,,N,F,,C,2014_12_PA0251100_NIBRS,
6464743,16426,1,2014,U,,,N,F,,C,2014_01_PA0251200_NIBRS,
6487193,16426,2,2014,U,,,N,F,,C,2014_02_PA0251200_NIBRS,
6509643,16426,3,2014,U,,,N,F,,C,2014_03_PA0251200_NIBRS,
6532093,16426,4,2014,U,,,N,F,,C,2014_04_PA0251200_NIBRS,
6554543,16426,5,2014,U,,,N,F,,C,2014_05_PA0251200_NIBRS,
6576993,16426,6,2014,U,,,N,F,,C,2014_06_PA0251200_NIBRS,
6599443,16426,7,2014,U,,,N,F,,C,2014_07_PA0251200_NIBRS,
6621893,16426,8,2014,U,,,N,F,,C,2014_08_PA0251200_NIBRS,
6644343,16426,9,2014,U,,,N,F,,C,2014_09_PA0251200_NIBRS,
6666793,16426,10,2014,U,,,N,F,,C,2014_10_PA0251200_NIBRS,
6689243,16426,11,2014,U,,,N,F,,C,2014_11_PA0251200_NIBRS,
6711693,16426,12,2014,U,,,N,F,,C,2014_12_PA0251200_NIBRS,
6464744,16427,1,2014,U,,,N,F,,C,2014_01_PA0251300_NIBRS,
6487194,16427,2,2014,U,,,N,F,,C,2014_02_PA0251300_NIBRS,
6509644,16427,3,2014,U,,,N,F,,C,2014_03_PA0251300_NIBRS,
6532094,16427,4,2014,U,,,N,F,,C,2014_04_PA0251300_NIBRS,
6554544,16427,5,2014,U,,,N,F,,C,2014_05_PA0251300_NIBRS,
6576994,16427,6,2014,U,,,N,F,,C,2014_06_PA0251300_NIBRS,
6599444,16427,7,2014,U,,,N,F,,C,2014_07_PA0251300_NIBRS,
6621894,16427,8,2014,U,,,N,F,,C,2014_08_PA0251300_NIBRS,
6644344,16427,9,2014,U,,,N,F,,C,2014_09_PA0251300_NIBRS,
6666794,16427,10,2014,U,,,N,F,,C,2014_10_PA0251300_NIBRS,
6689244,16427,11,2014,U,,,N,F,,C,2014_11_PA0251300_NIBRS,
6711694,16427,12,2014,U,,,N,F,,C,2014_12_PA0251300_NIBRS,
6464745,16428,1,2014,U,,,N,F,,C,2014_01_PA0251600_NIBRS,
6487195,16428,2,2014,U,,,N,F,,C,2014_02_PA0251600_NIBRS,
6509645,16428,3,2014,U,,,N,F,,C,2014_03_PA0251600_NIBRS,
6532095,16428,4,2014,U,,,N,F,,C,2014_04_PA0251600_NIBRS,
6554545,16428,5,2014,U,,,N,F,,C,2014_05_PA0251600_NIBRS,
6576995,16428,6,2014,U,,,N,F,,C,2014_06_PA0251600_NIBRS,
6599445,16428,7,2014,U,,,N,F,,C,2014_07_PA0251600_NIBRS,
6621895,16428,8,2014,U,,,N,F,,C,2014_08_PA0251600_NIBRS,
6644345,16428,9,2014,U,,,N,F,,C,2014_09_PA0251600_NIBRS,
6666795,16428,10,2014,U,,,N,F,,C,2014_10_PA0251600_NIBRS,
6689245,16428,11,2014,U,,,N,F,,C,2014_11_PA0251600_NIBRS,
6711695,16428,12,2014,U,,,N,F,,C,2014_12_PA0251600_NIBRS,
6464746,16429,1,2014,U,,,N,F,,C,2014_01_PA0251700_NIBRS,
6487196,16429,2,2014,U,,,N,F,,C,2014_02_PA0251700_NIBRS,
6509646,16429,3,2014,U,,,N,F,,C,2014_03_PA0251700_NIBRS,
6532096,16429,4,2014,U,,,N,F,,C,2014_04_PA0251700_NIBRS,
6554546,16429,5,2014,U,,,N,F,,C,2014_05_PA0251700_NIBRS,
6576996,16429,6,2014,U,,,N,F,,C,2014_06_PA0251700_NIBRS,
6599446,16429,7,2014,U,,,N,F,,C,2014_07_PA0251700_NIBRS,
6621896,16429,8,2014,U,,,N,F,,C,2014_08_PA0251700_NIBRS,
6644346,16429,9,2014,U,,,N,F,,C,2014_09_PA0251700_NIBRS,
6666796,16429,10,2014,U,,,N,F,,C,2014_10_PA0251700_NIBRS,
6689246,16429,11,2014,U,,,N,F,,C,2014_11_PA0251700_NIBRS,
6711696,16429,12,2014,U,,,N,F,,C,2014_12_PA0251700_NIBRS,
6464747,16430,1,2014,U,,,N,F,,C,2014_01_PA0251900_NIBRS,
6487197,16430,2,2014,U,,,N,F,,C,2014_02_PA0251900_NIBRS,
6509647,16430,3,2014,U,,,N,F,,C,2014_03_PA0251900_NIBRS,
6532097,16430,4,2014,U,,,N,F,,C,2014_04_PA0251900_NIBRS,
6554547,16430,5,2014,U,,,N,F,,C,2014_05_PA0251900_NIBRS,
6576997,16430,6,2014,U,,,N,F,,C,2014_06_PA0251900_NIBRS,
6599447,16430,7,2014,U,,,N,F,,C,2014_07_PA0251900_NIBRS,
6621897,16430,8,2014,U,,,N,F,,C,2014_08_PA0251900_NIBRS,
6644347,16430,9,2014,U,,,N,F,,C,2014_09_PA0251900_NIBRS,
6666797,16430,10,2014,U,,,N,F,,C,2014_10_PA0251900_NIBRS,
6689247,16430,11,2014,U,,,N,F,,C,2014_11_PA0251900_NIBRS,
6711697,16430,12,2014,U,,,N,F,,C,2014_12_PA0251900_NIBRS,
6464847,16530,1,2014,U,,,N,F,,C,2014_01_PA0340500_NIBRS,
6487297,16530,2,2014,U,,,N,F,,C,2014_02_PA0340500_NIBRS,
6509747,16530,3,2014,U,,,N,F,,C,2014_03_PA0340500_NIBRS,
6532197,16530,4,2014,U,,,N,F,,C,2014_04_PA0340500_NIBRS,
6554647,16530,5,2014,U,,,N,F,,C,2014_05_PA0340500_NIBRS,
6577097,16530,6,2014,U,,,N,F,,C,2014_06_PA0340500_NIBRS,
6599547,16530,7,2014,U,,,N,F,,C,2014_07_PA0340500_NIBRS,
6621997,16530,8,2014,U,,,N,F,,C,2014_08_PA0340500_NIBRS,
6644447,16530,9,2014,U,,,N,F,,C,2014_09_PA0340500_NIBRS,
6666897,16530,10,2014,U,,,N,F,,C,2014_10_PA0340500_NIBRS,
6689347,16530,11,2014,U,,,N,F,,C,2014_11_PA0340500_NIBRS,
6711797,16530,12,2014,U,,,N,F,,C,2014_12_PA0340500_NIBRS,
6464358,16041,1,2014,U,,,N,F,,C,2014_01_PA0100900_NIBRS,
6486808,16041,2,2014,U,,,N,F,,C,2014_02_PA0100900_NIBRS,
6509258,16041,3,2014,U,,,N,F,,C,2014_03_PA0100900_NIBRS,
6531708,16041,4,2014,U,,,N,F,,C,2014_04_PA0100900_NIBRS,
6554158,16041,5,2014,U,,,N,F,,C,2014_05_PA0100900_NIBRS,
6576608,16041,6,2014,U,,,N,F,,C,2014_06_PA0100900_NIBRS,
6599058,16041,7,2014,U,,,N,F,,C,2014_07_PA0100900_NIBRS,
6621508,16041,8,2014,U,,,N,F,,C,2014_08_PA0100900_NIBRS,
6643958,16041,9,2014,U,,,N,F,,C,2014_09_PA0100900_NIBRS,
6666408,16041,10,2014,U,,,N,F,,C,2014_10_PA0100900_NIBRS,
6688858,16041,11,2014,U,,,N,F,,C,2014_11_PA0100900_NIBRS,
6711308,16041,12,2014,U,,,N,F,,C,2014_12_PA0100900_NIBRS,
6464359,16042,1,2014,U,,,N,F,,C,2014_01_PA0101000_NIBRS,
6486809,16042,2,2014,U,,,N,F,,C,2014_02_PA0101000_NIBRS,
6509259,16042,3,2014,U,,,N,F,,C,2014_03_PA0101000_NIBRS,
6531709,16042,4,2014,U,,,N,F,,C,2014_04_PA0101000_NIBRS,
6554159,16042,5,2014,U,,,N,F,,C,2014_05_PA0101000_NIBRS,
6576609,16042,6,2014,U,,,N,F,,C,2014_06_PA0101000_NIBRS,
6599059,16042,7,2014,U,,,N,F,,C,2014_07_PA0101000_NIBRS,
6621509,16042,8,2014,U,,,N,F,,C,2014_08_PA0101000_NIBRS,
6643959,16042,9,2014,U,,,N,F,,C,2014_09_PA0101000_NIBRS,
6666409,16042,10,2014,U,,,N,F,,C,2014_10_PA0101000_NIBRS,
6688859,16042,11,2014,U,,,N,F,,C,2014_11_PA0101000_NIBRS,
6711309,16042,12,2014,U,,,N,F,,C,2014_12_PA0101000_NIBRS,
6464360,16043,1,2014,U,,,N,F,,C,2014_01_PA0101100_NIBRS,
6486810,16043,2,2014,U,,,N,F,,C,2014_02_PA0101100_NIBRS,
6509260,16043,3,2014,U,,,N,F,,C,2014_03_PA0101100_NIBRS,
6531710,16043,4,2014,U,,,N,F,,C,2014_04_PA0101100_NIBRS,
6554160,16043,5,2014,U,,,N,F,,C,2014_05_PA0101100_NIBRS,
6576610,16043,6,2014,U,,,N,F,,C,2014_06_PA0101100_NIBRS,
6599060,16043,7,2014,U,,,N,F,,C,2014_07_PA0101100_NIBRS,
6621510,16043,8,2014,U,,,N,F,,C,2014_08_PA0101100_NIBRS,
6643960,16043,9,2014,U,,,N,F,,C,2014_09_PA0101100_NIBRS,
6666410,16043,10,2014,U,,,N,F,,C,2014_10_PA0101100_NIBRS,
6688860,16043,11,2014,U,,,N,F,,C,2014_11_PA0101100_NIBRS,
6711310,16043,12,2014,U,,,N,F,,C,2014_12_PA0101100_NIBRS,
6464361,16044,1,2014,U,,,N,F,,C,2014_01_PA0101200_NIBRS,
6486811,16044,2,2014,U,,,N,F,,C,2014_02_PA0101200_NIBRS,
6509261,16044,3,2014,U,,,N,F,,C,2014_03_PA0101200_NIBRS,
6531711,16044,4,2014,U,,,N,F,,C,2014_04_PA0101200_NIBRS,
6554161,16044,5,2014,U,,,N,F,,C,2014_05_PA0101200_NIBRS,
6576611,16044,6,2014,U,,,N,F,,C,2014_06_PA0101200_NIBRS,
6599061,16044,7,2014,U,,,N,F,,C,2014_07_PA0101200_NIBRS,
6621511,16044,8,2014,U,,,N,F,,C,2014_08_PA0101200_NIBRS,
6643961,16044,9,2014,U,,,N,F,,C,2014_09_PA0101200_NIBRS,
6666411,16044,10,2014,U,,,N,F,,C,2014_10_PA0101200_NIBRS,
6688861,16044,11,2014,U,,,N,F,,C,2014_11_PA0101200_NIBRS,
6711311,16044,12,2014,U,,,N,F,,C,2014_12_PA0101200_NIBRS,
6464362,16045,1,2014,U,,,N,F,,C,2014_01_PA0101700_NIBRS,
6486812,16045,2,2014,U,,,N,F,,C,2014_02_PA0101700_NIBRS,
6509262,16045,3,2014,U,,,N,F,,C,2014_03_PA0101700_NIBRS,
6531712,16045,4,2014,U,,,N,F,,C,2014_04_PA0101700_NIBRS,
6554162,16045,5,2014,U,,,N,F,,C,2014_05_PA0101700_NIBRS,
6576612,16045,6,2014,U,,,N,F,,C,2014_06_PA0101700_NIBRS,
6599062,16045,7,2014,U,,,N,F,,C,2014_07_PA0101700_NIBRS,
6621512,16045,8,2014,U,,,N,F,,C,2014_08_PA0101700_NIBRS,
6643962,16045,9,2014,U,,,N,F,,C,2014_09_PA0101700_NIBRS,
6666412,16045,10,2014,U,,,N,F,,C,2014_10_PA0101700_NIBRS,
6688862,16045,11,2014,U,,,N,F,,C,2014_11_PA0101700_NIBRS,
6711312,16045,12,2014,U,,,N,F,,C,2014_12_PA0101700_NIBRS,
6464363,16046,1,2014,U,,,N,F,,C,2014_01_PA0101800_NIBRS,
6486813,16046,2,2014,U,,,N,F,,C,2014_02_PA0101800_NIBRS,
6509263,16046,3,2014,U,,,N,F,,C,2014_03_PA0101800_NIBRS,
6531713,16046,4,2014,U,,,N,F,,C,2014_04_PA0101800_NIBRS,
6554163,16046,5,2014,U,,,N,F,,C,2014_05_PA0101800_NIBRS,
6576613,16046,6,2014,U,,,N,F,,C,2014_06_PA0101800_NIBRS,
6599063,16046,7,2014,U,,,N,F,,C,2014_07_PA0101800_NIBRS,
6621513,16046,8,2014,U,,,N,F,,C,2014_08_PA0101800_NIBRS,
6643963,16046,9,2014,U,,,N,F,,C,2014_09_PA0101800_NIBRS,
6666413,16046,10,2014,U,,,N,F,,C,2014_10_PA0101800_NIBRS,
6688863,16046,11,2014,U,,,N,F,,C,2014_11_PA0101800_NIBRS,
6711313,16046,12,2014,U,,,N,F,,C,2014_12_PA0101800_NIBRS,
6464364,16047,1,2014,U,,,N,F,,C,2014_01_PA0101900_NIBRS,
6486814,16047,2,2014,U,,,N,F,,C,2014_02_PA0101900_NIBRS,
6509264,16047,3,2014,U,,,N,F,,C,2014_03_PA0101900_NIBRS,
6531714,16047,4,2014,U,,,N,F,,C,2014_04_PA0101900_NIBRS,
6554164,16047,5,2014,U,,,N,F,,C,2014_05_PA0101900_NIBRS,
6576614,16047,6,2014,U,,,N,F,,C,2014_06_PA0101900_NIBRS,
6599064,16047,7,2014,U,,,N,F,,C,2014_07_PA0101900_NIBRS,
6621514,16047,8,2014,U,,,N,F,,C,2014_08_PA0101900_NIBRS,
6643964,16047,9,2014,U,,,N,F,,C,2014_09_PA0101900_NIBRS,
6666414,16047,10,2014,U,,,N,F,,C,2014_10_PA0101900_NIBRS,
6688864,16047,11,2014,U,,,N,F,,C,2014_11_PA0101900_NIBRS,
6711314,16047,12,2014,U,,,N,F,,C,2014_12_PA0101900_NIBRS,
6464365,16048,1,2014,U,,,N,F,,C,2014_01_PA0102200_NIBRS,
6486815,16048,2,2014,U,,,N,F,,C,2014_02_PA0102200_NIBRS,
6509265,16048,3,2014,U,,,N,F,,C,2014_03_PA0102200_NIBRS,
6531715,16048,4,2014,U,,,N,F,,C,2014_04_PA0102200_NIBRS,
6554165,16048,5,2014,U,,,N,F,,C,2014_05_PA0102200_NIBRS,
6576615,16048,6,2014,U,,,N,F,,C,2014_06_PA0102200_NIBRS,
6599065,16048,7,2014,U,,,N,F,,C,2014_07_PA0102200_NIBRS,
6621515,16048,8,2014,U,,,N,F,,C,2014_08_PA0102200_NIBRS,
6643965,16048,9,2014,U,,,N,F,,C,2014_09_PA0102200_NIBRS,
6666415,16048,10,2014,U,,,N,F,,C,2014_10_PA0102200_NIBRS,
6688865,16048,11,2014,U,,,N,F,,C,2014_11_PA0102200_NIBRS,
6711315,16048,12,2014,U,,,N,F,,C,2014_12_PA0102200_NIBRS,
6470443,23239,1,2014,U,,,N,F,,C,2014_01_PA0102300_NIBRS,
6492893,23239,2,2014,U,,,N,F,,C,2014_02_PA0102300_NIBRS,
6515343,23239,3,2014,U,,,N,F,,C,2014_03_PA0102300_NIBRS,
6537793,23239,4,2014,U,,,N,F,,C,2014_04_PA0102300_NIBRS,
6560243,23239,5,2014,U,,,N,F,,C,2014_05_PA0102300_NIBRS,
6582693,23239,6,2014,U,,,N,F,,C,2014_06_PA0102300_NIBRS,
6605143,23239,7,2014,U,,,N,F,,C,2014_07_PA0102300_NIBRS,
6627593,23239,8,2014,U,,,N,F,,C,2014_08_PA0102300_NIBRS,
6650043,23239,9,2014,U,,,N,F,,C,2014_09_PA0102300_NIBRS,
6672493,23239,10,2014,U,,,N,F,,C,2014_10_PA0102300_NIBRS,
6694943,23239,11,2014,U,,,N,F,,C,2014_11_PA0102300_NIBRS,
6717393,23239,12,2014,U,,,N,F,,C,2014_12_PA0102300_NIBRS,
6464366,16049,1,2014,U,,,N,F,,C,2014_01_PA0102500_NIBRS,
6486816,16049,2,2014,U,,,N,F,,C,2014_02_PA0102500_NIBRS,
6509266,16049,3,2014,U,,,N,F,,C,2014_03_PA0102500_NIBRS,
6531716,16049,4,2014,U,,,N,F,,C,2014_04_PA0102500_NIBRS,
6554166,16049,5,2014,U,,,N,F,,C,2014_05_PA0102500_NIBRS,
6576616,16049,6,2014,U,,,N,F,,C,2014_06_PA0102500_NIBRS,
6599066,16049,7,2014,U,,,N,F,,C,2014_07_PA0102500_NIBRS,
6621516,16049,8,2014,U,,,N,F,,C,2014_08_PA0102500_NIBRS,
6643966,16049,9,2014,U,,,N,F,,C,2014_09_PA0102500_NIBRS,
6666416,16049,10,2014,U,,,N,F,,C,2014_10_PA0102500_NIBRS,
6688866,16049,11,2014,U,,,N,F,,C,2014_11_PA0102500_NIBRS,
6711316,16049,12,2014,U,,,N,F,,C,2014_12_PA0102500_NIBRS,
6470518,23495,1,2014,U,,,N,F,,C,2014_01_PA0102800_NIBRS,
6492968,23495,2,2014,U,,,N,F,,C,2014_02_PA0102800_NIBRS,
6515418,23495,3,2014,U,,,N,F,,C,2014_03_PA0102800_NIBRS,
6537868,23495,4,2014,U,,,N,F,,C,2014_04_PA0102800_NIBRS,
6560318,23495,5,2014,U,,,N,F,,C,2014_05_PA0102800_NIBRS,
6582768,23495,6,2014,U,,,N,F,,C,2014_06_PA0102800_NIBRS,
6605218,23495,7,2014,U,,,N,F,,C,2014_07_PA0102800_NIBRS,
6627668,23495,8,2014,U,,,N,F,,C,2014_08_PA0102800_NIBRS,
6650118,23495,9,2014,U,,,N,F,,C,2014_09_PA0102800_NIBRS,
6672568,23495,10,2014,U,,,N,F,,C,2014_10_PA0102800_NIBRS,
6695018,23495,11,2014,U,,,N,F,,C,2014_11_PA0102800_NIBRS,
6717468,23495,12,2014,U,,,N,F,,C,2014_12_PA0102800_NIBRS,
6464367,16050,1,2014,U,,,N,F,,C,2014_01_PA0102900_NIBRS,
6486817,16050,2,2014,U,,,N,F,,C,2014_02_PA0102900_NIBRS,
6509267,16050,3,2014,U,,,N,F,,C,2014_03_PA0102900_NIBRS,
6531717,16050,4,2014,U,,,N,F,,C,2014_04_PA0102900_NIBRS,
6554167,16050,5,2014,U,,,N,F,,C,2014_05_PA0102900_NIBRS,
6576617,16050,6,2014,U,,,N,F,,C,2014_06_PA0102900_NIBRS,
6599067,16050,7,2014,U,,,N,F,,C,2014_07_PA0102900_NIBRS,
6621517,16050,8,2014,U,,,N,F,,C,2014_08_PA0102900_NIBRS,
6643967,16050,9,2014,U,,,N,F,,C,2014_09_PA0102900_NIBRS,
6666417,16050,10,2014,U,,,N,F,,C,2014_10_PA0102900_NIBRS,
6688867,16050,11,2014,U,,,N,F,,C,2014_11_PA0102900_NIBRS,
6711317,16050,12,2014,U,,,N,F,,C,2014_12_PA0102900_NIBRS,
6470526,23503,1,2014,U,,,N,F,,C,2014_01_PA0103000_NIBRS,
6492976,23503,2,2014,U,,,N,F,,C,2014_02_PA0103000_NIBRS,
6515426,23503,3,2014,U,,,N,F,,C,2014_03_PA0103000_NIBRS,
6537876,23503,4,2014,U,,,N,F,,C,2014_04_PA0103000_NIBRS,
6560326,23503,5,2014,U,,,N,F,,C,2014_05_PA0103000_NIBRS,
6582776,23503,6,2014,U,,,N,F,,C,2014_06_PA0103000_NIBRS,
6605226,23503,7,2014,U,,,N,F,,C,2014_07_PA0103000_NIBRS,
6627676,23503,8,2014,U,,,N,F,,C,2014_08_PA0103000_NIBRS,
6650126,23503,9,2014,U,,,N,F,,C,2014_09_PA0103000_NIBRS,
6672576,23503,10,2014,U,,,N,F,,C,2014_10_PA0103000_NIBRS,
6695026,23503,11,2014,U,,,N,F,,C,2014_11_PA0103000_NIBRS,
6717476,23503,12,2014,U,,,N,F,,C,2014_12_PA0103000_NIBRS,
6464368,16051,1,2014,U,,,N,F,,C,2014_01_PA0103300_NIBRS,
6486818,16051,2,2014,U,,,N,F,,C,2014_02_PA0103300_NIBRS,
6509268,16051,3,2014,U,,,N,F,,C,2014_03_PA0103300_NIBRS,
6531718,16051,4,2014,U,,,N,F,,C,2014_04_PA0103300_NIBRS,
6554168,16051,5,2014,U,,,N,F,,C,2014_05_PA0103300_NIBRS,
6576618,16051,6,2014,U,,,N,F,,C,2014_06_PA0103300_NIBRS,
6599068,16051,7,2014,U,,,N,F,,C,2014_07_PA0103300_NIBRS,
6621518,16051,8,2014,U,,,N,F,,C,2014_08_PA0103300_NIBRS,
6643968,16051,9,2014,U,,,N,F,,C,2014_09_PA0103300_NIBRS,
6666418,16051,10,2014,U,,,N,F,,C,2014_10_PA0103300_NIBRS,
6688868,16051,11,2014,U,,,N,F,,C,2014_11_PA0103300_NIBRS,
6711318,16051,12,2014,U,,,N,F,,C,2014_12_PA0103300_NIBRS,
6464901,16584,1,2014,U,,,N,F,,C,2014_01_PA0361500_NIBRS,
6487351,16584,2,2014,U,,,N,F,,C,2014_02_PA0361500_NIBRS,
6509801,16584,3,2014,U,,,N,F,,C,2014_03_PA0361500_NIBRS,
6532251,16584,4,2014,U,,,N,F,,C,2014_04_PA0361500_NIBRS,
6554701,16584,5,2014,U,,,N,F,,C,2014_05_PA0361500_NIBRS,
6577151,16584,6,2014,U,,,N,F,,C,2014_06_PA0361500_NIBRS,
6599601,16584,7,2014,U,,,N,F,,C,2014_07_PA0361500_NIBRS,
6622051,16584,8,2014,U,,,N,F,,C,2014_08_PA0361500_NIBRS,
6644501,16584,9,2014,U,,,N,F,,C,2014_09_PA0361500_NIBRS,
6666951,16584,10,2014,U,,,N,F,,C,2014_10_PA0361500_NIBRS,
6689401,16584,11,2014,U,,,N,F,,C,2014_11_PA0361500_NIBRS,
6711851,16584,12,2014,U,,,N,F,,C,2014_12_PA0361500_NIBRS,
6464902,16585,1,2014,U,,,N,F,,C,2014_01_PA0361600_NIBRS,
6487352,16585,2,2014,U,,,N,F,,C,2014_02_PA0361600_NIBRS,
6509802,16585,3,2014,U,,,N,F,,C,2014_03_PA0361600_NIBRS,
6532252,16585,4,2014,U,,,N,F,,C,2014_04_PA0361600_NIBRS,
6554702,16585,5,2014,U,,,N,F,,C,2014_05_PA0361600_NIBRS,
6577152,16585,6,2014,U,,,N,F,,C,2014_06_PA0361600_NIBRS,
6599602,16585,7,2014,U,,,N,F,,C,2014_07_PA0361600_NIBRS,
6622052,16585,8,2014,U,,,N,F,,C,2014_08_PA0361600_NIBRS,
6644502,16585,9,2014,U,,,N,F,,C,2014_09_PA0361600_NIBRS,
6666952,16585,10,2014,U,,,N,F,,C,2014_10_PA0361600_NIBRS,
6689402,16585,11,2014,U,,,N,F,,C,2014_11_PA0361600_NIBRS,
6711852,16585,12,2014,U,,,N,F,,C,2014_12_PA0361600_NIBRS,
6464903,16586,1,2014,U,,,N,F,,C,2014_01_PA0361700_NIBRS,
6487353,16586,2,2014,U,,,N,F,,C,2014_02_PA0361700_NIBRS,
6509803,16586,3,2014,U,,,N,F,,C,2014_03_PA0361700_NIBRS,
6532253,16586,4,2014,U,,,N,F,,C,2014_04_PA0361700_NIBRS,
6554703,16586,5,2014,U,,,N,F,,C,2014_05_PA0361700_NIBRS,
6577153,16586,6,2014,U,,,N,F,,C,2014_06_PA0361700_NIBRS,
6599603,16586,7,2014,U,,,N,F,,C,2014_07_PA0361700_NIBRS,
6622053,16586,8,2014,U,,,N,F,,C,2014_08_PA0361700_NIBRS,
6644503,16586,9,2014,U,,,N,F,,C,2014_09_PA0361700_NIBRS,
6666953,16586,10,2014,U,,,N,F,,C,2014_10_PA0361700_NIBRS,
6689403,16586,11,2014,U,,,N,F,,C,2014_11_PA0361700_NIBRS,
6711853,16586,12,2014,U,,,N,F,,C,2014_12_PA0361700_NIBRS,
6464904,16587,1,2014,U,,,N,F,,C,2014_01_PA0361800_NIBRS,
6487354,16587,2,2014,U,,,N,F,,C,2014_02_PA0361800_NIBRS,
6509804,16587,3,2014,U,,,N,F,,C,2014_03_PA0361800_NIBRS,
6532254,16587,4,2014,U,,,N,F,,C,2014_04_PA0361800_NIBRS,
6554704,16587,5,2014,U,,,N,F,,C,2014_05_PA0361800_NIBRS,
6577154,16587,6,2014,U,,,N,F,,C,2014_06_PA0361800_NIBRS,
6599604,16587,7,2014,U,,,N,F,,C,2014_07_PA0361800_NIBRS,
6622054,16587,8,2014,U,,,N,F,,C,2014_08_PA0361800_NIBRS,
6644504,16587,9,2014,U,,,N,F,,C,2014_09_PA0361800_NIBRS,
6666954,16587,10,2014,U,,,N,F,,C,2014_10_PA0361800_NIBRS,
6689404,16587,11,2014,U,,,N,F,,C,2014_11_PA0361800_NIBRS,
6711854,16587,12,2014,U,,,N,F,,C,2014_12_PA0361800_NIBRS,
6464905,16588,1,2014,U,,,N,F,,C,2014_01_PA0361900_NIBRS,
6487355,16588,2,2014,U,,,N,F,,C,2014_02_PA0361900_NIBRS,
6509805,16588,3,2014,U,,,N,F,,C,2014_03_PA0361900_NIBRS,
6532255,16588,4,2014,U,,,N,F,,C,2014_04_PA0361900_NIBRS,
6554705,16588,5,2014,U,,,N,F,,C,2014_05_PA0361900_NIBRS,
6577155,16588,6,2014,U,,,N,F,,C,2014_06_PA0361900_NIBRS,
6599605,16588,7,2014,U,,,N,F,,C,2014_07_PA0361900_NIBRS,
6622055,16588,8,2014,U,,,N,F,,C,2014_08_PA0361900_NIBRS,
6644505,16588,9,2014,U,,,N,F,,C,2014_09_PA0361900_NIBRS,
6666955,16588,10,2014,U,,,N,F,,C,2014_10_PA0361900_NIBRS,
6689405,16588,11,2014,U,,,N,F,,C,2014_11_PA0361900_NIBRS,
6711855,16588,12,2014,U,,,N,F,,C,2014_12_PA0361900_NIBRS,
6464906,16589,1,2014,U,,,N,F,,C,2014_01_PA0362000_NIBRS,
6487356,16589,2,2014,U,,,N,F,,C,2014_02_PA0362000_NIBRS,
6509806,16589,3,2014,U,,,N,F,,C,2014_03_PA0362000_NIBRS,
6532256,16589,4,2014,U,,,N,F,,C,2014_04_PA0362000_NIBRS,
6554706,16589,5,2014,U,,,N,F,,C,2014_05_PA0362000_NIBRS,
6577156,16589,6,2014,U,,,N,F,,C,2014_06_PA0362000_NIBRS,
6599606,16589,7,2014,U,,,N,F,,C,2014_07_PA0362000_NIBRS,
6622056,16589,8,2014,U,,,N,F,,C,2014_08_PA0362000_NIBRS,
6644506,16589,9,2014,U,,,N,F,,C,2014_09_PA0362000_NIBRS,
6666956,16589,10,2014,U,,,N,F,,C,2014_10_PA0362000_NIBRS,
6689406,16589,11,2014,U,,,N,F,,C,2014_11_PA0362000_NIBRS,
6711856,16589,12,2014,U,,,N,F,,C,2014_12_PA0362000_NIBRS,
6464907,16590,1,2014,U,,,N,F,,C,2014_01_PA0362100_NIBRS,
6487357,16590,2,2014,U,,,N,F,,C,2014_02_PA0362100_NIBRS,
6509807,16590,3,2014,U,,,N,F,,C,2014_03_PA0362100_NIBRS,
6532257,16590,4,2014,U,,,N,F,,C,2014_04_PA0362100_NIBRS,
6554707,16590,5,2014,U,,,N,F,,C,2014_05_PA0362100_NIBRS,
6577157,16590,6,2014,U,,,N,F,,C,2014_06_PA0362100_NIBRS,
6599607,16590,7,2014,U,,,N,F,,C,2014_07_PA0362100_NIBRS,
6622057,16590,8,2014,U,,,N,F,,C,2014_08_PA0362100_NIBRS,
6644507,16590,9,2014,U,,,N,F,,C,2014_09_PA0362100_NIBRS,
6666957,16590,10,2014,U,,,N,F,,C,2014_10_PA0362100_NIBRS,
6689407,16590,11,2014,U,,,N,F,,C,2014_11_PA0362100_NIBRS,
6711857,16590,12,2014,U,,,N,F,,C,2014_12_PA0362100_NIBRS,
6464908,16591,1,2014,U,,,N,F,,C,2014_01_PA0362300_NIBRS,
6487358,16591,2,2014,U,,,N,F,,C,2014_02_PA0362300_NIBRS,
6509808,16591,3,2014,U,,,N,F,,C,2014_03_PA0362300_NIBRS,
6532258,16591,4,2014,U,,,N,F,,C,2014_04_PA0362300_NIBRS,
6554708,16591,5,2014,U,,,N,F,,C,2014_05_PA0362300_NIBRS,
6577158,16591,6,2014,U,,,N,F,,C,2014_06_PA0362300_NIBRS,
6599608,16591,7,2014,U,,,N,F,,C,2014_07_PA0362300_NIBRS,
6622058,16591,8,2014,U,,,N,F,,C,2014_08_PA0362300_NIBRS,
6644508,16591,9,2014,U,,,N,F,,C,2014_09_PA0362300_NIBRS,
6666958,16591,10,2014,U,,,N,F,,C,2014_10_PA0362300_NIBRS,
6689408,16591,11,2014,U,,,N,F,,C,2014_11_PA0362300_NIBRS,
6711858,16591,12,2014,U,,,N,F,,C,2014_12_PA0362300_NIBRS,
6464909,16592,1,2014,U,,,N,F,,C,2014_01_PA0362400_NIBRS,
6487359,16592,2,2014,U,,,N,F,,C,2014_02_PA0362400_NIBRS,
6509809,16592,3,2014,U,,,N,F,,C,2014_03_PA0362400_NIBRS,
6532259,16592,4,2014,U,,,N,F,,C,2014_04_PA0362400_NIBRS,
6554709,16592,5,2014,U,,,N,F,,C,2014_05_PA0362400_NIBRS,
6577159,16592,6,2014,U,,,N,F,,C,2014_06_PA0362400_NIBRS,
6599609,16592,7,2014,U,,,N,F,,C,2014_07_PA0362400_NIBRS,
6622059,16592,8,2014,U,,,N,F,,C,2014_08_PA0362400_NIBRS,
6644509,16592,9,2014,U,,,N,F,,C,2014_09_PA0362400_NIBRS,
6666959,16592,10,2014,U,,,N,F,,C,2014_10_PA0362400_NIBRS,
6689409,16592,11,2014,U,,,N,F,,C,2014_11_PA0362400_NIBRS,
6711859,16592,12,2014,U,,,N,F,,C,2014_12_PA0362400_NIBRS,
6464910,16593,1,2014,U,,,N,F,,C,2014_01_PA0362500_NIBRS,
6487360,16593,2,2014,U,,,N,F,,C,2014_02_PA0362500_NIBRS,
6509810,16593,3,2014,U,,,N,F,,C,2014_03_PA0362500_NIBRS,
6532260,16593,4,2014,U,,,N,F,,C,2014_04_PA0362500_NIBRS,
6554710,16593,5,2014,U,,,N,F,,C,2014_05_PA0362500_NIBRS,
6577160,16593,6,2014,U,,,N,F,,C,2014_06_PA0362500_NIBRS,
6599610,16593,7,2014,U,,,N,F,,C,2014_07_PA0362500_NIBRS,
6622060,16593,8,2014,U,,,N,F,,C,2014_08_PA0362500_NIBRS,
6644510,16593,9,2014,U,,,N,F,,C,2014_09_PA0362500_NIBRS,
6666960,16593,10,2014,U,,,N,F,,C,2014_10_PA0362500_NIBRS,
6689410,16593,11,2014,U,,,N,F,,C,2014_11_PA0362500_NIBRS,
6711860,16593,12,2014,U,,,N,F,,C,2014_12_PA0362500_NIBRS,
6464911,16594,1,2014,U,,,N,F,,C,2014_01_PA0362600_NIBRS,
6487361,16594,2,2014,U,,,N,F,,C,2014_02_PA0362600_NIBRS,
6509811,16594,3,2014,U,,,N,F,,C,2014_03_PA0362600_NIBRS,
6532261,16594,4,2014,U,,,N,F,,C,2014_04_PA0362600_NIBRS,
6554711,16594,5,2014,U,,,N,F,,C,2014_05_PA0362600_NIBRS,
6577161,16594,6,2014,U,,,N,F,,C,2014_06_PA0362600_NIBRS,
6599611,16594,7,2014,U,,,N,F,,C,2014_07_PA0362600_NIBRS,
6622061,16594,8,2014,U,,,N,F,,C,2014_08_PA0362600_NIBRS,
6644511,16594,9,2014,U,,,N,F,,C,2014_09_PA0362600_NIBRS,
6666961,16594,10,2014,U,,,N,F,,C,2014_10_PA0362600_NIBRS,
6689411,16594,11,2014,U,,,N,F,,C,2014_11_PA0362600_NIBRS,
6711861,16594,12,2014,U,,,N,F,,C,2014_12_PA0362600_NIBRS,
6464912,16595,1,2014,U,,,N,F,,C,2014_01_PA0362700_NIBRS,
6487362,16595,2,2014,U,,,N,F,,C,2014_02_PA0362700_NIBRS,
6509812,16595,3,2014,U,,,N,F,,C,2014_03_PA0362700_NIBRS,
6532262,16595,4,2014,U,,,N,F,,C,2014_04_PA0362700_NIBRS,
6554712,16595,5,2014,U,,,N,F,,C,2014_05_PA0362700_NIBRS,
6577162,16595,6,2014,U,,,N,F,,C,2014_06_PA0362700_NIBRS,
6599612,16595,7,2014,U,,,N,F,,C,2014_07_PA0362700_NIBRS,
6622062,16595,8,2014,U,,,N,F,,C,2014_08_PA0362700_NIBRS,
6644512,16595,9,2014,U,,,N,F,,C,2014_09_PA0362700_NIBRS,
6666962,16595,10,2014,U,,,N,F,,C,2014_10_PA0362700_NIBRS,
6689412,16595,11,2014,U,,,N,F,,C,2014_11_PA0362700_NIBRS,
6711862,16595,12,2014,U,,,N,F,,C,2014_12_PA0362700_NIBRS,
6464913,16596,1,2014,U,,,N,F,,C,2014_01_PA0362800_NIBRS,
6487363,16596,2,2014,U,,,N,F,,C,2014_02_PA0362800_NIBRS,
6509813,16596,3,2014,U,,,N,F,,C,2014_03_PA0362800_NIBRS,
6532263,16596,4,2014,U,,,N,F,,C,2014_04_PA0362800_NIBRS,
6554713,16596,5,2014,U,,,N,F,,C,2014_05_PA0362800_NIBRS,
6577163,16596,6,2014,U,,,N,F,,C,2014_06_PA0362800_NIBRS,
6599613,16596,7,2014,U,,,N,F,,C,2014_07_PA0362800_NIBRS,
6622063,16596,8,2014,U,,,N,F,,C,2014_08_PA0362800_NIBRS,
6644513,16596,9,2014,U,,,N,F,,C,2014_09_PA0362800_NIBRS,
6666963,16596,10,2014,U,,,N,F,,C,2014_10_PA0362800_NIBRS,
6689413,16596,11,2014,U,,,N,F,,C,2014_11_PA0362800_NIBRS,
6711863,16596,12,2014,U,,,N,F,,C,2014_12_PA0362800_NIBRS,
6464914,16597,1,2014,U,,,N,F,,C,2014_01_PA0362900_NIBRS,
6487364,16597,2,2014,U,,,N,F,,C,2014_02_PA0362900_NIBRS,
6509814,16597,3,2014,U,,,N,F,,C,2014_03_PA0362900_NIBRS,
6532264,16597,4,2014,U,,,N,F,,C,2014_04_PA0362900_NIBRS,
6554714,16597,5,2014,U,,,N,F,,C,2014_05_PA0362900_NIBRS,
6577164,16597,6,2014,U,,,N,F,,C,2014_06_PA0362900_NIBRS,
6599614,16597,7,2014,U,,,N,F,,C,2014_07_PA0362900_NIBRS,
6622064,16597,8,2014,U,,,N,F,,C,2014_08_PA0362900_NIBRS,
6644514,16597,9,2014,U,,,N,F,,C,2014_09_PA0362900_NIBRS,
6666964,16597,10,2014,U,,,N,F,,C,2014_10_PA0362900_NIBRS,
6689414,16597,11,2014,U,,,N,F,,C,2014_11_PA0362900_NIBRS,
6711864,16597,12,2014,U,,,N,F,,C,2014_12_PA0362900_NIBRS,
6464915,16598,1,2014,U,,,N,F,,C,2014_01_PA0363000_NIBRS,
6487365,16598,2,2014,U,,,N,F,,C,2014_02_PA0363000_NIBRS,
6509815,16598,3,2014,U,,,N,F,,C,2014_03_PA0363000_NIBRS,
6532265,16598,4,2014,U,,,N,F,,C,2014_04_PA0363000_NIBRS,
6554715,16598,5,2014,U,,,N,F,,C,2014_05_PA0363000_NIBRS,
6577165,16598,6,2014,U,,,N,F,,C,2014_06_PA0363000_NIBRS,
6599615,16598,7,2014,U,,,N,F,,C,2014_07_PA0363000_NIBRS,
6622065,16598,8,2014,U,,,N,F,,C,2014_08_PA0363000_NIBRS,
6644515,16598,9,2014,U,,,N,F,,C,2014_09_PA0363000_NIBRS,
6666965,16598,10,2014,U,,,N,F,,C,2014_10_PA0363000_NIBRS,
6689415,16598,11,2014,U,,,N,F,,C,2014_11_PA0363000_NIBRS,
6711865,16598,12,2014,U,,,N,F,,C,2014_12_PA0363000_NIBRS,
6464916,16599,1,2014,I,,,N,F,,C,2014_01_PA0363100_NIBRS,
6487366,16599,2,2014,I,,,N,F,,C,2014_02_PA0363100_NIBRS,
6509816,16599,3,2014,Z,,,N,F,,C,2014_03_PA0363100_NIBRS,
6532266,16599,4,2014,Z,,,N,F,,C,2014_04_PA0363100_NIBRS,
6554716,16599,5,2014,Z,,,N,F,,C,2014_05_PA0363100_NIBRS,
6577166,16599,6,2014,I,,,N,F,,C,2014_06_PA0363100_NIBRS,
6599616,16599,7,2014,I,,,N,F,,C,2014_07_PA0363100_NIBRS,
6622066,16599,8,2014,I,,,N,F,,C,2014_08_PA0363100_NIBRS,
6644516,16599,9,2014,I,,,N,F,,C,2014_09_PA0363100_NIBRS,
6666966,16599,10,2014,I,,,N,F,,C,2014_10_PA0363100_NIBRS,
6689416,16599,11,2014,Z,,,N,F,,C,2014_11_PA0363100_NIBRS,
6711866,16599,12,2014,I,,,N,F,,C,2014_12_PA0363100_NIBRS,
6464917,16600,1,2014,U,,,N,F,,C,2014_01_PA0363200_NIBRS,
6487367,16600,2,2014,U,,,N,F,,C,2014_02_PA0363200_NIBRS,
6509817,16600,3,2014,U,,,N,F,,C,2014_03_PA0363200_NIBRS,
6532267,16600,4,2014,U,,,N,F,,C,2014_04_PA0363200_NIBRS,
6554717,16600,5,2014,U,,,N,F,,C,2014_05_PA0363200_NIBRS,
6577167,16600,6,2014,U,,,N,F,,C,2014_06_PA0363200_NIBRS,
6599617,16600,7,2014,U,,,N,F,,C,2014_07_PA0363200_NIBRS,
6622067,16600,8,2014,U,,,N,F,,C,2014_08_PA0363200_NIBRS,
6644517,16600,9,2014,U,,,N,F,,C,2014_09_PA0363200_NIBRS,
6666967,16600,10,2014,U,,,N,F,,C,2014_10_PA0363200_NIBRS,
6689417,16600,11,2014,U,,,N,F,,C,2014_11_PA0363200_NIBRS,
6711867,16600,12,2014,U,,,N,F,,C,2014_12_PA0363200_NIBRS,
6464918,16601,1,2014,U,,,N,F,,C,2014_01_PA0363300_NIBRS,
6487368,16601,2,2014,U,,,N,F,,C,2014_02_PA0363300_NIBRS,
6509818,16601,3,2014,U,,,N,F,,C,2014_03_PA0363300_NIBRS,
6532268,16601,4,2014,U,,,N,F,,C,2014_04_PA0363300_NIBRS,
6554718,16601,5,2014,U,,,N,F,,C,2014_05_PA0363300_NIBRS,
6577168,16601,6,2014,U,,,N,F,,C,2014_06_PA0363300_NIBRS,
6599618,16601,7,2014,U,,,N,F,,C,2014_07_PA0363300_NIBRS,
6622068,16601,8,2014,U,,,N,F,,C,2014_08_PA0363300_NIBRS,
6644518,16601,9,2014,U,,,N,F,,C,2014_09_PA0363300_NIBRS,
6666968,16601,10,2014,U,,,N,F,,C,2014_10_PA0363300_NIBRS,
6689418,16601,11,2014,U,,,N,F,,C,2014_11_PA0363300_NIBRS,
6711868,16601,12,2014,U,,,N,F,,C,2014_12_PA0363300_NIBRS,
6464919,16602,1,2014,U,,,N,F,,C,2014_01_PA0363400_NIBRS,
6487369,16602,2,2014,U,,,N,F,,C,2014_02_PA0363400_NIBRS,
6509819,16602,3,2014,U,,,N,F,,C,2014_03_PA0363400_NIBRS,
6532269,16602,4,2014,U,,,N,F,,C,2014_04_PA0363400_NIBRS,
6554719,16602,5,2014,U,,,N,F,,C,2014_05_PA0363400_NIBRS,
6577169,16602,6,2014,U,,,N,F,,C,2014_06_PA0363400_NIBRS,
6599619,16602,7,2014,U,,,N,F,,C,2014_07_PA0363400_NIBRS,
6622069,16602,8,2014,U,,,N,F,,C,2014_08_PA0363400_NIBRS,
6644519,16602,9,2014,U,,,N,F,,C,2014_09_PA0363400_NIBRS,
6666969,16602,10,2014,U,,,N,F,,C,2014_10_PA0363400_NIBRS,
6689419,16602,11,2014,U,,,N,F,,C,2014_11_PA0363400_NIBRS,
6711869,16602,12,2014,U,,,N,F,,C,2014_12_PA0363400_NIBRS,
6464920,16603,1,2014,U,,,N,F,,C,2014_01_PA0363500_NIBRS,
6487370,16603,2,2014,U,,,N,F,,C,2014_02_PA0363500_NIBRS,
6509820,16603,3,2014,U,,,N,F,,C,2014_03_PA0363500_NIBRS,
6532270,16603,4,2014,U,,,N,F,,C,2014_04_PA0363500_NIBRS,
6554720,16603,5,2014,U,,,N,F,,C,2014_05_PA0363500_NIBRS,
6577170,16603,6,2014,U,,,N,F,,C,2014_06_PA0363500_NIBRS,
6599620,16603,7,2014,U,,,N,F,,C,2014_07_PA0363500_NIBRS,
6622070,16603,8,2014,U,,,N,F,,C,2014_08_PA0363500_NIBRS,
6644520,16603,9,2014,U,,,N,F,,C,2014_09_PA0363500_NIBRS,
6666970,16603,10,2014,U,,,N,F,,C,2014_10_PA0363500_NIBRS,
6689420,16603,11,2014,U,,,N,F,,C,2014_11_PA0363500_NIBRS,
6711870,16603,12,2014,U,,,N,F,,C,2014_12_PA0363500_NIBRS,
6464921,16604,1,2014,U,,,N,F,,C,2014_01_PA0363600_NIBRS,
6487371,16604,2,2014,U,,,N,F,,C,2014_02_PA0363600_NIBRS,
6509821,16604,3,2014,U,,,N,F,,C,2014_03_PA0363600_NIBRS,
6532271,16604,4,2014,U,,,N,F,,C,2014_04_PA0363600_NIBRS,
6554721,16604,5,2014,U,,,N,F,,C,2014_05_PA0363600_NIBRS,
6577171,16604,6,2014,U,,,N,F,,C,2014_06_PA0363600_NIBRS,
6599621,16604,7,2014,U,,,N,F,,C,2014_07_PA0363600_NIBRS,
6622071,16604,8,2014,U,,,N,F,,C,2014_08_PA0363600_NIBRS,
6644521,16604,9,2014,U,,,N,F,,C,2014_09_PA0363600_NIBRS,
6666971,16604,10,2014,U,,,N,F,,C,2014_10_PA0363600_NIBRS,
6689421,16604,11,2014,U,,,N,F,,C,2014_11_PA0363600_NIBRS,
6711871,16604,12,2014,U,,,N,F,,C,2014_12_PA0363600_NIBRS,
6464922,16605,1,2014,U,,,N,F,,C,2014_01_PA0363700_NIBRS,
6487372,16605,2,2014,U,,,N,F,,C,2014_02_PA0363700_NIBRS,
6509822,16605,3,2014,U,,,N,F,,C,2014_03_PA0363700_NIBRS,
6532272,16605,4,2014,U,,,N,F,,C,2014_04_PA0363700_NIBRS,
6554722,16605,5,2014,U,,,N,F,,C,2014_05_PA0363700_NIBRS,
6577172,16605,6,2014,U,,,N,F,,C,2014_06_PA0363700_NIBRS,
6599622,16605,7,2014,U,,,N,F,,C,2014_07_PA0363700_NIBRS,
6622072,16605,8,2014,U,,,N,F,,C,2014_08_PA0363700_NIBRS,
6644522,16605,9,2014,U,,,N,F,,C,2014_09_PA0363700_NIBRS,
6666972,16605,10,2014,U,,,N,F,,C,2014_10_PA0363700_NIBRS,
6689422,16605,11,2014,U,,,N,F,,C,2014_11_PA0363700_NIBRS,
6711872,16605,12,2014,U,,,N,F,,C,2014_12_PA0363700_NIBRS,
6464923,16606,1,2014,U,,,N,F,,C,2014_01_PA0363800_NIBRS,
6487373,16606,2,2014,U,,,N,F,,C,2014_02_PA0363800_NIBRS,
6509823,16606,3,2014,U,,,N,F,,C,2014_03_PA0363800_NIBRS,
6532273,16606,4,2014,U,,,N,F,,C,2014_04_PA0363800_NIBRS,
6554723,16606,5,2014,U,,,N,F,,C,2014_05_PA0363800_NIBRS,
6577173,16606,6,2014,U,,,N,F,,C,2014_06_PA0363800_NIBRS,
6599623,16606,7,2014,U,,,N,F,,C,2014_07_PA0363800_NIBRS,
6622073,16606,8,2014,U,,,N,F,,C,2014_08_PA0363800_NIBRS,
6644523,16606,9,2014,U,,,N,F,,C,2014_09_PA0363800_NIBRS,
6666973,16606,10,2014,U,,,N,F,,C,2014_10_PA0363800_NIBRS,
6689423,16606,11,2014,U,,,N,F,,C,2014_11_PA0363800_NIBRS,
6711873,16606,12,2014,U,,,N,F,,C,2014_12_PA0363800_NIBRS,
6464924,16607,1,2014,I,,,N,F,,C,2014_01_PA0363900_NIBRS,
6487374,16607,2,2014,I,,,N,F,,C,2014_02_PA0363900_NIBRS,
6509824,16607,3,2014,I,,,N,F,,C,2014_03_PA0363900_NIBRS,
6532274,16607,4,2014,I,,,N,F,,C,2014_04_PA0363900_NIBRS,
6554724,16607,5,2014,I,,,N,F,,C,2014_05_PA0363900_NIBRS,
6577174,16607,6,2014,I,,,N,F,,C,2014_06_PA0363900_NIBRS,
6599624,16607,7,2014,I,,,N,F,,C,2014_07_PA0363900_NIBRS,
6622074,16607,8,2014,I,,,N,F,,C,2014_08_PA0363900_NIBRS,
6644524,16607,9,2014,I,,,N,F,,C,2014_09_PA0363900_NIBRS,
6666974,16607,10,2014,I,,,N,F,,C,2014_10_PA0363900_NIBRS,
6689424,16607,11,2014,I,,,N,F,,C,2014_11_PA0363900_NIBRS,
6711874,16607,12,2014,I,,,N,F,,C,2014_12_PA0363900_NIBRS,
6464925,16608,1,2014,U,,,N,F,,C,2014_01_PA0364000_NIBRS,
6487375,16608,2,2014,U,,,N,F,,C,2014_02_PA0364000_NIBRS,
6509825,16608,3,2014,U,,,N,F,,C,2014_03_PA0364000_NIBRS,
6532275,16608,4,2014,U,,,N,F,,C,2014_04_PA0364000_NIBRS,
6554725,16608,5,2014,U,,,N,F,,C,2014_05_PA0364000_NIBRS,
6577175,16608,6,2014,U,,,N,F,,C,2014_06_PA0364000_NIBRS,
6599625,16608,7,2014,U,,,N,F,,C,2014_07_PA0364000_NIBRS,
6622075,16608,8,2014,U,,,N,F,,C,2014_08_PA0364000_NIBRS,
6644525,16608,9,2014,U,,,N,F,,C,2014_09_PA0364000_NIBRS,
6666975,16608,10,2014,U,,,N,F,,C,2014_10_PA0364000_NIBRS,
6689425,16608,11,2014,U,,,N,F,,C,2014_11_PA0364000_NIBRS,
6711875,16608,12,2014,U,,,N,F,,C,2014_12_PA0364000_NIBRS,
6464926,16609,1,2014,U,,,N,F,,C,2014_01_PA0364100_NIBRS,
6487376,16609,2,2014,U,,,N,F,,C,2014_02_PA0364100_NIBRS,
6509826,16609,3,2014,U,,,N,F,,C,2014_03_PA0364100_NIBRS,
6532276,16609,4,2014,U,,,N,F,,C,2014_04_PA0364100_NIBRS,
6554726,16609,5,2014,U,,,N,F,,C,2014_05_PA0364100_NIBRS,
6577176,16609,6,2014,U,,,N,F,,C,2014_06_PA0364100_NIBRS,
6599626,16609,7,2014,U,,,N,F,,C,2014_07_PA0364100_NIBRS,
6622076,16609,8,2014,U,,,N,F,,C,2014_08_PA0364100_NIBRS,
6644526,16609,9,2014,U,,,N,F,,C,2014_09_PA0364100_NIBRS,
6666976,16609,10,2014,U,,,N,F,,C,2014_10_PA0364100_NIBRS,
6689426,16609,11,2014,U,,,N,F,,C,2014_11_PA0364100_NIBRS,
6711876,16609,12,2014,U,,,N,F,,C,2014_12_PA0364100_NIBRS,
6464927,16610,1,2014,U,,,N,F,,C,2014_01_PA0364200_NIBRS,
6487377,16610,2,2014,U,,,N,F,,C,2014_02_PA0364200_NIBRS,
6509827,16610,3,2014,U,,,N,F,,C,2014_03_PA0364200_NIBRS,
6532277,16610,4,2014,U,,,N,F,,C,2014_04_PA0364200_NIBRS,
6554727,16610,5,2014,U,,,N,F,,C,2014_05_PA0364200_NIBRS,
6577177,16610,6,2014,U,,,N,F,,C,2014_06_PA0364200_NIBRS,
6599627,16610,7,2014,U,,,N,F,,C,2014_07_PA0364200_NIBRS,
6622077,16610,8,2014,U,,,N,F,,C,2014_08_PA0364200_NIBRS,
6644527,16610,9,2014,U,,,N,F,,C,2014_09_PA0364200_NIBRS,
6666977,16610,10,2014,U,,,N,F,,C,2014_10_PA0364200_NIBRS,
6689427,16610,11,2014,U,,,N,F,,C,2014_11_PA0364200_NIBRS,
6711877,16610,12,2014,U,,,N,F,,C,2014_12_PA0364200_NIBRS,
6464928,16611,1,2014,U,,,N,F,,C,2014_01_PA0364300_NIBRS,
6487378,16611,2,2014,U,,,N,F,,C,2014_02_PA0364300_NIBRS,
6509828,16611,3,2014,U,,,N,F,,C,2014_03_PA0364300_NIBRS,
6532278,16611,4,2014,U,,,N,F,,C,2014_04_PA0364300_NIBRS,
6554728,16611,5,2014,U,,,N,F,,C,2014_05_PA0364300_NIBRS,
6577178,16611,6,2014,U,,,N,F,,C,2014_06_PA0364300_NIBRS,
6599628,16611,7,2014,U,,,N,F,,C,2014_07_PA0364300_NIBRS,
6622078,16611,8,2014,U,,,N,F,,C,2014_08_PA0364300_NIBRS,
6644528,16611,9,2014,U,,,N,F,,C,2014_09_PA0364300_NIBRS,
6666978,16611,10,2014,U,,,N,F,,C,2014_10_PA0364300_NIBRS,
6689428,16611,11,2014,U,,,N,F,,C,2014_11_PA0364300_NIBRS,
6711878,16611,12,2014,U,,,N,F,,C,2014_12_PA0364300_NIBRS,
6464929,16612,1,2014,U,,,N,F,,C,2014_01_PA0364400_NIBRS,
6487379,16612,2,2014,U,,,N,F,,C,2014_02_PA0364400_NIBRS,
6509829,16612,3,2014,U,,,N,F,,C,2014_03_PA0364400_NIBRS,
6532279,16612,4,2014,U,,,N,F,,C,2014_04_PA0364400_NIBRS,
6554729,16612,5,2014,U,,,N,F,,C,2014_05_PA0364400_NIBRS,
6577179,16612,6,2014,U,,,N,F,,C,2014_06_PA0364400_NIBRS,
6599629,16612,7,2014,U,,,N,F,,C,2014_07_PA0364400_NIBRS,
6622079,16612,8,2014,U,,,N,F,,C,2014_08_PA0364400_NIBRS,
6644529,16612,9,2014,U,,,N,F,,C,2014_09_PA0364400_NIBRS,
6666979,16612,10,2014,U,,,N,F,,C,2014_10_PA0364400_NIBRS,
6689429,16612,11,2014,U,,,N,F,,C,2014_11_PA0364400_NIBRS,
6711879,16612,12,2014,U,,,N,F,,C,2014_12_PA0364400_NIBRS,
6464930,16613,1,2014,U,,,N,F,,C,2014_01_PA0364500_NIBRS,
6487380,16613,2,2014,U,,,N,F,,C,2014_02_PA0364500_NIBRS,
6509830,16613,3,2014,U,,,N,F,,C,2014_03_PA0364500_NIBRS,
6532280,16613,4,2014,U,,,N,F,,C,2014_04_PA0364500_NIBRS,
6554730,16613,5,2014,U,,,N,F,,C,2014_05_PA0364500_NIBRS,
6577180,16613,6,2014,U,,,N,F,,C,2014_06_PA0364500_NIBRS,
6599630,16613,7,2014,U,,,N,F,,C,2014_07_PA0364500_NIBRS,
6622080,16613,8,2014,U,,,N,F,,C,2014_08_PA0364500_NIBRS,
6644530,16613,9,2014,U,,,N,F,,C,2014_09_PA0364500_NIBRS,
6666980,16613,10,2014,U,,,N,F,,C,2014_10_PA0364500_NIBRS,
6689430,16613,11,2014,U,,,N,F,,C,2014_11_PA0364500_NIBRS,
6711880,16613,12,2014,U,,,N,F,,C,2014_12_PA0364500_NIBRS,
6464931,16614,1,2014,U,,,N,F,,C,2014_01_PA0364700_NIBRS,
6487381,16614,2,2014,U,,,N,F,,C,2014_02_PA0364700_NIBRS,
6509831,16614,3,2014,U,,,N,F,,C,2014_03_PA0364700_NIBRS,
6532281,16614,4,2014,U,,,N,F,,C,2014_04_PA0364700_NIBRS,
6554731,16614,5,2014,U,,,N,F,,C,2014_05_PA0364700_NIBRS,
6577181,16614,6,2014,U,,,N,F,,C,2014_06_PA0364700_NIBRS,
6599631,16614,7,2014,U,,,N,F,,C,2014_07_PA0364700_NIBRS,
6622081,16614,8,2014,U,,,N,F,,C,2014_08_PA0364700_NIBRS,
6644531,16614,9,2014,U,,,N,F,,C,2014_09_PA0364700_NIBRS,
6666981,16614,10,2014,U,,,N,F,,C,2014_10_PA0364700_NIBRS,
6689431,16614,11,2014,U,,,N,F,,C,2014_11_PA0364700_NIBRS,
6711881,16614,12,2014,U,,,N,F,,C,2014_12_PA0364700_NIBRS,
6464932,16615,1,2014,U,,,N,F,,C,2014_01_PA0364800_NIBRS,
6487382,16615,2,2014,U,,,N,F,,C,2014_02_PA0364800_NIBRS,
6509832,16615,3,2014,U,,,N,F,,C,2014_03_PA0364800_NIBRS,
6532282,16615,4,2014,U,,,N,F,,C,2014_04_PA0364800_NIBRS,
6554732,16615,5,2014,U,,,N,F,,C,2014_05_PA0364800_NIBRS,
6577182,16615,6,2014,U,,,N,F,,C,2014_06_PA0364800_NIBRS,
6599632,16615,7,2014,U,,,N,F,,C,2014_07_PA0364800_NIBRS,
6622082,16615,8,2014,U,,,N,F,,C,2014_08_PA0364800_NIBRS,
6644532,16615,9,2014,U,,,N,F,,C,2014_09_PA0364800_NIBRS,
6666982,16615,10,2014,U,,,N,F,,C,2014_10_PA0364800_NIBRS,
6689432,16615,11,2014,U,,,N,F,,C,2014_11_PA0364800_NIBRS,
6711882,16615,12,2014,U,,,N,F,,C,2014_12_PA0364800_NIBRS,
6464933,16616,1,2014,U,,,N,F,,C,2014_01_PA0365000_NIBRS,
6487383,16616,2,2014,U,,,N,F,,C,2014_02_PA0365000_NIBRS,
6509833,16616,3,2014,U,,,N,F,,C,2014_03_PA0365000_NIBRS,
6532283,16616,4,2014,U,,,N,F,,C,2014_04_PA0365000_NIBRS,
6554733,16616,5,2014,U,,,N,F,,C,2014_05_PA0365000_NIBRS,
6577183,16616,6,2014,U,,,N,F,,C,2014_06_PA0365000_NIBRS,
6599633,16616,7,2014,U,,,N,F,,C,2014_07_PA0365000_NIBRS,
6622083,16616,8,2014,U,,,N,F,,C,2014_08_PA0365000_NIBRS,
6644533,16616,9,2014,U,,,N,F,,C,2014_09_PA0365000_NIBRS,
6666983,16616,10,2014,U,,,N,F,,C,2014_10_PA0365000_NIBRS,
6689433,16616,11,2014,U,,,N,F,,C,2014_11_PA0365000_NIBRS,
6711883,16616,12,2014,U,,,N,F,,C,2014_12_PA0365000_NIBRS,
6464934,16617,1,2014,U,,,N,F,,C,2014_01_PA0365100_NIBRS,
6487384,16617,2,2014,U,,,N,F,,C,2014_02_PA0365100_NIBRS,
6509834,16617,3,2014,U,,,N,F,,C,2014_03_PA0365100_NIBRS,
6532284,16617,4,2014,U,,,N,F,,C,2014_04_PA0365100_NIBRS,
6554734,16617,5,2014,U,,,N,F,,C,2014_05_PA0365100_NIBRS,
6577184,16617,6,2014,U,,,N,F,,C,2014_06_PA0365100_NIBRS,
6599634,16617,7,2014,U,,,N,F,,C,2014_07_PA0365100_NIBRS,
6622084,16617,8,2014,U,,,N,F,,C,2014_08_PA0365100_NIBRS,
6644534,16617,9,2014,U,,,N,F,,C,2014_09_PA0365100_NIBRS,
6666984,16617,10,2014,U,,,N,F,,C,2014_10_PA0365100_NIBRS,
6689434,16617,11,2014,U,,,N,F,,C,2014_11_PA0365100_NIBRS,
6711884,16617,12,2014,U,,,N,F,,C,2014_12_PA0365100_NIBRS,
6464935,16618,1,2014,U,,,N,F,,C,2014_01_PA0365200_NIBRS,
6487385,16618,2,2014,U,,,N,F,,C,2014_02_PA0365200_NIBRS,
6509835,16618,3,2014,U,,,N,F,,C,2014_03_PA0365200_NIBRS,
6532285,16618,4,2014,U,,,N,F,,C,2014_04_PA0365200_NIBRS,
6554735,16618,5,2014,U,,,N,F,,C,2014_05_PA0365200_NIBRS,
6577185,16618,6,2014,U,,,N,F,,C,2014_06_PA0365200_NIBRS,
6599635,16618,7,2014,U,,,N,F,,C,2014_07_PA0365200_NIBRS,
6622085,16618,8,2014,U,,,N,F,,C,2014_08_PA0365200_NIBRS,
6644535,16618,9,2014,U,,,N,F,,C,2014_09_PA0365200_NIBRS,
6666985,16618,10,2014,U,,,N,F,,C,2014_10_PA0365200_NIBRS,
6689435,16618,11,2014,U,,,N,F,,C,2014_11_PA0365200_NIBRS,
6711885,16618,12,2014,U,,,N,F,,C,2014_12_PA0365200_NIBRS,
6464936,16619,1,2014,U,,,N,F,,C,2014_01_PA0365300_NIBRS,
6487386,16619,2,2014,U,,,N,F,,C,2014_02_PA0365300_NIBRS,
6509836,16619,3,2014,U,,,N,F,,C,2014_03_PA0365300_NIBRS,
6532286,16619,4,2014,U,,,N,F,,C,2014_04_PA0365300_NIBRS,
6554736,16619,5,2014,U,,,N,F,,C,2014_05_PA0365300_NIBRS,
6577186,16619,6,2014,U,,,N,F,,C,2014_06_PA0365300_NIBRS,
6599636,16619,7,2014,U,,,N,F,,C,2014_07_PA0365300_NIBRS,
6622086,16619,8,2014,U,,,N,F,,C,2014_08_PA0365300_NIBRS,
6644536,16619,9,2014,U,,,N,F,,C,2014_09_PA0365300_NIBRS,
6666986,16619,10,2014,U,,,N,F,,C,2014_10_PA0365300_NIBRS,
6689436,16619,11,2014,U,,,N,F,,C,2014_11_PA0365300_NIBRS,
6711886,16619,12,2014,U,,,N,F,,C,2014_12_PA0365300_NIBRS,
6463963,15646,1,2014,U,,,N,F,,C,2014_01_PA0001000_NIBRS,
6486413,15646,2,2014,U,,,N,F,,C,2014_02_PA0001000_NIBRS,
6508863,15646,3,2014,U,,,N,F,,C,2014_03_PA0001000_NIBRS,
6531313,15646,4,2014,U,,,N,F,,C,2014_04_PA0001000_NIBRS,
6553763,15646,5,2014,U,,,N,F,,C,2014_05_PA0001000_NIBRS,
6576213,15646,6,2014,U,,,N,F,,C,2014_06_PA0001000_NIBRS,
6598663,15646,7,2014,U,,,N,F,,C,2014_07_PA0001000_NIBRS,
6621113,15646,8,2014,U,,,N,F,,C,2014_08_PA0001000_NIBRS,
6643563,15646,9,2014,U,,,N,F,,C,2014_09_PA0001000_NIBRS,
6666013,15646,10,2014,U,,,N,F,,C,2014_10_PA0001000_NIBRS,
6688463,15646,11,2014,U,,,N,F,,C,2014_11_PA0001000_NIBRS,
6710913,15646,12,2014,U,,,N,F,,C,2014_12_PA0001000_NIBRS,
6463964,15647,1,2014,U,,,N,F,,C,2014_01_PA0001900_NIBRS,
6486414,15647,2,2014,U,,,N,F,,C,2014_02_PA0001900_NIBRS,
6508864,15647,3,2014,U,,,N,F,,C,2014_03_PA0001900_NIBRS,
6531314,15647,4,2014,U,,,N,F,,C,2014_04_PA0001900_NIBRS,
6553764,15647,5,2014,U,,,N,F,,C,2014_05_PA0001900_NIBRS,
6576214,15647,6,2014,U,,,N,F,,C,2014_06_PA0001900_NIBRS,
6598664,15647,7,2014,U,,,N,F,,C,2014_07_PA0001900_NIBRS,
6621114,15647,8,2014,U,,,N,F,,C,2014_08_PA0001900_NIBRS,
6643564,15647,9,2014,U,,,N,F,,C,2014_09_PA0001900_NIBRS,
6666014,15647,10,2014,U,,,N,F,,C,2014_10_PA0001900_NIBRS,
6688464,15647,11,2014,U,,,N,F,,C,2014_11_PA0001900_NIBRS,
6710914,15647,12,2014,U,,,N,F,,C,2014_12_PA0001900_NIBRS,
6464226,15909,1,2014,U,,,N,F,,C,2014_01_PA0062200_NIBRS,
6486676,15909,2,2014,U,,,N,F,,C,2014_02_PA0062200_NIBRS,
6509126,15909,3,2014,U,,,N,F,,C,2014_03_PA0062200_NIBRS,
6531576,15909,4,2014,U,,,N,F,,C,2014_04_PA0062200_NIBRS,
6554026,15909,5,2014,U,,,N,F,,C,2014_05_PA0062200_NIBRS,
6576476,15909,6,2014,U,,,N,F,,C,2014_06_PA0062200_NIBRS,
6598926,15909,7,2014,U,,,N,F,,C,2014_07_PA0062200_NIBRS,
6621376,15909,8,2014,U,,,N,F,,C,2014_08_PA0062200_NIBRS,
6643826,15909,9,2014,U,,,N,F,,C,2014_09_PA0062200_NIBRS,
6666276,15909,10,2014,U,,,N,F,,C,2014_10_PA0062200_NIBRS,
6688726,15909,11,2014,U,,,N,F,,C,2014_11_PA0062200_NIBRS,
6711176,15909,12,2014,U,,,N,F,,C,2014_12_PA0062200_NIBRS,
6464227,15910,1,2014,U,,,N,F,,C,2014_01_PA0062300_NIBRS,
6486677,15910,2,2014,U,,,N,F,,C,2014_02_PA0062300_NIBRS,
6509127,15910,3,2014,U,,,N,F,,C,2014_03_PA0062300_NIBRS,
6531577,15910,4,2014,U,,,N,F,,C,2014_04_PA0062300_NIBRS,
6554027,15910,5,2014,U,,,N,F,,C,2014_05_PA0062300_NIBRS,
6576477,15910,6,2014,U,,,N,F,,C,2014_06_PA0062300_NIBRS,
6598927,15910,7,2014,U,,,N,F,,C,2014_07_PA0062300_NIBRS,
6621377,15910,8,2014,U,,,N,F,,C,2014_08_PA0062300_NIBRS,
6643827,15910,9,2014,U,,,N,F,,C,2014_09_PA0062300_NIBRS,
6666277,15910,10,2014,U,,,N,F,,C,2014_10_PA0062300_NIBRS,
6688727,15910,11,2014,U,,,N,F,,C,2014_11_PA0062300_NIBRS,
6711177,15910,12,2014,U,,,N,F,,C,2014_12_PA0062300_NIBRS,
6464228,15911,1,2014,U,,,N,F,,C,2014_01_PA0062400_NIBRS,
6486678,15911,2,2014,U,,,N,F,,C,2014_02_PA0062400_NIBRS,
6509128,15911,3,2014,U,,,N,F,,C,2014_03_PA0062400_NIBRS,
6531578,15911,4,2014,U,,,N,F,,C,2014_04_PA0062400_NIBRS,
6554028,15911,5,2014,U,,,N,F,,C,2014_05_PA0062400_NIBRS,
6576478,15911,6,2014,U,,,N,F,,C,2014_06_PA0062400_NIBRS,
6598928,15911,7,2014,U,,,N,F,,C,2014_07_PA0062400_NIBRS,
6621378,15911,8,2014,U,,,N,F,,C,2014_08_PA0062400_NIBRS,
6643828,15911,9,2014,U,,,N,F,,C,2014_09_PA0062400_NIBRS,
6666278,15911,10,2014,U,,,N,F,,C,2014_10_PA0062400_NIBRS,
6688728,15911,11,2014,U,,,N,F,,C,2014_11_PA0062400_NIBRS,
6711178,15911,12,2014,U,,,N,F,,C,2014_12_PA0062400_NIBRS,
6464229,15912,1,2014,U,,,N,F,,C,2014_01_PA0062500_NIBRS,
6486679,15912,2,2014,U,,,N,F,,C,2014_02_PA0062500_NIBRS,
6509129,15912,3,2014,U,,,N,F,,C,2014_03_PA0062500_NIBRS,
6531579,15912,4,2014,U,,,N,F,,C,2014_04_PA0062500_NIBRS,
6554029,15912,5,2014,U,,,N,F,,C,2014_05_PA0062500_NIBRS,
6576479,15912,6,2014,U,,,N,F,,C,2014_06_PA0062500_NIBRS,
6598929,15912,7,2014,U,,,N,F,,C,2014_07_PA0062500_NIBRS,
6621379,15912,8,2014,U,,,N,F,,C,2014_08_PA0062500_NIBRS,
6643829,15912,9,2014,U,,,N,F,,C,2014_09_PA0062500_NIBRS,
6666279,15912,10,2014,U,,,N,F,,C,2014_10_PA0062500_NIBRS,
6688729,15912,11,2014,U,,,N,F,,C,2014_11_PA0062500_NIBRS,
6711179,15912,12,2014,U,,,N,F,,C,2014_12_PA0062500_NIBRS,
6464230,15913,1,2014,U,,,N,F,,C,2014_01_PA0062600_NIBRS,
6486680,15913,2,2014,U,,,N,F,,C,2014_02_PA0062600_NIBRS,
6509130,15913,3,2014,U,,,N,F,,C,2014_03_PA0062600_NIBRS,
6531580,15913,4,2014,U,,,N,F,,C,2014_04_PA0062600_NIBRS,
6554030,15913,5,2014,U,,,N,F,,C,2014_05_PA0062600_NIBRS,
6576480,15913,6,2014,U,,,N,F,,C,2014_06_PA0062600_NIBRS,
6598930,15913,7,2014,U,,,N,F,,C,2014_07_PA0062600_NIBRS,
6621380,15913,8,2014,U,,,N,F,,C,2014_08_PA0062600_NIBRS,
6643830,15913,9,2014,U,,,N,F,,C,2014_09_PA0062600_NIBRS,
6666280,15913,10,2014,U,,,N,F,,C,2014_10_PA0062600_NIBRS,
6688730,15913,11,2014,U,,,N,F,,C,2014_11_PA0062600_NIBRS,
6711180,15913,12,2014,U,,,N,F,,C,2014_12_PA0062600_NIBRS,
6464231,15914,1,2014,U,,,N,F,,C,2014_01_PA0062700_NIBRS,
6486681,15914,2,2014,U,,,N,F,,C,2014_02_PA0062700_NIBRS,
6509131,15914,3,2014,U,,,N,F,,C,2014_03_PA0062700_NIBRS,
6531581,15914,4,2014,U,,,N,F,,C,2014_04_PA0062700_NIBRS,
6554031,15914,5,2014,U,,,N,F,,C,2014_05_PA0062700_NIBRS,
6576481,15914,6,2014,U,,,N,F,,C,2014_06_PA0062700_NIBRS,
6598931,15914,7,2014,U,,,N,F,,C,2014_07_PA0062700_NIBRS,
6621381,15914,8,2014,U,,,N,F,,C,2014_08_PA0062700_NIBRS,
6643831,15914,9,2014,U,,,N,F,,C,2014_09_PA0062700_NIBRS,
6666281,15914,10,2014,U,,,N,F,,C,2014_10_PA0062700_NIBRS,
6688731,15914,11,2014,U,,,N,F,,C,2014_11_PA0062700_NIBRS,
6711181,15914,12,2014,U,,,N,F,,C,2014_12_PA0062700_NIBRS,
6464232,15915,1,2014,U,,,N,F,,C,2014_01_PA0062800_NIBRS,
6486682,15915,2,2014,U,,,N,F,,C,2014_02_PA0062800_NIBRS,
6509132,15915,3,2014,U,,,N,F,,C,2014_03_PA0062800_NIBRS,
6531582,15915,4,2014,U,,,N,F,,C,2014_04_PA0062800_NIBRS,
6554032,15915,5,2014,U,,,N,F,,C,2014_05_PA0062800_NIBRS,
6576482,15915,6,2014,U,,,N,F,,C,2014_06_PA0062800_NIBRS,
6598932,15915,7,2014,U,,,N,F,,C,2014_07_PA0062800_NIBRS,
6621382,15915,8,2014,U,,,N,F,,C,2014_08_PA0062800_NIBRS,
6643832,15915,9,2014,U,,,N,F,,C,2014_09_PA0062800_NIBRS,
6666282,15915,10,2014,U,,,N,F,,C,2014_10_PA0062800_NIBRS,
6688732,15915,11,2014,U,,,N,F,,C,2014_11_PA0062800_NIBRS,
6711182,15915,12,2014,U,,,N,F,,C,2014_12_PA0062800_NIBRS,
6464233,15916,1,2014,U,,,N,F,,C,2014_01_PA0062900_NIBRS,
6486683,15916,2,2014,U,,,N,F,,C,2014_02_PA0062900_NIBRS,
6509133,15916,3,2014,U,,,N,F,,C,2014_03_PA0062900_NIBRS,
6531583,15916,4,2014,U,,,N,F,,C,2014_04_PA0062900_NIBRS,
6554033,15916,5,2014,U,,,N,F,,C,2014_05_PA0062900_NIBRS,
6576483,15916,6,2014,U,,,N,F,,C,2014_06_PA0062900_NIBRS,
6598933,15916,7,2014,U,,,N,F,,C,2014_07_PA0062900_NIBRS,
6621383,15916,8,2014,U,,,N,F,,C,2014_08_PA0062900_NIBRS,
6643833,15916,9,2014,U,,,N,F,,C,2014_09_PA0062900_NIBRS,
6666283,15916,10,2014,U,,,N,F,,C,2014_10_PA0062900_NIBRS,
6688733,15916,11,2014,U,,,N,F,,C,2014_11_PA0062900_NIBRS,
6711183,15916,12,2014,U,,,N,F,,C,2014_12_PA0062900_NIBRS,
6465188,16871,1,2014,U,,,N,F,,C,2014_01_PA0464400_NIBRS,
6487638,16871,2,2014,U,,,N,F,,C,2014_02_PA0464400_NIBRS,
6510088,16871,3,2014,U,,,N,F,,C,2014_03_PA0464400_NIBRS,
6532538,16871,4,2014,U,,,N,F,,C,2014_04_PA0464400_NIBRS,
6554988,16871,5,2014,U,,,N,F,,C,2014_05_PA0464400_NIBRS,
6577438,16871,6,2014,U,,,N,F,,C,2014_06_PA0464400_NIBRS,
6599888,16871,7,2014,U,,,N,F,,C,2014_07_PA0464400_NIBRS,
6622338,16871,8,2014,U,,,N,F,,C,2014_08_PA0464400_NIBRS,
6644788,16871,9,2014,U,,,N,F,,C,2014_09_PA0464400_NIBRS,
6667238,16871,10,2014,U,,,N,F,,C,2014_10_PA0464400_NIBRS,
6689688,16871,11,2014,U,,,N,F,,C,2014_11_PA0464400_NIBRS,
6712138,16871,12,2014,U,,,N,F,,C,2014_12_PA0464400_NIBRS,
6465189,16872,1,2014,U,,,N,F,,C,2014_01_PA0464600_NIBRS,
6487639,16872,2,2014,U,,,N,F,,C,2014_02_PA0464600_NIBRS,
6510089,16872,3,2014,U,,,N,F,,C,2014_03_PA0464600_NIBRS,
6532539,16872,4,2014,U,,,N,F,,C,2014_04_PA0464600_NIBRS,
6554989,16872,5,2014,U,,,N,F,,C,2014_05_PA0464600_NIBRS,
6577439,16872,6,2014,U,,,N,F,,C,2014_06_PA0464600_NIBRS,
6599889,16872,7,2014,U,,,N,F,,C,2014_07_PA0464600_NIBRS,
6622339,16872,8,2014,U,,,N,F,,C,2014_08_PA0464600_NIBRS,
6644789,16872,9,2014,U,,,N,F,,C,2014_09_PA0464600_NIBRS,
6667239,16872,10,2014,U,,,N,F,,C,2014_10_PA0464600_NIBRS,
6689689,16872,11,2014,U,,,N,F,,C,2014_11_PA0464600_NIBRS,
6712139,16872,12,2014,U,,,N,F,,C,2014_12_PA0464600_NIBRS,
6465190,16873,1,2014,U,,,N,F,,C,2014_01_PA0464700_NIBRS,
6487640,16873,2,2014,U,,,N,F,,C,2014_02_PA0464700_NIBRS,
6510090,16873,3,2014,U,,,N,F,,C,2014_03_PA0464700_NIBRS,
6532540,16873,4,2014,U,,,N,F,,C,2014_04_PA0464700_NIBRS,
6554990,16873,5,2014,U,,,N,F,,C,2014_05_PA0464700_NIBRS,
6577440,16873,6,2014,U,,,N,F,,C,2014_06_PA0464700_NIBRS,
6599890,16873,7,2014,U,,,N,F,,C,2014_07_PA0464700_NIBRS,
6622340,16873,8,2014,U,,,N,F,,C,2014_08_PA0464700_NIBRS,
6644790,16873,9,2014,U,,,N,F,,C,2014_09_PA0464700_NIBRS,
6667240,16873,10,2014,U,,,N,F,,C,2014_10_PA0464700_NIBRS,
6689690,16873,11,2014,U,,,N,F,,C,2014_11_PA0464700_NIBRS,
6712140,16873,12,2014,U,,,N,F,,C,2014_12_PA0464700_NIBRS,
6465191,16874,1,2014,U,,,N,F,,C,2014_01_PA0464800_NIBRS,
6487641,16874,2,2014,U,,,N,F,,C,2014_02_PA0464800_NIBRS,
6510091,16874,3,2014,U,,,N,F,,C,2014_03_PA0464800_NIBRS,
6532541,16874,4,2014,U,,,N,F,,C,2014_04_PA0464800_NIBRS,
6554991,16874,5,2014,U,,,N,F,,C,2014_05_PA0464800_NIBRS,
6577441,16874,6,2014,U,,,N,F,,C,2014_06_PA0464800_NIBRS,
6599891,16874,7,2014,U,,,N,F,,C,2014_07_PA0464800_NIBRS,
6622341,16874,8,2014,U,,,N,F,,C,2014_08_PA0464800_NIBRS,
6644791,16874,9,2014,U,,,N,F,,C,2014_09_PA0464800_NIBRS,
6667241,16874,10,2014,U,,,N,F,,C,2014_10_PA0464800_NIBRS,
6689691,16874,11,2014,U,,,N,F,,C,2014_11_PA0464800_NIBRS,
6712141,16874,12,2014,U,,,N,F,,C,2014_12_PA0464800_NIBRS,
6465192,16875,1,2014,U,,,N,F,,C,2014_01_PA0464900_NIBRS,
6487642,16875,2,2014,U,,,N,F,,C,2014_02_PA0464900_NIBRS,
6510092,16875,3,2014,U,,,N,F,,C,2014_03_PA0464900_NIBRS,
6532542,16875,4,2014,U,,,N,F,,C,2014_04_PA0464900_NIBRS,
6554992,16875,5,2014,U,,,N,F,,C,2014_05_PA0464900_NIBRS,
6577442,16875,6,2014,U,,,N,F,,C,2014_06_PA0464900_NIBRS,
6599892,16875,7,2014,U,,,N,F,,C,2014_07_PA0464900_NIBRS,
6622342,16875,8,2014,U,,,N,F,,C,2014_08_PA0464900_NIBRS,
6644792,16875,9,2014,U,,,N,F,,C,2014_09_PA0464900_NIBRS,
6667242,16875,10,2014,U,,,N,F,,C,2014_10_PA0464900_NIBRS,
6689692,16875,11,2014,U,,,N,F,,C,2014_11_PA0464900_NIBRS,
6712142,16875,12,2014,U,,,N,F,,C,2014_12_PA0464900_NIBRS,
6465193,16876,1,2014,U,,,N,F,,C,2014_01_PA0465000_NIBRS,
6487643,16876,2,2014,U,,,N,F,,C,2014_02_PA0465000_NIBRS,
6510093,16876,3,2014,U,,,N,F,,C,2014_03_PA0465000_NIBRS,
6532543,16876,4,2014,U,,,N,F,,C,2014_04_PA0465000_NIBRS,
6554993,16876,5,2014,U,,,N,F,,C,2014_05_PA0465000_NIBRS,
6577443,16876,6,2014,U,,,N,F,,C,2014_06_PA0465000_NIBRS,
6599893,16876,7,2014,U,,,N,F,,C,2014_07_PA0465000_NIBRS,
6622343,16876,8,2014,U,,,N,F,,C,2014_08_PA0465000_NIBRS,
6644793,16876,9,2014,U,,,N,F,,C,2014_09_PA0465000_NIBRS,
6667243,16876,10,2014,U,,,N,F,,C,2014_10_PA0465000_NIBRS,
6689693,16876,11,2014,U,,,N,F,,C,2014_11_PA0465000_NIBRS,
6712143,16876,12,2014,U,,,N,F,,C,2014_12_PA0465000_NIBRS,
6463965,15648,1,2014,U,,,N,F,,C,2014_01_PA0003500_NIBRS,
6486415,15648,2,2014,U,,,N,F,,C,2014_02_PA0003500_NIBRS,
6508865,15648,3,2014,U,,,N,F,,C,2014_03_PA0003500_NIBRS,
6531315,15648,4,2014,U,,,N,F,,C,2014_04_PA0003500_NIBRS,
6553765,15648,5,2014,U,,,N,F,,C,2014_05_PA0003500_NIBRS,
6576215,15648,6,2014,U,,,N,F,,C,2014_06_PA0003500_NIBRS,
6598665,15648,7,2014,U,,,N,F,,C,2014_07_PA0003500_NIBRS,
6621115,15648,8,2014,U,,,N,F,,C,2014_08_PA0003500_NIBRS,
6643565,15648,9,2014,U,,,N,F,,C,2014_09_PA0003500_NIBRS,
6666015,15648,10,2014,U,,,N,F,,C,2014_10_PA0003500_NIBRS,
6688465,15648,11,2014,U,,,N,F,,C,2014_11_PA0003500_NIBRS,
6710915,15648,12,2014,U,,,N,F,,C,2014_12_PA0003500_NIBRS,
6463966,15649,1,2014,U,,,N,F,,C,2014_01_PA0003800_NIBRS,
6486416,15649,2,2014,U,,,N,F,,C,2014_02_PA0003800_NIBRS,
6508866,15649,3,2014,U,,,N,F,,C,2014_03_PA0003800_NIBRS,
6531316,15649,4,2014,U,,,N,F,,C,2014_04_PA0003800_NIBRS,
6553766,15649,5,2014,U,,,N,F,,C,2014_05_PA0003800_NIBRS,
6576216,15649,6,2014,U,,,N,F,,C,2014_06_PA0003800_NIBRS,
6598666,15649,7,2014,U,,,N,F,,C,2014_07_PA0003800_NIBRS,
6621116,15649,8,2014,U,,,N,F,,C,2014_08_PA0003800_NIBRS,
6643566,15649,9,2014,U,,,N,F,,C,2014_09_PA0003800_NIBRS,
6666016,15649,10,2014,U,,,N,F,,C,2014_10_PA0003800_NIBRS,
6688466,15649,11,2014,U,,,N,F,,C,2014_11_PA0003800_NIBRS,
6710916,15649,12,2014,U,,,N,F,,C,2014_12_PA0003800_NIBRS,
6463967,15650,1,2014,U,,,N,F,,C,2014_01_PA0006500_NIBRS,
6486417,15650,2,2014,U,,,N,F,,C,2014_02_PA0006500_NIBRS,
6508867,15650,3,2014,U,,,N,F,,C,2014_03_PA0006500_NIBRS,
6531317,15650,4,2014,U,,,N,F,,C,2014_04_PA0006500_NIBRS,
6553767,15650,5,2014,U,,,N,F,,C,2014_05_PA0006500_NIBRS,
6576217,15650,6,2014,U,,,N,F,,C,2014_06_PA0006500_NIBRS,
6598667,15650,7,2014,U,,,N,F,,C,2014_07_PA0006500_NIBRS,
6621117,15650,8,2014,U,,,N,F,,C,2014_08_PA0006500_NIBRS,
6643567,15650,9,2014,U,,,N,F,,C,2014_09_PA0006500_NIBRS,
6666017,15650,10,2014,U,,,N,F,,C,2014_10_PA0006500_NIBRS,
6688467,15650,11,2014,U,,,N,F,,C,2014_11_PA0006500_NIBRS,
6710917,15650,12,2014,U,,,N,F,,C,2014_12_PA0006500_NIBRS,
6463968,15651,1,2014,U,,,N,F,,C,2014_01_PA0010000_NIBRS,
6486418,15651,2,2014,U,,,N,F,,C,2014_02_PA0010000_NIBRS,
6508868,15651,3,2014,U,,,N,F,,C,2014_03_PA0010000_NIBRS,
6531318,15651,4,2014,U,,,N,F,,C,2014_04_PA0010000_NIBRS,
6553768,15651,5,2014,U,,,N,F,,C,2014_05_PA0010000_NIBRS,
6576218,15651,6,2014,U,,,N,F,,C,2014_06_PA0010000_NIBRS,
6598668,15651,7,2014,U,,,N,F,,C,2014_07_PA0010000_NIBRS,
6621118,15651,8,2014,U,,,N,F,,C,2014_08_PA0010000_NIBRS,
6643568,15651,9,2014,U,,,N,F,,C,2014_09_PA0010000_NIBRS,
6666018,15651,10,2014,U,,,N,F,,C,2014_10_PA0010000_NIBRS,
6688468,15651,11,2014,U,,,N,F,,C,2014_11_PA0010000_NIBRS,
6710918,15651,12,2014,U,,,N,F,,C,2014_12_PA0010000_NIBRS,
6463969,15652,1,2014,U,,,N,F,,C,2014_01_PA0010100_NIBRS,
6486419,15652,2,2014,U,,,N,F,,C,2014_02_PA0010100_NIBRS,
6508869,15652,3,2014,U,,,N,F,,C,2014_03_PA0010100_NIBRS,
6531319,15652,4,2014,U,,,N,F,,C,2014_04_PA0010100_NIBRS,
6553769,15652,5,2014,U,,,N,F,,C,2014_05_PA0010100_NIBRS,
6576219,15652,6,2014,U,,,N,F,,C,2014_06_PA0010100_NIBRS,
6598669,15652,7,2014,U,,,N,F,,C,2014_07_PA0010100_NIBRS,
6621119,15652,8,2014,U,,,N,F,,C,2014_08_PA0010100_NIBRS,
6643569,15652,9,2014,U,,,N,F,,C,2014_09_PA0010100_NIBRS,
6666019,15652,10,2014,U,,,N,F,,C,2014_10_PA0010100_NIBRS,
6688469,15652,11,2014,U,,,N,F,,C,2014_11_PA0010100_NIBRS,
6710919,15652,12,2014,U,,,N,F,,C,2014_12_PA0010100_NIBRS,
6463970,15653,1,2014,U,,,N,F,,C,2014_01_PA0010200_NIBRS,
6486420,15653,2,2014,U,,,N,F,,C,2014_02_PA0010200_NIBRS,
6508870,15653,3,2014,U,,,N,F,,C,2014_03_PA0010200_NIBRS,
6531320,15653,4,2014,U,,,N,F,,C,2014_04_PA0010200_NIBRS,
6553770,15653,5,2014,U,,,N,F,,C,2014_05_PA0010200_NIBRS,
6576220,15653,6,2014,U,,,N,F,,C,2014_06_PA0010200_NIBRS,
6598670,15653,7,2014,U,,,N,F,,C,2014_07_PA0010200_NIBRS,
6621120,15653,8,2014,U,,,N,F,,C,2014_08_PA0010200_NIBRS,
6643570,15653,9,2014,U,,,N,F,,C,2014_09_PA0010200_NIBRS,
6666020,15653,10,2014,U,,,N,F,,C,2014_10_PA0010200_NIBRS,
6688470,15653,11,2014,U,,,N,F,,C,2014_11_PA0010200_NIBRS,
6710920,15653,12,2014,U,,,N,F,,C,2014_12_PA0010200_NIBRS,
6463971,15654,1,2014,U,,,N,F,,C,2014_01_PA0010300_NIBRS,
6486421,15654,2,2014,U,,,N,F,,C,2014_02_PA0010300_NIBRS,
6508871,15654,3,2014,U,,,N,F,,C,2014_03_PA0010300_NIBRS,
6531321,15654,4,2014,U,,,N,F,,C,2014_04_PA0010300_NIBRS,
6553771,15654,5,2014,U,,,N,F,,C,2014_05_PA0010300_NIBRS,
6576221,15654,6,2014,U,,,N,F,,C,2014_06_PA0010300_NIBRS,
6598671,15654,7,2014,U,,,N,F,,C,2014_07_PA0010300_NIBRS,
6621121,15654,8,2014,U,,,N,F,,C,2014_08_PA0010300_NIBRS,
6643571,15654,9,2014,U,,,N,F,,C,2014_09_PA0010300_NIBRS,
6666021,15654,10,2014,U,,,N,F,,C,2014_10_PA0010300_NIBRS,
6688471,15654,11,2014,U,,,N,F,,C,2014_11_PA0010300_NIBRS,
6710921,15654,12,2014,U,,,N,F,,C,2014_12_PA0010300_NIBRS,
6463972,15655,1,2014,U,,,N,F,,C,2014_01_PA0010400_NIBRS,
6486422,15655,2,2014,U,,,N,F,,C,2014_02_PA0010400_NIBRS,
6508872,15655,3,2014,U,,,N,F,,C,2014_03_PA0010400_NIBRS,
6531322,15655,4,2014,U,,,N,F,,C,2014_04_PA0010400_NIBRS,
6553772,15655,5,2014,U,,,N,F,,C,2014_05_PA0010400_NIBRS,
6576222,15655,6,2014,U,,,N,F,,C,2014_06_PA0010400_NIBRS,
6598672,15655,7,2014,U,,,N,F,,C,2014_07_PA0010400_NIBRS,
6621122,15655,8,2014,U,,,N,F,,C,2014_08_PA0010400_NIBRS,
6643572,15655,9,2014,U,,,N,F,,C,2014_09_PA0010400_NIBRS,
6666022,15655,10,2014,U,,,N,F,,C,2014_10_PA0010400_NIBRS,
6688472,15655,11,2014,U,,,N,F,,C,2014_11_PA0010400_NIBRS,
6710922,15655,12,2014,U,,,N,F,,C,2014_12_PA0010400_NIBRS,
6463973,15656,1,2014,U,,,N,F,,C,2014_01_PA0010500_NIBRS,
6486423,15656,2,2014,U,,,N,F,,C,2014_02_PA0010500_NIBRS,
6508873,15656,3,2014,U,,,N,F,,C,2014_03_PA0010500_NIBRS,
6531323,15656,4,2014,U,,,N,F,,C,2014_04_PA0010500_NIBRS,
6553773,15656,5,2014,U,,,N,F,,C,2014_05_PA0010500_NIBRS,
6576223,15656,6,2014,U,,,N,F,,C,2014_06_PA0010500_NIBRS,
6598673,15656,7,2014,U,,,N,F,,C,2014_07_PA0010500_NIBRS,
6621123,15656,8,2014,U,,,N,F,,C,2014_08_PA0010500_NIBRS,
6643573,15656,9,2014,U,,,N,F,,C,2014_09_PA0010500_NIBRS,
6666023,15656,10,2014,U,,,N,F,,C,2014_10_PA0010500_NIBRS,
6688473,15656,11,2014,U,,,N,F,,C,2014_11_PA0010500_NIBRS,
6710923,15656,12,2014,U,,,N,F,,C,2014_12_PA0010500_NIBRS,
6463974,15657,1,2014,U,,,N,F,,C,2014_01_PA0010600_NIBRS,
6486424,15657,2,2014,U,,,N,F,,C,2014_02_PA0010600_NIBRS,
6508874,15657,3,2014,U,,,N,F,,C,2014_03_PA0010600_NIBRS,
6531324,15657,4,2014,U,,,N,F,,C,2014_04_PA0010600_NIBRS,
6553774,15657,5,2014,U,,,N,F,,C,2014_05_PA0010600_NIBRS,
6576224,15657,6,2014,U,,,N,F,,C,2014_06_PA0010600_NIBRS,
6598674,15657,7,2014,U,,,N,F,,C,2014_07_PA0010600_NIBRS,
6621124,15657,8,2014,U,,,N,F,,C,2014_08_PA0010600_NIBRS,
6643574,15657,9,2014,U,,,N,F,,C,2014_09_PA0010600_NIBRS,
6666024,15657,10,2014,U,,,N,F,,C,2014_10_PA0010600_NIBRS,
6688474,15657,11,2014,U,,,N,F,,C,2014_11_PA0010600_NIBRS,
6710924,15657,12,2014,U,,,N,F,,C,2014_12_PA0010600_NIBRS,
6463975,15658,1,2014,U,,,N,F,,C,2014_01_PA0010700_NIBRS,
6486425,15658,2,2014,U,,,N,F,,C,2014_02_PA0010700_NIBRS,
6508875,15658,3,2014,U,,,N,F,,C,2014_03_PA0010700_NIBRS,
6531325,15658,4,2014,U,,,N,F,,C,2014_04_PA0010700_NIBRS,
6553775,15658,5,2014,U,,,N,F,,C,2014_05_PA0010700_NIBRS,
6576225,15658,6,2014,U,,,N,F,,C,2014_06_PA0010700_NIBRS,
6598675,15658,7,2014,U,,,N,F,,C,2014_07_PA0010700_NIBRS,
6621125,15658,8,2014,U,,,N,F,,C,2014_08_PA0010700_NIBRS,
6643575,15658,9,2014,U,,,N,F,,C,2014_09_PA0010700_NIBRS,
6666025,15658,10,2014,U,,,N,F,,C,2014_10_PA0010700_NIBRS,
6688475,15658,11,2014,U,,,N,F,,C,2014_11_PA0010700_NIBRS,
6710925,15658,12,2014,U,,,N,F,,C,2014_12_PA0010700_NIBRS,
6463976,15659,1,2014,U,,,N,F,,C,2014_01_PA0010800_NIBRS,
6486426,15659,2,2014,U,,,N,F,,C,2014_02_PA0010800_NIBRS,
6508876,15659,3,2014,U,,,N,F,,C,2014_03_PA0010800_NIBRS,
6531326,15659,4,2014,U,,,N,F,,C,2014_04_PA0010800_NIBRS,
6553776,15659,5,2014,U,,,N,F,,C,2014_05_PA0010800_NIBRS,
6576226,15659,6,2014,U,,,N,F,,C,2014_06_PA0010800_NIBRS,
6598676,15659,7,2014,U,,,N,F,,C,2014_07_PA0010800_NIBRS,
6621126,15659,8,2014,U,,,N,F,,C,2014_08_PA0010800_NIBRS,
6643576,15659,9,2014,U,,,N,F,,C,2014_09_PA0010800_NIBRS,
6666026,15659,10,2014,U,,,N,F,,C,2014_10_PA0010800_NIBRS,
6688476,15659,11,2014,U,,,N,F,,C,2014_11_PA0010800_NIBRS,
6710926,15659,12,2014,U,,,N,F,,C,2014_12_PA0010800_NIBRS,
6463977,15660,1,2014,U,,,N,F,,C,2014_01_PA0011100_NIBRS,
6486427,15660,2,2014,U,,,N,F,,C,2014_02_PA0011100_NIBRS,
6508877,15660,3,2014,U,,,N,F,,C,2014_03_PA0011100_NIBRS,
6531327,15660,4,2014,U,,,N,F,,C,2014_04_PA0011100_NIBRS,
6553777,15660,5,2014,U,,,N,F,,C,2014_05_PA0011100_NIBRS,
6576227,15660,6,2014,U,,,N,F,,C,2014_06_PA0011100_NIBRS,
6598677,15660,7,2014,U,,,N,F,,C,2014_07_PA0011100_NIBRS,
6621127,15660,8,2014,U,,,N,F,,C,2014_08_PA0011100_NIBRS,
6643577,15660,9,2014,U,,,N,F,,C,2014_09_PA0011100_NIBRS,
6666027,15660,10,2014,U,,,N,F,,C,2014_10_PA0011100_NIBRS,
6688477,15660,11,2014,U,,,N,F,,C,2014_11_PA0011100_NIBRS,
6710927,15660,12,2014,U,,,N,F,,C,2014_12_PA0011100_NIBRS,
6463978,15661,1,2014,U,,,N,F,,C,2014_01_PA0011200_NIBRS,
6486428,15661,2,2014,U,,,N,F,,C,2014_02_PA0011200_NIBRS,
6508878,15661,3,2014,U,,,N,F,,C,2014_03_PA0011200_NIBRS,
6531328,15661,4,2014,U,,,N,F,,C,2014_04_PA0011200_NIBRS,
6553778,15661,5,2014,U,,,N,F,,C,2014_05_PA0011200_NIBRS,
6576228,15661,6,2014,U,,,N,F,,C,2014_06_PA0011200_NIBRS,
6598678,15661,7,2014,U,,,N,F,,C,2014_07_PA0011200_NIBRS,
6621128,15661,8,2014,U,,,N,F,,C,2014_08_PA0011200_NIBRS,
6643578,15661,9,2014,U,,,N,F,,C,2014_09_PA0011200_NIBRS,
6666028,15661,10,2014,U,,,N,F,,C,2014_10_PA0011200_NIBRS,
6688478,15661,11,2014,U,,,N,F,,C,2014_11_PA0011200_NIBRS,
6710928,15661,12,2014,U,,,N,F,,C,2014_12_PA0011200_NIBRS,
6463979,15662,1,2014,I,,,N,F,,C,2014_01_PA0011500_NIBRS,
6486429,15662,2,2014,I,,,N,F,,C,2014_02_PA0011500_NIBRS,
6508879,15662,3,2014,I,,,N,F,,C,2014_03_PA0011500_NIBRS,
6531329,15662,4,2014,I,,,N,F,,C,2014_04_PA0011500_NIBRS,
6553779,15662,5,2014,I,,,N,F,,C,2014_05_PA0011500_NIBRS,
6576229,15662,6,2014,I,,,N,F,,C,2014_06_PA0011500_NIBRS,
6598679,15662,7,2014,I,,,N,F,,C,2014_07_PA0011500_NIBRS,
6621129,15662,8,2014,I,,,N,F,,C,2014_08_PA0011500_NIBRS,
6643579,15662,9,2014,I,,,N,F,,C,2014_09_PA0011500_NIBRS,
6666029,15662,10,2014,I,,,N,F,,C,2014_10_PA0011500_NIBRS,
6688479,15662,11,2014,I,,,N,F,,C,2014_11_PA0011500_NIBRS,
6710929,15662,12,2014,I,,,N,F,,C,2014_12_PA0011500_NIBRS,
6470441,23237,1,2014,U,,,N,F,,C,2014_01_PA0011600_NIBRS,
6492891,23237,2,2014,U,,,N,F,,C,2014_02_PA0011600_NIBRS,
6515341,23237,3,2014,U,,,N,F,,C,2014_03_PA0011600_NIBRS,
6537791,23237,4,2014,U,,,N,F,,C,2014_04_PA0011600_NIBRS,
6560241,23237,5,2014,U,,,N,F,,C,2014_05_PA0011600_NIBRS,
6582691,23237,6,2014,U,,,N,F,,C,2014_06_PA0011600_NIBRS,
6605141,23237,7,2014,U,,,N,F,,C,2014_07_PA0011600_NIBRS,
6627591,23237,8,2014,U,,,N,F,,C,2014_08_PA0011600_NIBRS,
6650041,23237,9,2014,U,,,N,F,,C,2014_09_PA0011600_NIBRS,
6672491,23237,10,2014,U,,,N,F,,C,2014_10_PA0011600_NIBRS,
6694941,23237,11,2014,U,,,N,F,,C,2014_11_PA0011600_NIBRS,
6717391,23237,12,2014,U,,,N,F,,C,2014_12_PA0011600_NIBRS,
6463980,15663,1,2014,I,,,N,F,,C,2014_01_PA0011800_NIBRS,
6486430,15663,2,2014,I,,,N,F,,C,2014_02_PA0011800_NIBRS,
6508880,15663,3,2014,I,,,N,F,,C,2014_03_PA0011800_NIBRS,
6531330,15663,4,2014,I,,,N,F,,C,2014_04_PA0011800_NIBRS,
6553780,15663,5,2014,I,,,N,F,,C,2014_05_PA0011800_NIBRS,
6576230,15663,6,2014,I,,,N,F,,C,2014_06_PA0011800_NIBRS,
6598680,15663,7,2014,I,,,N,F,,C,2014_07_PA0011800_NIBRS,
6621130,15663,8,2014,I,,,N,F,,C,2014_08_PA0011800_NIBRS,
6643580,15663,9,2014,I,,,N,F,,C,2014_09_PA0011800_NIBRS,
6666030,15663,10,2014,I,,,N,F,,C,2014_10_PA0011800_NIBRS,
6688480,15663,11,2014,I,,,N,F,,C,2014_11_PA0011800_NIBRS,
6710930,15663,12,2014,I,,,N,F,,C,2014_12_PA0011800_NIBRS,
6463981,15664,1,2014,U,,,N,F,,C,2014_01_PA0012100_NIBRS,
6486431,15664,2,2014,Z,,,N,F,,C,2014_02_PA0012100_NIBRS,
6508881,15664,3,2014,Z,,,N,F,,C,2014_03_PA0012100_NIBRS,
6531331,15664,4,2014,Z,,,N,F,,C,2014_04_PA0012100_NIBRS,
6553781,15664,5,2014,Z,,,N,F,,C,2014_05_PA0012100_NIBRS,
6576231,15664,6,2014,Z,,,N,F,,C,2014_06_PA0012100_NIBRS,
6598681,15664,7,2014,Z,,,N,F,,C,2014_07_PA0012100_NIBRS,
6621131,15664,8,2014,Z,,,N,F,,C,2014_08_PA0012100_NIBRS,
6643581,15664,9,2014,Z,,,N,F,,C,2014_09_PA0012100_NIBRS,
6666031,15664,10,2014,Z,,,N,F,,C,2014_10_PA0012100_NIBRS,
6688481,15664,11,2014,Z,,,N,F,,C,2014_11_PA0012100_NIBRS,
6710931,15664,12,2014,I,,,N,F,,C,2014_12_PA0012100_NIBRS,
6463982,15665,1,2014,I,,,N,F,,C,2014_01_PA0012200_NIBRS,
6486432,15665,2,2014,I,,,N,F,,C,2014_02_PA0012200_NIBRS,
6508882,15665,3,2014,I,,,N,F,,C,2014_03_PA0012200_NIBRS,
6531332,15665,4,2014,I,,,N,F,,C,2014_04_PA0012200_NIBRS,
6553782,15665,5,2014,I,,,N,F,,C,2014_05_PA0012200_NIBRS,
6576232,15665,6,2014,I,,,N,F,,C,2014_06_PA0012200_NIBRS,
6598682,15665,7,2014,Z,,,N,F,,C,2014_07_PA0012200_NIBRS,
6621132,15665,8,2014,I,,,N,F,,C,2014_08_PA0012200_NIBRS,
6643582,15665,9,2014,I,,,N,F,,C,2014_09_PA0012200_NIBRS,
6666032,15665,10,2014,I,,,N,F,,C,2014_10_PA0012200_NIBRS,
6688482,15665,11,2014,I,,,N,F,,C,2014_11_PA0012200_NIBRS,
6710932,15665,12,2014,I,,,N,F,,C,2014_12_PA0012200_NIBRS,
6464212,15895,1,2014,U,,,N,F,,C,2014_01_PA0060800_NIBRS,
6486662,15895,2,2014,U,,,N,F,,C,2014_02_PA0060800_NIBRS,
6509112,15895,3,2014,U,,,N,F,,C,2014_03_PA0060800_NIBRS,
6531562,15895,4,2014,U,,,N,F,,C,2014_04_PA0060800_NIBRS,
6554012,15895,5,2014,U,,,N,F,,C,2014_05_PA0060800_NIBRS,
6576462,15895,6,2014,U,,,N,F,,C,2014_06_PA0060800_NIBRS,
6598912,15895,7,2014,U,,,N,F,,C,2014_07_PA0060800_NIBRS,
6621362,15895,8,2014,U,,,N,F,,C,2014_08_PA0060800_NIBRS,
6643812,15895,9,2014,U,,,N,F,,C,2014_09_PA0060800_NIBRS,
6666262,15895,10,2014,U,,,N,F,,C,2014_10_PA0060800_NIBRS,
6688712,15895,11,2014,U,,,N,F,,C,2014_11_PA0060800_NIBRS,
6711162,15895,12,2014,U,,,N,F,,C,2014_12_PA0060800_NIBRS,
6464213,15896,1,2014,U,,,N,F,,C,2014_01_PA0060900_NIBRS,
6486663,15896,2,2014,U,,,N,F,,C,2014_02_PA0060900_NIBRS,
6509113,15896,3,2014,U,,,N,F,,C,2014_03_PA0060900_NIBRS,
6531563,15896,4,2014,U,,,N,F,,C,2014_04_PA0060900_NIBRS,
6554013,15896,5,2014,U,,,N,F,,C,2014_05_PA0060900_NIBRS,
6576463,15896,6,2014,U,,,N,F,,C,2014_06_PA0060900_NIBRS,
6598913,15896,7,2014,U,,,N,F,,C,2014_07_PA0060900_NIBRS,
6621363,15896,8,2014,U,,,N,F,,C,2014_08_PA0060900_NIBRS,
6643813,15896,9,2014,U,,,N,F,,C,2014_09_PA0060900_NIBRS,
6666263,15896,10,2014,U,,,N,F,,C,2014_10_PA0060900_NIBRS,
6688713,15896,11,2014,U,,,N,F,,C,2014_11_PA0060900_NIBRS,
6711163,15896,12,2014,U,,,N,F,,C,2014_12_PA0060900_NIBRS,
6464214,15897,1,2014,U,,,N,F,,C,2014_01_PA0061000_NIBRS,
6486664,15897,2,2014,U,,,N,F,,C,2014_02_PA0061000_NIBRS,
6509114,15897,3,2014,U,,,N,F,,C,2014_03_PA0061000_NIBRS,
6531564,15897,4,2014,U,,,N,F,,C,2014_04_PA0061000_NIBRS,
6554014,15897,5,2014,U,,,N,F,,C,2014_05_PA0061000_NIBRS,
6576464,15897,6,2014,U,,,N,F,,C,2014_06_PA0061000_NIBRS,
6598914,15897,7,2014,U,,,N,F,,C,2014_07_PA0061000_NIBRS,
6621364,15897,8,2014,U,,,N,F,,C,2014_08_PA0061000_NIBRS,
6643814,15897,9,2014,U,,,N,F,,C,2014_09_PA0061000_NIBRS,
6666264,15897,10,2014,U,,,N,F,,C,2014_10_PA0061000_NIBRS,
6688714,15897,11,2014,U,,,N,F,,C,2014_11_PA0061000_NIBRS,
6711164,15897,12,2014,U,,,N,F,,C,2014_12_PA0061000_NIBRS,
6464215,15898,1,2014,U,,,N,F,,C,2014_01_PA0061100_NIBRS,
6486665,15898,2,2014,U,,,N,F,,C,2014_02_PA0061100_NIBRS,
6509115,15898,3,2014,U,,,N,F,,C,2014_03_PA0061100_NIBRS,
6531565,15898,4,2014,U,,,N,F,,C,2014_04_PA0061100_NIBRS,
6554015,15898,5,2014,U,,,N,F,,C,2014_05_PA0061100_NIBRS,
6576465,15898,6,2014,U,,,N,F,,C,2014_06_PA0061100_NIBRS,
6598915,15898,7,2014,U,,,N,F,,C,2014_07_PA0061100_NIBRS,
6621365,15898,8,2014,U,,,N,F,,C,2014_08_PA0061100_NIBRS,
6643815,15898,9,2014,U,,,N,F,,C,2014_09_PA0061100_NIBRS,
6666265,15898,10,2014,U,,,N,F,,C,2014_10_PA0061100_NIBRS,
6688715,15898,11,2014,U,,,N,F,,C,2014_11_PA0061100_NIBRS,
6711165,15898,12,2014,U,,,N,F,,C,2014_12_PA0061100_NIBRS,
6464216,15899,1,2014,U,,,N,F,,C,2014_01_PA0061200_NIBRS,
6486666,15899,2,2014,U,,,N,F,,C,2014_02_PA0061200_NIBRS,
6509116,15899,3,2014,U,,,N,F,,C,2014_03_PA0061200_NIBRS,
6531566,15899,4,2014,U,,,N,F,,C,2014_04_PA0061200_NIBRS,
6554016,15899,5,2014,U,,,N,F,,C,2014_05_PA0061200_NIBRS,
6576466,15899,6,2014,U,,,N,F,,C,2014_06_PA0061200_NIBRS,
6598916,15899,7,2014,U,,,N,F,,C,2014_07_PA0061200_NIBRS,
6621366,15899,8,2014,U,,,N,F,,C,2014_08_PA0061200_NIBRS,
6643816,15899,9,2014,U,,,N,F,,C,2014_09_PA0061200_NIBRS,
6666266,15899,10,2014,U,,,N,F,,C,2014_10_PA0061200_NIBRS,
6688716,15899,11,2014,U,,,N,F,,C,2014_11_PA0061200_NIBRS,
6711166,15899,12,2014,U,,,N,F,,C,2014_12_PA0061200_NIBRS,
6464217,15900,1,2014,U,,,N,F,,C,2014_01_PA0061300_NIBRS,
6486667,15900,2,2014,U,,,N,F,,C,2014_02_PA0061300_NIBRS,
6509117,15900,3,2014,U,,,N,F,,C,2014_03_PA0061300_NIBRS,
6531567,15900,4,2014,U,,,N,F,,C,2014_04_PA0061300_NIBRS,
6554017,15900,5,2014,U,,,N,F,,C,2014_05_PA0061300_NIBRS,
6576467,15900,6,2014,U,,,N,F,,C,2014_06_PA0061300_NIBRS,
6598917,15900,7,2014,U,,,N,F,,C,2014_07_PA0061300_NIBRS,
6621367,15900,8,2014,U,,,N,F,,C,2014_08_PA0061300_NIBRS,
6643817,15900,9,2014,U,,,N,F,,C,2014_09_PA0061300_NIBRS,
6666267,15900,10,2014,U,,,N,F,,C,2014_10_PA0061300_NIBRS,
6688717,15900,11,2014,U,,,N,F,,C,2014_11_PA0061300_NIBRS,
6711167,15900,12,2014,U,,,N,F,,C,2014_12_PA0061300_NIBRS,
6464218,15901,1,2014,U,,,N,F,,C,2014_01_PA0061400_NIBRS,
6486668,15901,2,2014,U,,,N,F,,C,2014_02_PA0061400_NIBRS,
6509118,15901,3,2014,U,,,N,F,,C,2014_03_PA0061400_NIBRS,
6531568,15901,4,2014,U,,,N,F,,C,2014_04_PA0061400_NIBRS,
6554018,15901,5,2014,U,,,N,F,,C,2014_05_PA0061400_NIBRS,
6576468,15901,6,2014,U,,,N,F,,C,2014_06_PA0061400_NIBRS,
6598918,15901,7,2014,U,,,N,F,,C,2014_07_PA0061400_NIBRS,
6621368,15901,8,2014,U,,,N,F,,C,2014_08_PA0061400_NIBRS,
6643818,15901,9,2014,U,,,N,F,,C,2014_09_PA0061400_NIBRS,
6666268,15901,10,2014,U,,,N,F,,C,2014_10_PA0061400_NIBRS,
6688718,15901,11,2014,U,,,N,F,,C,2014_11_PA0061400_NIBRS,
6711168,15901,12,2014,U,,,N,F,,C,2014_12_PA0061400_NIBRS,
6464219,15902,1,2014,U,,,N,F,,C,2014_01_PA0061500_NIBRS,
6486669,15902,2,2014,U,,,N,F,,C,2014_02_PA0061500_NIBRS,
6509119,15902,3,2014,U,,,N,F,,C,2014_03_PA0061500_NIBRS,
6531569,15902,4,2014,U,,,N,F,,C,2014_04_PA0061500_NIBRS,
6554019,15902,5,2014,U,,,N,F,,C,2014_05_PA0061500_NIBRS,
6576469,15902,6,2014,U,,,N,F,,C,2014_06_PA0061500_NIBRS,
6598919,15902,7,2014,U,,,N,F,,C,2014_07_PA0061500_NIBRS,
6621369,15902,8,2014,U,,,N,F,,C,2014_08_PA0061500_NIBRS,
6643819,15902,9,2014,U,,,N,F,,C,2014_09_PA0061500_NIBRS,
6666269,15902,10,2014,U,,,N,F,,C,2014_10_PA0061500_NIBRS,
6688719,15902,11,2014,U,,,N,F,,C,2014_11_PA0061500_NIBRS,
6711169,15902,12,2014,U,,,N,F,,C,2014_12_PA0061500_NIBRS,
6464220,15903,1,2014,U,,,N,F,,C,2014_01_PA0061600_NIBRS,
6486670,15903,2,2014,U,,,N,F,,C,2014_02_PA0061600_NIBRS,
6509120,15903,3,2014,U,,,N,F,,C,2014_03_PA0061600_NIBRS,
6531570,15903,4,2014,U,,,N,F,,C,2014_04_PA0061600_NIBRS,
6554020,15903,5,2014,U,,,N,F,,C,2014_05_PA0061600_NIBRS,
6576470,15903,6,2014,U,,,N,F,,C,2014_06_PA0061600_NIBRS,
6598920,15903,7,2014,U,,,N,F,,C,2014_07_PA0061600_NIBRS,
6621370,15903,8,2014,U,,,N,F,,C,2014_08_PA0061600_NIBRS,
6643820,15903,9,2014,U,,,N,F,,C,2014_09_PA0061600_NIBRS,
6666270,15903,10,2014,U,,,N,F,,C,2014_10_PA0061600_NIBRS,
6688720,15903,11,2014,U,,,N,F,,C,2014_11_PA0061600_NIBRS,
6711170,15903,12,2014,U,,,N,F,,C,2014_12_PA0061600_NIBRS,
6464221,15904,1,2014,U,,,N,F,,C,2014_01_PA0061700_NIBRS,
6486671,15904,2,2014,U,,,N,F,,C,2014_02_PA0061700_NIBRS,
6509121,15904,3,2014,U,,,N,F,,C,2014_03_PA0061700_NIBRS,
6531571,15904,4,2014,U,,,N,F,,C,2014_04_PA0061700_NIBRS,
6554021,15904,5,2014,U,,,N,F,,C,2014_05_PA0061700_NIBRS,
6576471,15904,6,2014,U,,,N,F,,C,2014_06_PA0061700_NIBRS,
6598921,15904,7,2014,U,,,N,F,,C,2014_07_PA0061700_NIBRS,
6621371,15904,8,2014,U,,,N,F,,C,2014_08_PA0061700_NIBRS,
6643821,15904,9,2014,U,,,N,F,,C,2014_09_PA0061700_NIBRS,
6666271,15904,10,2014,U,,,N,F,,C,2014_10_PA0061700_NIBRS,
6688721,15904,11,2014,U,,,N,F,,C,2014_11_PA0061700_NIBRS,
6711171,15904,12,2014,U,,,N,F,,C,2014_12_PA0061700_NIBRS,
6464222,15905,1,2014,U,,,N,F,,C,2014_01_PA0061800_NIBRS,
6486672,15905,2,2014,U,,,N,F,,C,2014_02_PA0061800_NIBRS,
6509122,15905,3,2014,U,,,N,F,,C,2014_03_PA0061800_NIBRS,
6531572,15905,4,2014,U,,,N,F,,C,2014_04_PA0061800_NIBRS,
6554022,15905,5,2014,U,,,N,F,,C,2014_05_PA0061800_NIBRS,
6576472,15905,6,2014,U,,,N,F,,C,2014_06_PA0061800_NIBRS,
6598922,15905,7,2014,U,,,N,F,,C,2014_07_PA0061800_NIBRS,
6621372,15905,8,2014,U,,,N,F,,C,2014_08_PA0061800_NIBRS,
6643822,15905,9,2014,U,,,N,F,,C,2014_09_PA0061800_NIBRS,
6666272,15905,10,2014,U,,,N,F,,C,2014_10_PA0061800_NIBRS,
6688722,15905,11,2014,U,,,N,F,,C,2014_11_PA0061800_NIBRS,
6711172,15905,12,2014,U,,,N,F,,C,2014_12_PA0061800_NIBRS,
6464223,15906,1,2014,U,,,N,F,,C,2014_01_PA0061900_NIBRS,
6486673,15906,2,2014,U,,,N,F,,C,2014_02_PA0061900_NIBRS,
6509123,15906,3,2014,U,,,N,F,,C,2014_03_PA0061900_NIBRS,
6531573,15906,4,2014,U,,,N,F,,C,2014_04_PA0061900_NIBRS,
6554023,15906,5,2014,U,,,N,F,,C,2014_05_PA0061900_NIBRS,
6576473,15906,6,2014,U,,,N,F,,C,2014_06_PA0061900_NIBRS,
6598923,15906,7,2014,U,,,N,F,,C,2014_07_PA0061900_NIBRS,
6621373,15906,8,2014,U,,,N,F,,C,2014_08_PA0061900_NIBRS,
6643823,15906,9,2014,U,,,N,F,,C,2014_09_PA0061900_NIBRS,
6666273,15906,10,2014,U,,,N,F,,C,2014_10_PA0061900_NIBRS,
6688723,15906,11,2014,U,,,N,F,,C,2014_11_PA0061900_NIBRS,
6711173,15906,12,2014,U,,,N,F,,C,2014_12_PA0061900_NIBRS,
6464302,15985,1,2014,U,,,N,F,,C,2014_01_PA0090800_NIBRS,
6486752,15985,2,2014,U,,,N,F,,C,2014_02_PA0090800_NIBRS,
6509202,15985,3,2014,U,,,N,F,,C,2014_03_PA0090800_NIBRS,
6531652,15985,4,2014,U,,,N,F,,C,2014_04_PA0090800_NIBRS,
6554102,15985,5,2014,U,,,N,F,,C,2014_05_PA0090800_NIBRS,
6576552,15985,6,2014,U,,,N,F,,C,2014_06_PA0090800_NIBRS,
6599002,15985,7,2014,U,,,N,F,,C,2014_07_PA0090800_NIBRS,
6621452,15985,8,2014,U,,,N,F,,C,2014_08_PA0090800_NIBRS,
6643902,15985,9,2014,U,,,N,F,,C,2014_09_PA0090800_NIBRS,
6666352,15985,10,2014,U,,,N,F,,C,2014_10_PA0090800_NIBRS,
6688802,15985,11,2014,U,,,N,F,,C,2014_11_PA0090800_NIBRS,
6711252,15985,12,2014,U,,,N,F,,C,2014_12_PA0090800_NIBRS,
6464303,15986,1,2014,U,,,N,F,,C,2014_01_PA0090900_NIBRS,
6486753,15986,2,2014,U,,,N,F,,C,2014_02_PA0090900_NIBRS,
6509203,15986,3,2014,U,,,N,F,,C,2014_03_PA0090900_NIBRS,
6531653,15986,4,2014,U,,,N,F,,C,2014_04_PA0090900_NIBRS,
6554103,15986,5,2014,U,,,N,F,,C,2014_05_PA0090900_NIBRS,
6576553,15986,6,2014,U,,,N,F,,C,2014_06_PA0090900_NIBRS,
6599003,15986,7,2014,U,,,N,F,,C,2014_07_PA0090900_NIBRS,
6621453,15986,8,2014,U,,,N,F,,C,2014_08_PA0090900_NIBRS,
6643903,15986,9,2014,U,,,N,F,,C,2014_09_PA0090900_NIBRS,
6666353,15986,10,2014,U,,,N,F,,C,2014_10_PA0090900_NIBRS,
6688803,15986,11,2014,U,,,N,F,,C,2014_11_PA0090900_NIBRS,
6711253,15986,12,2014,U,,,N,F,,C,2014_12_PA0090900_NIBRS,
6464304,15987,1,2014,U,,,N,F,,C,2014_01_PA0091000_NIBRS,
6486754,15987,2,2014,U,,,N,F,,C,2014_02_PA0091000_NIBRS,
6509204,15987,3,2014,U,,,N,F,,C,2014_03_PA0091000_NIBRS,
6531654,15987,4,2014,U,,,N,F,,C,2014_04_PA0091000_NIBRS,
6554104,15987,5,2014,U,,,N,F,,C,2014_05_PA0091000_NIBRS,
6576554,15987,6,2014,U,,,N,F,,C,2014_06_PA0091000_NIBRS,
6599004,15987,7,2014,U,,,N,F,,C,2014_07_PA0091000_NIBRS,
6621454,15987,8,2014,U,,,N,F,,C,2014_08_PA0091000_NIBRS,
6643904,15987,9,2014,U,,,N,F,,C,2014_09_PA0091000_NIBRS,
6666354,15987,10,2014,U,,,N,F,,C,2014_10_PA0091000_NIBRS,
6688804,15987,11,2014,U,,,N,F,,C,2014_11_PA0091000_NIBRS,
6711254,15987,12,2014,U,,,N,F,,C,2014_12_PA0091000_NIBRS,
6464305,15988,1,2014,U,,,N,F,,C,2014_01_PA0091100_NIBRS,
6486755,15988,2,2014,U,,,N,F,,C,2014_02_PA0091100_NIBRS,
6509205,15988,3,2014,U,,,N,F,,C,2014_03_PA0091100_NIBRS,
6531655,15988,4,2014,U,,,N,F,,C,2014_04_PA0091100_NIBRS,
6554105,15988,5,2014,U,,,N,F,,C,2014_05_PA0091100_NIBRS,
6576555,15988,6,2014,U,,,N,F,,C,2014_06_PA0091100_NIBRS,
6599005,15988,7,2014,U,,,N,F,,C,2014_07_PA0091100_NIBRS,
6621455,15988,8,2014,U,,,N,F,,C,2014_08_PA0091100_NIBRS,
6643905,15988,9,2014,U,,,N,F,,C,2014_09_PA0091100_NIBRS,
6666355,15988,10,2014,U,,,N,F,,C,2014_10_PA0091100_NIBRS,
6688805,15988,11,2014,U,,,N,F,,C,2014_11_PA0091100_NIBRS,
6711255,15988,12,2014,U,,,N,F,,C,2014_12_PA0091100_NIBRS,
6464306,15989,1,2014,U,,,N,F,,C,2014_01_PA0091200_NIBRS,
6486756,15989,2,2014,U,,,N,F,,C,2014_02_PA0091200_NIBRS,
6509206,15989,3,2014,U,,,N,F,,C,2014_03_PA0091200_NIBRS,
6531656,15989,4,2014,U,,,N,F,,C,2014_04_PA0091200_NIBRS,
6554106,15989,5,2014,U,,,N,F,,C,2014_05_PA0091200_NIBRS,
6576556,15989,6,2014,U,,,N,F,,C,2014_06_PA0091200_NIBRS,
6599006,15989,7,2014,U,,,N,F,,C,2014_07_PA0091200_NIBRS,
6621456,15989,8,2014,U,,,N,F,,C,2014_08_PA0091200_NIBRS,
6643906,15989,9,2014,U,,,N,F,,C,2014_09_PA0091200_NIBRS,
6666356,15989,10,2014,U,,,N,F,,C,2014_10_PA0091200_NIBRS,
6688806,15989,11,2014,U,,,N,F,,C,2014_11_PA0091200_NIBRS,
6711256,15989,12,2014,U,,,N,F,,C,2014_12_PA0091200_NIBRS,
6464307,15990,1,2014,U,,,N,F,,C,2014_01_PA0091300_NIBRS,
6486757,15990,2,2014,U,,,N,F,,C,2014_02_PA0091300_NIBRS,
6509207,15990,3,2014,U,,,N,F,,C,2014_03_PA0091300_NIBRS,
6531657,15990,4,2014,U,,,N,F,,C,2014_04_PA0091300_NIBRS,
6554107,15990,5,2014,U,,,N,F,,C,2014_05_PA0091300_NIBRS,
6576557,15990,6,2014,U,,,N,F,,C,2014_06_PA0091300_NIBRS,
6599007,15990,7,2014,U,,,N,F,,C,2014_07_PA0091300_NIBRS,
6621457,15990,8,2014,U,,,N,F,,C,2014_08_PA0091300_NIBRS,
6643907,15990,9,2014,U,,,N,F,,C,2014_09_PA0091300_NIBRS,
6666357,15990,10,2014,U,,,N,F,,C,2014_10_PA0091300_NIBRS,
6688807,15990,11,2014,U,,,N,F,,C,2014_11_PA0091300_NIBRS,
6711257,15990,12,2014,U,,,N,F,,C,2014_12_PA0091300_NIBRS,
6464308,15991,1,2014,U,,,N,F,,C,2014_01_PA0091400_NIBRS,
6486758,15991,2,2014,U,,,N,F,,C,2014_02_PA0091400_NIBRS,
6509208,15991,3,2014,U,,,N,F,,C,2014_03_PA0091400_NIBRS,
6531658,15991,4,2014,U,,,N,F,,C,2014_04_PA0091400_NIBRS,
6554108,15991,5,2014,U,,,N,F,,C,2014_05_PA0091400_NIBRS,
6576558,15991,6,2014,U,,,N,F,,C,2014_06_PA0091400_NIBRS,
6599008,15991,7,2014,U,,,N,F,,C,2014_07_PA0091400_NIBRS,
6621458,15991,8,2014,U,,,N,F,,C,2014_08_PA0091400_NIBRS,
6643908,15991,9,2014,U,,,N,F,,C,2014_09_PA0091400_NIBRS,
6666358,15991,10,2014,U,,,N,F,,C,2014_10_PA0091400_NIBRS,
6688808,15991,11,2014,U,,,N,F,,C,2014_11_PA0091400_NIBRS,
6711258,15991,12,2014,U,,,N,F,,C,2014_12_PA0091400_NIBRS,
6464234,15917,1,2014,U,,,N,F,,C,2014_01_PA0063000_NIBRS,
6486684,15917,2,2014,U,,,N,F,,C,2014_02_PA0063000_NIBRS,
6509134,15917,3,2014,U,,,N,F,,C,2014_03_PA0063000_NIBRS,
6531584,15917,4,2014,U,,,N,F,,C,2014_04_PA0063000_NIBRS,
6554034,15917,5,2014,U,,,N,F,,C,2014_05_PA0063000_NIBRS,
6576484,15917,6,2014,U,,,N,F,,C,2014_06_PA0063000_NIBRS,
6598934,15917,7,2014,U,,,N,F,,C,2014_07_PA0063000_NIBRS,
6621384,15917,8,2014,U,,,N,F,,C,2014_08_PA0063000_NIBRS,
6643834,15917,9,2014,U,,,N,F,,C,2014_09_PA0063000_NIBRS,
6666284,15917,10,2014,U,,,N,F,,C,2014_10_PA0063000_NIBRS,
6688734,15917,11,2014,U,,,N,F,,C,2014_11_PA0063000_NIBRS,
6711184,15917,12,2014,U,,,N,F,,C,2014_12_PA0063000_NIBRS,
6464235,15918,1,2014,U,,,N,F,,C,2014_01_PA0063100_NIBRS,
6486685,15918,2,2014,U,,,N,F,,C,2014_02_PA0063100_NIBRS,
6509135,15918,3,2014,U,,,N,F,,C,2014_03_PA0063100_NIBRS,
6531585,15918,4,2014,U,,,N,F,,C,2014_04_PA0063100_NIBRS,
6554035,15918,5,2014,U,,,N,F,,C,2014_05_PA0063100_NIBRS,
6576485,15918,6,2014,U,,,N,F,,C,2014_06_PA0063100_NIBRS,
6598935,15918,7,2014,U,,,N,F,,C,2014_07_PA0063100_NIBRS,
6621385,15918,8,2014,U,,,N,F,,C,2014_08_PA0063100_NIBRS,
6643835,15918,9,2014,U,,,N,F,,C,2014_09_PA0063100_NIBRS,
6666285,15918,10,2014,U,,,N,F,,C,2014_10_PA0063100_NIBRS,
6688735,15918,11,2014,U,,,N,F,,C,2014_11_PA0063100_NIBRS,
6711185,15918,12,2014,U,,,N,F,,C,2014_12_PA0063100_NIBRS,
6464236,15919,1,2014,U,,,N,F,,C,2014_01_PA0063200_NIBRS,
6486686,15919,2,2014,U,,,N,F,,C,2014_02_PA0063200_NIBRS,
6509136,15919,3,2014,U,,,N,F,,C,2014_03_PA0063200_NIBRS,
6531586,15919,4,2014,U,,,N,F,,C,2014_04_PA0063200_NIBRS,
6554036,15919,5,2014,U,,,N,F,,C,2014_05_PA0063200_NIBRS,
6576486,15919,6,2014,U,,,N,F,,C,2014_06_PA0063200_NIBRS,
6598936,15919,7,2014,U,,,N,F,,C,2014_07_PA0063200_NIBRS,
6621386,15919,8,2014,U,,,N,F,,C,2014_08_PA0063200_NIBRS,
6643836,15919,9,2014,U,,,N,F,,C,2014_09_PA0063200_NIBRS,
6666286,15919,10,2014,U,,,N,F,,C,2014_10_PA0063200_NIBRS,
6688736,15919,11,2014,U,,,N,F,,C,2014_11_PA0063200_NIBRS,
6711186,15919,12,2014,U,,,N,F,,C,2014_12_PA0063200_NIBRS,
6464237,15920,1,2014,U,,,N,F,,C,2014_01_PA0063400_NIBRS,
6486687,15920,2,2014,U,,,N,F,,C,2014_02_PA0063400_NIBRS,
6509137,15920,3,2014,U,,,N,F,,C,2014_03_PA0063400_NIBRS,
6531587,15920,4,2014,U,,,N,F,,C,2014_04_PA0063400_NIBRS,
6554037,15920,5,2014,U,,,N,F,,C,2014_05_PA0063400_NIBRS,
6576487,15920,6,2014,U,,,N,F,,C,2014_06_PA0063400_NIBRS,
6598937,15920,7,2014,U,,,N,F,,C,2014_07_PA0063400_NIBRS,
6621387,15920,8,2014,U,,,N,F,,C,2014_08_PA0063400_NIBRS,
6643837,15920,9,2014,U,,,N,F,,C,2014_09_PA0063400_NIBRS,
6666287,15920,10,2014,U,,,N,F,,C,2014_10_PA0063400_NIBRS,
6688737,15920,11,2014,U,,,N,F,,C,2014_11_PA0063400_NIBRS,
6711187,15920,12,2014,U,,,N,F,,C,2014_12_PA0063400_NIBRS,
6464238,15921,1,2014,U,,,N,F,,C,2014_01_PA0063500_NIBRS,
6486688,15921,2,2014,U,,,N,F,,C,2014_02_PA0063500_NIBRS,
6509138,15921,3,2014,U,,,N,F,,C,2014_03_PA0063500_NIBRS,
6531588,15921,4,2014,U,,,N,F,,C,2014_04_PA0063500_NIBRS,
6554038,15921,5,2014,U,,,N,F,,C,2014_05_PA0063500_NIBRS,
6576488,15921,6,2014,U,,,N,F,,C,2014_06_PA0063500_NIBRS,
6598938,15921,7,2014,U,,,N,F,,C,2014_07_PA0063500_NIBRS,
6621388,15921,8,2014,U,,,N,F,,C,2014_08_PA0063500_NIBRS,
6643838,15921,9,2014,U,,,N,F,,C,2014_09_PA0063500_NIBRS,
6666288,15921,10,2014,U,,,N,F,,C,2014_10_PA0063500_NIBRS,
6688738,15921,11,2014,U,,,N,F,,C,2014_11_PA0063500_NIBRS,
6711188,15921,12,2014,U,,,N,F,,C,2014_12_PA0063500_NIBRS,
6464239,15922,1,2014,U,,,N,F,,C,2014_01_PA0063600_NIBRS,
6486689,15922,2,2014,U,,,N,F,,C,2014_02_PA0063600_NIBRS,
6509139,15922,3,2014,U,,,N,F,,C,2014_03_PA0063600_NIBRS,
6531589,15922,4,2014,U,,,N,F,,C,2014_04_PA0063600_NIBRS,
6554039,15922,5,2014,U,,,N,F,,C,2014_05_PA0063600_NIBRS,
6576489,15922,6,2014,U,,,N,F,,C,2014_06_PA0063600_NIBRS,
6598939,15922,7,2014,U,,,N,F,,C,2014_07_PA0063600_NIBRS,
6621389,15922,8,2014,U,,,N,F,,C,2014_08_PA0063600_NIBRS,
6643839,15922,9,2014,U,,,N,F,,C,2014_09_PA0063600_NIBRS,
6666289,15922,10,2014,U,,,N,F,,C,2014_10_PA0063600_NIBRS,
6688739,15922,11,2014,U,,,N,F,,C,2014_11_PA0063600_NIBRS,
6711189,15922,12,2014,U,,,N,F,,C,2014_12_PA0063600_NIBRS,
6464240,15923,1,2014,U,,,N,F,,C,2014_01_PA0063700_NIBRS,
6486690,15923,2,2014,U,,,N,F,,C,2014_02_PA0063700_NIBRS,
6509140,15923,3,2014,U,,,N,F,,C,2014_03_PA0063700_NIBRS,
6531590,15923,4,2014,U,,,N,F,,C,2014_04_PA0063700_NIBRS,
6554040,15923,5,2014,U,,,N,F,,C,2014_05_PA0063700_NIBRS,
6576490,15923,6,2014,U,,,N,F,,C,2014_06_PA0063700_NIBRS,
6598940,15923,7,2014,U,,,N,F,,C,2014_07_PA0063700_NIBRS,
6621390,15923,8,2014,U,,,N,F,,C,2014_08_PA0063700_NIBRS,
6643840,15923,9,2014,U,,,N,F,,C,2014_09_PA0063700_NIBRS,
6666290,15923,10,2014,U,,,N,F,,C,2014_10_PA0063700_NIBRS,
6688740,15923,11,2014,U,,,N,F,,C,2014_11_PA0063700_NIBRS,
6711190,15923,12,2014,U,,,N,F,,C,2014_12_PA0063700_NIBRS,
6464241,15924,1,2014,U,,,N,F,,C,2014_01_PA006380X_NIBRS,
6486691,15924,2,2014,U,,,N,F,,C,2014_02_PA006380X_NIBRS,
6509141,15924,3,2014,U,,,N,F,,C,2014_03_PA006380X_NIBRS,
6531591,15924,4,2014,U,,,N,F,,C,2014_04_PA006380X_NIBRS,
6554041,15924,5,2014,U,,,N,F,,C,2014_05_PA006380X_NIBRS,
6576491,15924,6,2014,U,,,N,F,,C,2014_06_PA006380X_NIBRS,
6598941,15924,7,2014,U,,,N,F,,C,2014_07_PA006380X_NIBRS,
6621391,15924,8,2014,U,,,N,F,,C,2014_08_PA006380X_NIBRS,
6643841,15924,9,2014,U,,,N,F,,C,2014_09_PA006380X_NIBRS,
6666291,15924,10,2014,U,,,N,F,,C,2014_10_PA006380X_NIBRS,
6688741,15924,11,2014,U,,,N,F,,C,2014_11_PA006380X_NIBRS,
6711191,15924,12,2014,U,,,N,F,,C,2014_12_PA006380X_NIBRS,
6464242,15925,1,2014,U,,,N,F,,C,2014_01_PA0063900_NIBRS,
6486692,15925,2,2014,U,,,N,F,,C,2014_02_PA0063900_NIBRS,
6509142,15925,3,2014,U,,,N,F,,C,2014_03_PA0063900_NIBRS,
6531592,15925,4,2014,U,,,N,F,,C,2014_04_PA0063900_NIBRS,
6554042,15925,5,2014,U,,,N,F,,C,2014_05_PA0063900_NIBRS,
6576492,15925,6,2014,U,,,N,F,,C,2014_06_PA0063900_NIBRS,
6598942,15925,7,2014,U,,,N,F,,C,2014_07_PA0063900_NIBRS,
6621392,15925,8,2014,U,,,N,F,,C,2014_08_PA0063900_NIBRS,
6643842,15925,9,2014,U,,,N,F,,C,2014_09_PA0063900_NIBRS,
6666292,15925,10,2014,U,,,N,F,,C,2014_10_PA0063900_NIBRS,
6688742,15925,11,2014,U,,,N,F,,C,2014_11_PA0063900_NIBRS,
6711192,15925,12,2014,U,,,N,F,,C,2014_12_PA0063900_NIBRS,
6464243,15926,1,2014,U,,,N,F,,C,2014_01_PA0064000_NIBRS,
6486693,15926,2,2014,U,,,N,F,,C,2014_02_PA0064000_NIBRS,
6509143,15926,3,2014,U,,,N,F,,C,2014_03_PA0064000_NIBRS,
6531593,15926,4,2014,U,,,N,F,,C,2014_04_PA0064000_NIBRS,
6554043,15926,5,2014,U,,,N,F,,C,2014_05_PA0064000_NIBRS,
6576493,15926,6,2014,U,,,N,F,,C,2014_06_PA0064000_NIBRS,
6598943,15926,7,2014,U,,,N,F,,C,2014_07_PA0064000_NIBRS,
6621393,15926,8,2014,U,,,N,F,,C,2014_08_PA0064000_NIBRS,
6643843,15926,9,2014,U,,,N,F,,C,2014_09_PA0064000_NIBRS,
6666293,15926,10,2014,U,,,N,F,,C,2014_10_PA0064000_NIBRS,
6688743,15926,11,2014,U,,,N,F,,C,2014_11_PA0064000_NIBRS,
6711193,15926,12,2014,U,,,N,F,,C,2014_12_PA0064000_NIBRS,
6464244,15927,1,2014,U,,,N,F,,C,2014_01_PA0064100_NIBRS,
6486694,15927,2,2014,U,,,N,F,,C,2014_02_PA0064100_NIBRS,
6509144,15927,3,2014,U,,,N,F,,C,2014_03_PA0064100_NIBRS,
6531594,15927,4,2014,U,,,N,F,,C,2014_04_PA0064100_NIBRS,
6554044,15927,5,2014,U,,,N,F,,C,2014_05_PA0064100_NIBRS,
6576494,15927,6,2014,U,,,N,F,,C,2014_06_PA0064100_NIBRS,
6598944,15927,7,2014,U,,,N,F,,C,2014_07_PA0064100_NIBRS,
6621394,15927,8,2014,U,,,N,F,,C,2014_08_PA0064100_NIBRS,
6643844,15927,9,2014,U,,,N,F,,C,2014_09_PA0064100_NIBRS,
6666294,15927,10,2014,U,,,N,F,,C,2014_10_PA0064100_NIBRS,
6688744,15927,11,2014,U,,,N,F,,C,2014_11_PA0064100_NIBRS,
6711194,15927,12,2014,U,,,N,F,,C,2014_12_PA0064100_NIBRS,
6464245,15928,1,2014,U,,,N,F,,C,2014_01_PA0064200_NIBRS,
6486695,15928,2,2014,U,,,N,F,,C,2014_02_PA0064200_NIBRS,
6509145,15928,3,2014,U,,,N,F,,C,2014_03_PA0064200_NIBRS,
6531595,15928,4,2014,U,,,N,F,,C,2014_04_PA0064200_NIBRS,
6554045,15928,5,2014,U,,,N,F,,C,2014_05_PA0064200_NIBRS,
6576495,15928,6,2014,U,,,N,F,,C,2014_06_PA0064200_NIBRS,
6598945,15928,7,2014,U,,,N,F,,C,2014_07_PA0064200_NIBRS,
6621395,15928,8,2014,U,,,N,F,,C,2014_08_PA0064200_NIBRS,
6643845,15928,9,2014,U,,,N,F,,C,2014_09_PA0064200_NIBRS,
6666295,15928,10,2014,U,,,N,F,,C,2014_10_PA0064200_NIBRS,
6688745,15928,11,2014,U,,,N,F,,C,2014_11_PA0064200_NIBRS,
6711195,15928,12,2014,U,,,N,F,,C,2014_12_PA0064200_NIBRS,
6464246,15929,1,2014,U,,,N,F,,C,2014_01_PA0064300_NIBRS,
6486696,15929,2,2014,U,,,N,F,,C,2014_02_PA0064300_NIBRS,
6509146,15929,3,2014,U,,,N,F,,C,2014_03_PA0064300_NIBRS,
6531596,15929,4,2014,U,,,N,F,,C,2014_04_PA0064300_NIBRS,
6554046,15929,5,2014,U,,,N,F,,C,2014_05_PA0064300_NIBRS,
6576496,15929,6,2014,U,,,N,F,,C,2014_06_PA0064300_NIBRS,
6598946,15929,7,2014,U,,,N,F,,C,2014_07_PA0064300_NIBRS,
6621396,15929,8,2014,U,,,N,F,,C,2014_08_PA0064300_NIBRS,
6643846,15929,9,2014,U,,,N,F,,C,2014_09_PA0064300_NIBRS,
6666296,15929,10,2014,U,,,N,F,,C,2014_10_PA0064300_NIBRS,
6688746,15929,11,2014,U,,,N,F,,C,2014_11_PA0064300_NIBRS,
6711196,15929,12,2014,U,,,N,F,,C,2014_12_PA0064300_NIBRS,
6464247,15930,1,2014,U,,,N,F,,C,2014_01_PA0064400_NIBRS,
6486697,15930,2,2014,U,,,N,F,,C,2014_02_PA0064400_NIBRS,
6509147,15930,3,2014,U,,,N,F,,C,2014_03_PA0064400_NIBRS,
6531597,15930,4,2014,U,,,N,F,,C,2014_04_PA0064400_NIBRS,
6554047,15930,5,2014,U,,,N,F,,C,2014_05_PA0064400_NIBRS,
6576497,15930,6,2014,U,,,N,F,,C,2014_06_PA0064400_NIBRS,
6598947,15930,7,2014,U,,,N,F,,C,2014_07_PA0064400_NIBRS,
6621397,15930,8,2014,U,,,N,F,,C,2014_08_PA0064400_NIBRS,
6643847,15930,9,2014,U,,,N,F,,C,2014_09_PA0064400_NIBRS,
6666297,15930,10,2014,U,,,N,F,,C,2014_10_PA0064400_NIBRS,
6688747,15930,11,2014,U,,,N,F,,C,2014_11_PA0064400_NIBRS,
6711197,15930,12,2014,U,,,N,F,,C,2014_12_PA0064400_NIBRS,
6464248,15931,1,2014,U,,,N,F,,C,2014_01_PA0064700_NIBRS,
6486698,15931,2,2014,U,,,N,F,,C,2014_02_PA0064700_NIBRS,
6509148,15931,3,2014,U,,,N,F,,C,2014_03_PA0064700_NIBRS,
6531598,15931,4,2014,U,,,N,F,,C,2014_04_PA0064700_NIBRS,
6554048,15931,5,2014,U,,,N,F,,C,2014_05_PA0064700_NIBRS,
6576498,15931,6,2014,U,,,N,F,,C,2014_06_PA0064700_NIBRS,
6598948,15931,7,2014,U,,,N,F,,C,2014_07_PA0064700_NIBRS,
6621398,15931,8,2014,U,,,N,F,,C,2014_08_PA0064700_NIBRS,
6643848,15931,9,2014,U,,,N,F,,C,2014_09_PA0064700_NIBRS,
6666298,15931,10,2014,U,,,N,F,,C,2014_10_PA0064700_NIBRS,
6688748,15931,11,2014,U,,,N,F,,C,2014_11_PA0064700_NIBRS,
6711198,15931,12,2014,U,,,N,F,,C,2014_12_PA0064700_NIBRS,
6464249,15932,1,2014,U,,,N,F,,C,2014_01_PA0064900_NIBRS,
6486699,15932,2,2014,U,,,N,F,,C,2014_02_PA0064900_NIBRS,
6509149,15932,3,2014,U,,,N,F,,C,2014_03_PA0064900_NIBRS,
6531599,15932,4,2014,U,,,N,F,,C,2014_04_PA0064900_NIBRS,
6554049,15932,5,2014,U,,,N,F,,C,2014_05_PA0064900_NIBRS,
6576499,15932,6,2014,U,,,N,F,,C,2014_06_PA0064900_NIBRS,
6598949,15932,7,2014,U,,,N,F,,C,2014_07_PA0064900_NIBRS,
6621399,15932,8,2014,U,,,N,F,,C,2014_08_PA0064900_NIBRS,
6643849,15932,9,2014,U,,,N,F,,C,2014_09_PA0064900_NIBRS,
6666299,15932,10,2014,U,,,N,F,,C,2014_10_PA0064900_NIBRS,
6688749,15932,11,2014,U,,,N,F,,C,2014_11_PA0064900_NIBRS,
6711199,15932,12,2014,U,,,N,F,,C,2014_12_PA0064900_NIBRS,
6464250,15933,1,2014,U,,,N,F,,C,2014_01_PA0065000_NIBRS,
6486700,15933,2,2014,U,,,N,F,,C,2014_02_PA0065000_NIBRS,
6509150,15933,3,2014,U,,,N,F,,C,2014_03_PA0065000_NIBRS,
6531600,15933,4,2014,U,,,N,F,,C,2014_04_PA0065000_NIBRS,
6554050,15933,5,2014,U,,,N,F,,C,2014_05_PA0065000_NIBRS,
6576500,15933,6,2014,U,,,N,F,,C,2014_06_PA0065000_NIBRS,
6598950,15933,7,2014,U,,,N,F,,C,2014_07_PA0065000_NIBRS,
6621400,15933,8,2014,U,,,N,F,,C,2014_08_PA0065000_NIBRS,
6643850,15933,9,2014,U,,,N,F,,C,2014_09_PA0065000_NIBRS,
6666300,15933,10,2014,U,,,N,F,,C,2014_10_PA0065000_NIBRS,
6688750,15933,11,2014,U,,,N,F,,C,2014_11_PA0065000_NIBRS,
6711200,15933,12,2014,U,,,N,F,,C,2014_12_PA0065000_NIBRS,
6464251,15934,1,2014,U,,,N,F,,C,2014_01_PA0065200_NIBRS,
6486701,15934,2,2014,U,,,N,F,,C,2014_02_PA0065200_NIBRS,
6509151,15934,3,2014,U,,,N,F,,C,2014_03_PA0065200_NIBRS,
6531601,15934,4,2014,U,,,N,F,,C,2014_04_PA0065200_NIBRS,
6554051,15934,5,2014,U,,,N,F,,C,2014_05_PA0065200_NIBRS,
6576501,15934,6,2014,U,,,N,F,,C,2014_06_PA0065200_NIBRS,
6598951,15934,7,2014,U,,,N,F,,C,2014_07_PA0065200_NIBRS,
6621401,15934,8,2014,U,,,N,F,,C,2014_08_PA0065200_NIBRS,
6643851,15934,9,2014,U,,,N,F,,C,2014_09_PA0065200_NIBRS,
6666301,15934,10,2014,U,,,N,F,,C,2014_10_PA0065200_NIBRS,
6688751,15934,11,2014,U,,,N,F,,C,2014_11_PA0065200_NIBRS,
6711201,15934,12,2014,U,,,N,F,,C,2014_12_PA0065200_NIBRS,
6464252,15935,1,2014,U,,,N,F,,C,2014_01_PA0065400_NIBRS,
6486702,15935,2,2014,U,,,N,F,,C,2014_02_PA0065400_NIBRS,
6509152,15935,3,2014,U,,,N,F,,C,2014_03_PA0065400_NIBRS,
6531602,15935,4,2014,U,,,N,F,,C,2014_04_PA0065400_NIBRS,
6554052,15935,5,2014,U,,,N,F,,C,2014_05_PA0065400_NIBRS,
6576502,15935,6,2014,U,,,N,F,,C,2014_06_PA0065400_NIBRS,
6598952,15935,7,2014,U,,,N,F,,C,2014_07_PA0065400_NIBRS,
6621402,15935,8,2014,U,,,N,F,,C,2014_08_PA0065400_NIBRS,
6643852,15935,9,2014,U,,,N,F,,C,2014_09_PA0065400_NIBRS,
6666302,15935,10,2014,U,,,N,F,,C,2014_10_PA0065400_NIBRS,
6688752,15935,11,2014,U,,,N,F,,C,2014_11_PA0065400_NIBRS,
6711202,15935,12,2014,U,,,N,F,,C,2014_12_PA0065400_NIBRS,
6464464,16147,1,2014,U,,,N,F,,C,2014_01_PA014SP00_NIBRS,
6486914,16147,2,2014,U,,,N,F,,C,2014_02_PA014SP00_NIBRS,
6509364,16147,3,2014,U,,,N,F,,C,2014_03_PA014SP00_NIBRS,
6531814,16147,4,2014,U,,,N,F,,C,2014_04_PA014SP00_NIBRS,
6554264,16147,5,2014,U,,,N,F,,C,2014_05_PA014SP00_NIBRS,
6576714,16147,6,2014,U,,,N,F,,C,2014_06_PA014SP00_NIBRS,
6599164,16147,7,2014,U,,,N,F,,C,2014_07_PA014SP00_NIBRS,
6621614,16147,8,2014,U,,,N,F,,C,2014_08_PA014SP00_NIBRS,
6644064,16147,9,2014,U,,,N,F,,C,2014_09_PA014SP00_NIBRS,
6666514,16147,10,2014,U,,,N,F,,C,2014_10_PA014SP00_NIBRS,
6688964,16147,11,2014,U,,,N,F,,C,2014_11_PA014SP00_NIBRS,
6711414,16147,12,2014,U,,,N,F,,C,2014_12_PA014SP00_NIBRS,
6464162,15845,1,2014,U,,,N,F,,C,2014_01_PA0041800_NIBRS,
6486612,15845,2,2014,U,,,N,F,,C,2014_02_PA0041800_NIBRS,
6509062,15845,3,2014,U,,,N,F,,C,2014_03_PA0041800_NIBRS,
6531512,15845,4,2014,U,,,N,F,,C,2014_04_PA0041800_NIBRS,
6553962,15845,5,2014,U,,,N,F,,C,2014_05_PA0041800_NIBRS,
6576412,15845,6,2014,U,,,N,F,,C,2014_06_PA0041800_NIBRS,
6598862,15845,7,2014,U,,,N,F,,C,2014_07_PA0041800_NIBRS,
6621312,15845,8,2014,U,,,N,F,,C,2014_08_PA0041800_NIBRS,
6643762,15845,9,2014,U,,,N,F,,C,2014_09_PA0041800_NIBRS,
6666212,15845,10,2014,U,,,N,F,,C,2014_10_PA0041800_NIBRS,
6688662,15845,11,2014,U,,,N,F,,C,2014_11_PA0041800_NIBRS,
6711112,15845,12,2014,U,,,N,F,,C,2014_12_PA0041800_NIBRS,
6464163,15846,1,2014,U,,,N,F,,C,2014_01_PA0041900_NIBRS,
6486613,15846,2,2014,U,,,N,F,,C,2014_02_PA0041900_NIBRS,
6509063,15846,3,2014,U,,,N,F,,C,2014_03_PA0041900_NIBRS,
6531513,15846,4,2014,U,,,N,F,,C,2014_04_PA0041900_NIBRS,
6553963,15846,5,2014,U,,,N,F,,C,2014_05_PA0041900_NIBRS,
6576413,15846,6,2014,U,,,N,F,,C,2014_06_PA0041900_NIBRS,
6598863,15846,7,2014,U,,,N,F,,C,2014_07_PA0041900_NIBRS,
6621313,15846,8,2014,U,,,N,F,,C,2014_08_PA0041900_NIBRS,
6643763,15846,9,2014,U,,,N,F,,C,2014_09_PA0041900_NIBRS,
6666213,15846,10,2014,U,,,N,F,,C,2014_10_PA0041900_NIBRS,
6688663,15846,11,2014,U,,,N,F,,C,2014_11_PA0041900_NIBRS,
6711113,15846,12,2014,U,,,N,F,,C,2014_12_PA0041900_NIBRS,
6464164,15847,1,2014,U,,,N,F,,C,2014_01_PA0042000_NIBRS,
6486614,15847,2,2014,U,,,N,F,,C,2014_02_PA0042000_NIBRS,
6509064,15847,3,2014,U,,,N,F,,C,2014_03_PA0042000_NIBRS,
6531514,15847,4,2014,U,,,N,F,,C,2014_04_PA0042000_NIBRS,
6553964,15847,5,2014,U,,,N,F,,C,2014_05_PA0042000_NIBRS,
6576414,15847,6,2014,U,,,N,F,,C,2014_06_PA0042000_NIBRS,
6598864,15847,7,2014,U,,,N,F,,C,2014_07_PA0042000_NIBRS,
6621314,15847,8,2014,U,,,N,F,,C,2014_08_PA0042000_NIBRS,
6643764,15847,9,2014,U,,,N,F,,C,2014_09_PA0042000_NIBRS,
6666214,15847,10,2014,U,,,N,F,,C,2014_10_PA0042000_NIBRS,
6688664,15847,11,2014,U,,,N,F,,C,2014_11_PA0042000_NIBRS,
6711114,15847,12,2014,U,,,N,F,,C,2014_12_PA0042000_NIBRS,
6464165,15848,1,2014,U,,,N,F,,C,2014_01_PA0042100_NIBRS,
6486615,15848,2,2014,U,,,N,F,,C,2014_02_PA0042100_NIBRS,
6509065,15848,3,2014,U,,,N,F,,C,2014_03_PA0042100_NIBRS,
6531515,15848,4,2014,U,,,N,F,,C,2014_04_PA0042100_NIBRS,
6553965,15848,5,2014,U,,,N,F,,C,2014_05_PA0042100_NIBRS,
6576415,15848,6,2014,U,,,N,F,,C,2014_06_PA0042100_NIBRS,
6598865,15848,7,2014,U,,,N,F,,C,2014_07_PA0042100_NIBRS,
6621315,15848,8,2014,U,,,N,F,,C,2014_08_PA0042100_NIBRS,
6643765,15848,9,2014,U,,,N,F,,C,2014_09_PA0042100_NIBRS,
6666215,15848,10,2014,U,,,N,F,,C,2014_10_PA0042100_NIBRS,
6688665,15848,11,2014,U,,,N,F,,C,2014_11_PA0042100_NIBRS,
6711115,15848,12,2014,U,,,N,F,,C,2014_12_PA0042100_NIBRS,
6464166,15849,1,2014,U,,,N,F,,C,2014_01_PA0042300_NIBRS,
6486616,15849,2,2014,U,,,N,F,,C,2014_02_PA0042300_NIBRS,
6509066,15849,3,2014,U,,,N,F,,C,2014_03_PA0042300_NIBRS,
6531516,15849,4,2014,U,,,N,F,,C,2014_04_PA0042300_NIBRS,
6553966,15849,5,2014,U,,,N,F,,C,2014_05_PA0042300_NIBRS,
6576416,15849,6,2014,U,,,N,F,,C,2014_06_PA0042300_NIBRS,
6598866,15849,7,2014,U,,,N,F,,C,2014_07_PA0042300_NIBRS,
6621316,15849,8,2014,U,,,N,F,,C,2014_08_PA0042300_NIBRS,
6643766,15849,9,2014,U,,,N,F,,C,2014_09_PA0042300_NIBRS,
6666216,15849,10,2014,U,,,N,F,,C,2014_10_PA0042300_NIBRS,
6688666,15849,11,2014,U,,,N,F,,C,2014_11_PA0042300_NIBRS,
6711116,15849,12,2014,U,,,N,F,,C,2014_12_PA0042300_NIBRS,
6464167,15850,1,2014,U,,,N,F,,C,2014_01_PA0042400_NIBRS,
6486617,15850,2,2014,U,,,N,F,,C,2014_02_PA0042400_NIBRS,
6509067,15850,3,2014,U,,,N,F,,C,2014_03_PA0042400_NIBRS,
6531517,15850,4,2014,U,,,N,F,,C,2014_04_PA0042400_NIBRS,
6553967,15850,5,2014,U,,,N,F,,C,2014_05_PA0042400_NIBRS,
6576417,15850,6,2014,U,,,N,F,,C,2014_06_PA0042400_NIBRS,
6598867,15850,7,2014,U,,,N,F,,C,2014_07_PA0042400_NIBRS,
6621317,15850,8,2014,U,,,N,F,,C,2014_08_PA0042400_NIBRS,
6643767,15850,9,2014,U,,,N,F,,C,2014_09_PA0042400_NIBRS,
6666217,15850,10,2014,U,,,N,F,,C,2014_10_PA0042400_NIBRS,
6688667,15850,11,2014,U,,,N,F,,C,2014_11_PA0042400_NIBRS,
6711117,15850,12,2014,U,,,N,F,,C,2014_12_PA0042400_NIBRS,
6464168,15851,1,2014,U,,,N,F,,C,2014_01_PA0042500_NIBRS,
6486618,15851,2,2014,U,,,N,F,,C,2014_02_PA0042500_NIBRS,
6509068,15851,3,2014,U,,,N,F,,C,2014_03_PA0042500_NIBRS,
6531518,15851,4,2014,U,,,N,F,,C,2014_04_PA0042500_NIBRS,
6553968,15851,5,2014,U,,,N,F,,C,2014_05_PA0042500_NIBRS,
6576418,15851,6,2014,U,,,N,F,,C,2014_06_PA0042500_NIBRS,
6598868,15851,7,2014,U,,,N,F,,C,2014_07_PA0042500_NIBRS,
6621318,15851,8,2014,U,,,N,F,,C,2014_08_PA0042500_NIBRS,
6643768,15851,9,2014,U,,,N,F,,C,2014_09_PA0042500_NIBRS,
6666218,15851,10,2014,U,,,N,F,,C,2014_10_PA0042500_NIBRS,
6688668,15851,11,2014,U,,,N,F,,C,2014_11_PA0042500_NIBRS,
6711118,15851,12,2014,U,,,N,F,,C,2014_12_PA0042500_NIBRS,
6464169,15852,1,2014,U,,,N,F,,C,2014_01_PA0042700_NIBRS,
6486619,15852,2,2014,U,,,N,F,,C,2014_02_PA0042700_NIBRS,
6509069,15852,3,2014,U,,,N,F,,C,2014_03_PA0042700_NIBRS,
6531519,15852,4,2014,U,,,N,F,,C,2014_04_PA0042700_NIBRS,
6553969,15852,5,2014,U,,,N,F,,C,2014_05_PA0042700_NIBRS,
6576419,15852,6,2014,U,,,N,F,,C,2014_06_PA0042700_NIBRS,
6598869,15852,7,2014,U,,,N,F,,C,2014_07_PA0042700_NIBRS,
6621319,15852,8,2014,U,,,N,F,,C,2014_08_PA0042700_NIBRS,
6643769,15852,9,2014,U,,,N,F,,C,2014_09_PA0042700_NIBRS,
6666219,15852,10,2014,U,,,N,F,,C,2014_10_PA0042700_NIBRS,
6688669,15852,11,2014,U,,,N,F,,C,2014_11_PA0042700_NIBRS,
6711119,15852,12,2014,U,,,N,F,,C,2014_12_PA0042700_NIBRS,
6464309,15992,1,2014,U,,,N,F,,C,2014_01_PA0091500_NIBRS,
6486759,15992,2,2014,U,,,N,F,,C,2014_02_PA0091500_NIBRS,
6509209,15992,3,2014,U,,,N,F,,C,2014_03_PA0091500_NIBRS,
6531659,15992,4,2014,U,,,N,F,,C,2014_04_PA0091500_NIBRS,
6554109,15992,5,2014,U,,,N,F,,C,2014_05_PA0091500_NIBRS,
6576559,15992,6,2014,U,,,N,F,,C,2014_06_PA0091500_NIBRS,
6599009,15992,7,2014,U,,,N,F,,C,2014_07_PA0091500_NIBRS,
6621459,15992,8,2014,U,,,N,F,,C,2014_08_PA0091500_NIBRS,
6643909,15992,9,2014,U,,,N,F,,C,2014_09_PA0091500_NIBRS,
6666359,15992,10,2014,U,,,N,F,,C,2014_10_PA0091500_NIBRS,
6688809,15992,11,2014,U,,,N,F,,C,2014_11_PA0091500_NIBRS,
6711259,15992,12,2014,U,,,N,F,,C,2014_12_PA0091500_NIBRS,
6464310,15993,1,2014,U,,,N,F,,C,2014_01_PA0091600_NIBRS,
6486760,15993,2,2014,U,,,N,F,,C,2014_02_PA0091600_NIBRS,
6509210,15993,3,2014,U,,,N,F,,C,2014_03_PA0091600_NIBRS,
6531660,15993,4,2014,U,,,N,F,,C,2014_04_PA0091600_NIBRS,
6554110,15993,5,2014,U,,,N,F,,C,2014_05_PA0091600_NIBRS,
6576560,15993,6,2014,U,,,N,F,,C,2014_06_PA0091600_NIBRS,
6599010,15993,7,2014,U,,,N,F,,C,2014_07_PA0091600_NIBRS,
6621460,15993,8,2014,U,,,N,F,,C,2014_08_PA0091600_NIBRS,
6643910,15993,9,2014,U,,,N,F,,C,2014_09_PA0091600_NIBRS,
6666360,15993,10,2014,U,,,N,F,,C,2014_10_PA0091600_NIBRS,
6688810,15993,11,2014,U,,,N,F,,C,2014_11_PA0091600_NIBRS,
6711260,15993,12,2014,U,,,N,F,,C,2014_12_PA0091600_NIBRS,
6464311,15994,1,2014,U,,,N,F,,C,2014_01_PA0091700_NIBRS,
6486761,15994,2,2014,U,,,N,F,,C,2014_02_PA0091700_NIBRS,
6509211,15994,3,2014,U,,,N,F,,C,2014_03_PA0091700_NIBRS,
6531661,15994,4,2014,U,,,N,F,,C,2014_04_PA0091700_NIBRS,
6554111,15994,5,2014,U,,,N,F,,C,2014_05_PA0091700_NIBRS,
6576561,15994,6,2014,U,,,N,F,,C,2014_06_PA0091700_NIBRS,
6599011,15994,7,2014,U,,,N,F,,C,2014_07_PA0091700_NIBRS,
6621461,15994,8,2014,U,,,N,F,,C,2014_08_PA0091700_NIBRS,
6643911,15994,9,2014,U,,,N,F,,C,2014_09_PA0091700_NIBRS,
6666361,15994,10,2014,U,,,N,F,,C,2014_10_PA0091700_NIBRS,
6688811,15994,11,2014,U,,,N,F,,C,2014_11_PA0091700_NIBRS,
6711261,15994,12,2014,U,,,N,F,,C,2014_12_PA0091700_NIBRS,
6464170,15853,1,2014,U,,,N,F,,C,2014_01_PA0042800_NIBRS,
6486620,15853,2,2014,U,,,N,F,,C,2014_02_PA0042800_NIBRS,
6509070,15853,3,2014,U,,,N,F,,C,2014_03_PA0042800_NIBRS,
6531520,15853,4,2014,U,,,N,F,,C,2014_04_PA0042800_NIBRS,
6553970,15853,5,2014,U,,,N,F,,C,2014_05_PA0042800_NIBRS,
6576420,15853,6,2014,U,,,N,F,,C,2014_06_PA0042800_NIBRS,
6598870,15853,7,2014,U,,,N,F,,C,2014_07_PA0042800_NIBRS,
6621320,15853,8,2014,U,,,N,F,,C,2014_08_PA0042800_NIBRS,
6643770,15853,9,2014,U,,,N,F,,C,2014_09_PA0042800_NIBRS,
6666220,15853,10,2014,U,,,N,F,,C,2014_10_PA0042800_NIBRS,
6688670,15853,11,2014,U,,,N,F,,C,2014_11_PA0042800_NIBRS,
6711120,15853,12,2014,U,,,N,F,,C,2014_12_PA0042800_NIBRS,
6464171,15854,1,2014,U,,,N,F,,C,2014_01_PA0042900_NIBRS,
6486621,15854,2,2014,U,,,N,F,,C,2014_02_PA0042900_NIBRS,
6509071,15854,3,2014,U,,,N,F,,C,2014_03_PA0042900_NIBRS,
6531521,15854,4,2014,U,,,N,F,,C,2014_04_PA0042900_NIBRS,
6553971,15854,5,2014,U,,,N,F,,C,2014_05_PA0042900_NIBRS,
6576421,15854,6,2014,U,,,N,F,,C,2014_06_PA0042900_NIBRS,
6598871,15854,7,2014,U,,,N,F,,C,2014_07_PA0042900_NIBRS,
6621321,15854,8,2014,U,,,N,F,,C,2014_08_PA0042900_NIBRS,
6643771,15854,9,2014,U,,,N,F,,C,2014_09_PA0042900_NIBRS,
6666221,15854,10,2014,U,,,N,F,,C,2014_10_PA0042900_NIBRS,
6688671,15854,11,2014,U,,,N,F,,C,2014_11_PA0042900_NIBRS,
6711121,15854,12,2014,U,,,N,F,,C,2014_12_PA0042900_NIBRS,
6464172,15855,1,2014,U,,,N,F,,C,2014_01_PA0043100_NIBRS,
6486622,15855,2,2014,U,,,N,F,,C,2014_02_PA0043100_NIBRS,
6509072,15855,3,2014,U,,,N,F,,C,2014_03_PA0043100_NIBRS,
6531522,15855,4,2014,U,,,N,F,,C,2014_04_PA0043100_NIBRS,
6553972,15855,5,2014,U,,,N,F,,C,2014_05_PA0043100_NIBRS,
6576422,15855,6,2014,U,,,N,F,,C,2014_06_PA0043100_NIBRS,
6598872,15855,7,2014,U,,,N,F,,C,2014_07_PA0043100_NIBRS,
6621322,15855,8,2014,U,,,N,F,,C,2014_08_PA0043100_NIBRS,
6643772,15855,9,2014,U,,,N,F,,C,2014_09_PA0043100_NIBRS,
6666222,15855,10,2014,U,,,N,F,,C,2014_10_PA0043100_NIBRS,
6688672,15855,11,2014,U,,,N,F,,C,2014_11_PA0043100_NIBRS,
6711122,15855,12,2014,U,,,N,F,,C,2014_12_PA0043100_NIBRS,
6464173,15856,1,2014,U,,,N,F,,C,2014_01_PA0043200_NIBRS,
6486623,15856,2,2014,U,,,N,F,,C,2014_02_PA0043200_NIBRS,
6509073,15856,3,2014,U,,,N,F,,C,2014_03_PA0043200_NIBRS,
6531523,15856,4,2014,U,,,N,F,,C,2014_04_PA0043200_NIBRS,
6553973,15856,5,2014,U,,,N,F,,C,2014_05_PA0043200_NIBRS,
6576423,15856,6,2014,U,,,N,F,,C,2014_06_PA0043200_NIBRS,
6598873,15856,7,2014,U,,,N,F,,C,2014_07_PA0043200_NIBRS,
6621323,15856,8,2014,U,,,N,F,,C,2014_08_PA0043200_NIBRS,
6643773,15856,9,2014,U,,,N,F,,C,2014_09_PA0043200_NIBRS,
6666223,15856,10,2014,U,,,N,F,,C,2014_10_PA0043200_NIBRS,
6688673,15856,11,2014,U,,,N,F,,C,2014_11_PA0043200_NIBRS,
6711123,15856,12,2014,U,,,N,F,,C,2014_12_PA0043200_NIBRS,
6464174,15857,1,2014,U,,,N,F,,C,2014_01_PA0043300_NIBRS,
6486624,15857,2,2014,U,,,N,F,,C,2014_02_PA0043300_NIBRS,
6509074,15857,3,2014,U,,,N,F,,C,2014_03_PA0043300_NIBRS,
6531524,15857,4,2014,U,,,N,F,,C,2014_04_PA0043300_NIBRS,
6553974,15857,5,2014,U,,,N,F,,C,2014_05_PA0043300_NIBRS,
6576424,15857,6,2014,U,,,N,F,,C,2014_06_PA0043300_NIBRS,
6598874,15857,7,2014,U,,,N,F,,C,2014_07_PA0043300_NIBRS,
6621324,15857,8,2014,U,,,N,F,,C,2014_08_PA0043300_NIBRS,
6643774,15857,9,2014,U,,,N,F,,C,2014_09_PA0043300_NIBRS,
6666224,15857,10,2014,U,,,N,F,,C,2014_10_PA0043300_NIBRS,
6688674,15857,11,2014,U,,,N,F,,C,2014_11_PA0043300_NIBRS,
6711124,15857,12,2014,U,,,N,F,,C,2014_12_PA0043300_NIBRS,
6464175,15858,1,2014,U,,,N,F,,C,2014_01_PA0043400_NIBRS,
6486625,15858,2,2014,U,,,N,F,,C,2014_02_PA0043400_NIBRS,
6509075,15858,3,2014,U,,,N,F,,C,2014_03_PA0043400_NIBRS,
6531525,15858,4,2014,U,,,N,F,,C,2014_04_PA0043400_NIBRS,
6553975,15858,5,2014,U,,,N,F,,C,2014_05_PA0043400_NIBRS,
6576425,15858,6,2014,U,,,N,F,,C,2014_06_PA0043400_NIBRS,
6598875,15858,7,2014,U,,,N,F,,C,2014_07_PA0043400_NIBRS,
6621325,15858,8,2014,U,,,N,F,,C,2014_08_PA0043400_NIBRS,
6643775,15858,9,2014,U,,,N,F,,C,2014_09_PA0043400_NIBRS,
6666225,15858,10,2014,U,,,N,F,,C,2014_10_PA0043400_NIBRS,
6688675,15858,11,2014,U,,,N,F,,C,2014_11_PA0043400_NIBRS,
6711125,15858,12,2014,U,,,N,F,,C,2014_12_PA0043400_NIBRS,
6464176,15859,1,2014,U,,,N,F,,C,2014_01_PA0043500_NIBRS,
6486626,15859,2,2014,U,,,N,F,,C,2014_02_PA0043500_NIBRS,
6509076,15859,3,2014,U,,,N,F,,C,2014_03_PA0043500_NIBRS,
6531526,15859,4,2014,U,,,N,F,,C,2014_04_PA0043500_NIBRS,
6553976,15859,5,2014,U,,,N,F,,C,2014_05_PA0043500_NIBRS,
6576426,15859,6,2014,U,,,N,F,,C,2014_06_PA0043500_NIBRS,
6598876,15859,7,2014,U,,,N,F,,C,2014_07_PA0043500_NIBRS,
6621326,15859,8,2014,U,,,N,F,,C,2014_08_PA0043500_NIBRS,
6643776,15859,9,2014,U,,,N,F,,C,2014_09_PA0043500_NIBRS,
6666226,15859,10,2014,U,,,N,F,,C,2014_10_PA0043500_NIBRS,
6688676,15859,11,2014,U,,,N,F,,C,2014_11_PA0043500_NIBRS,
6711126,15859,12,2014,U,,,N,F,,C,2014_12_PA0043500_NIBRS,
6464177,15860,1,2014,U,,,N,F,,C,2014_01_PA0043600_NIBRS,
6486627,15860,2,2014,U,,,N,F,,C,2014_02_PA0043600_NIBRS,
6509077,15860,3,2014,U,,,N,F,,C,2014_03_PA0043600_NIBRS,
6531527,15860,4,2014,U,,,N,F,,C,2014_04_PA0043600_NIBRS,
6553977,15860,5,2014,U,,,N,F,,C,2014_05_PA0043600_NIBRS,
6576427,15860,6,2014,U,,,N,F,,C,2014_06_PA0043600_NIBRS,
6598877,15860,7,2014,U,,,N,F,,C,2014_07_PA0043600_NIBRS,
6621327,15860,8,2014,U,,,N,F,,C,2014_08_PA0043600_NIBRS,
6643777,15860,9,2014,U,,,N,F,,C,2014_09_PA0043600_NIBRS,
6666227,15860,10,2014,U,,,N,F,,C,2014_10_PA0043600_NIBRS,
6688677,15860,11,2014,U,,,N,F,,C,2014_11_PA0043600_NIBRS,
6711127,15860,12,2014,U,,,N,F,,C,2014_12_PA0043600_NIBRS,
6464178,15861,1,2014,U,,,N,F,,C,2014_01_PA0043800_NIBRS,
6486628,15861,2,2014,U,,,N,F,,C,2014_02_PA0043800_NIBRS,
6509078,15861,3,2014,U,,,N,F,,C,2014_03_PA0043800_NIBRS,
6531528,15861,4,2014,U,,,N,F,,C,2014_04_PA0043800_NIBRS,
6553978,15861,5,2014,U,,,N,F,,C,2014_05_PA0043800_NIBRS,
6576428,15861,6,2014,U,,,N,F,,C,2014_06_PA0043800_NIBRS,
6598878,15861,7,2014,U,,,N,F,,C,2014_07_PA0043800_NIBRS,
6621328,15861,8,2014,U,,,N,F,,C,2014_08_PA0043800_NIBRS,
6643778,15861,9,2014,U,,,N,F,,C,2014_09_PA0043800_NIBRS,
6666228,15861,10,2014,U,,,N,F,,C,2014_10_PA0043800_NIBRS,
6688678,15861,11,2014,U,,,N,F,,C,2014_11_PA0043800_NIBRS,
6711128,15861,12,2014,U,,,N,F,,C,2014_12_PA0043800_NIBRS,
6464179,15862,1,2014,U,,,N,F,,C,2014_01_PA0043900_NIBRS,
6486629,15862,2,2014,U,,,N,F,,C,2014_02_PA0043900_NIBRS,
6509079,15862,3,2014,U,,,N,F,,C,2014_03_PA0043900_NIBRS,
6531529,15862,4,2014,U,,,N,F,,C,2014_04_PA0043900_NIBRS,
6553979,15862,5,2014,U,,,N,F,,C,2014_05_PA0043900_NIBRS,
6576429,15862,6,2014,U,,,N,F,,C,2014_06_PA0043900_NIBRS,
6598879,15862,7,2014,U,,,N,F,,C,2014_07_PA0043900_NIBRS,
6621329,15862,8,2014,U,,,N,F,,C,2014_08_PA0043900_NIBRS,
6643779,15862,9,2014,U,,,N,F,,C,2014_09_PA0043900_NIBRS,
6666229,15862,10,2014,U,,,N,F,,C,2014_10_PA0043900_NIBRS,
6688679,15862,11,2014,U,,,N,F,,C,2014_11_PA0043900_NIBRS,
6711129,15862,12,2014,U,,,N,F,,C,2014_12_PA0043900_NIBRS,
6464180,15863,1,2014,U,,,N,F,,C,2014_01_PA0044100_NIBRS,
6486630,15863,2,2014,U,,,N,F,,C,2014_02_PA0044100_NIBRS,
6509080,15863,3,2014,U,,,N,F,,C,2014_03_PA0044100_NIBRS,
6531530,15863,4,2014,U,,,N,F,,C,2014_04_PA0044100_NIBRS,
6553980,15863,5,2014,U,,,N,F,,C,2014_05_PA0044100_NIBRS,
6576430,15863,6,2014,U,,,N,F,,C,2014_06_PA0044100_NIBRS,
6598880,15863,7,2014,U,,,N,F,,C,2014_07_PA0044100_NIBRS,
6621330,15863,8,2014,U,,,N,F,,C,2014_08_PA0044100_NIBRS,
6643780,15863,9,2014,U,,,N,F,,C,2014_09_PA0044100_NIBRS,
6666230,15863,10,2014,U,,,N,F,,C,2014_10_PA0044100_NIBRS,
6688680,15863,11,2014,U,,,N,F,,C,2014_11_PA0044100_NIBRS,
6711130,15863,12,2014,U,,,N,F,,C,2014_12_PA0044100_NIBRS,
6464181,15864,1,2014,U,,,N,F,,C,2014_01_PA0044200_NIBRS,
6486631,15864,2,2014,U,,,N,F,,C,2014_02_PA0044200_NIBRS,
6509081,15864,3,2014,U,,,N,F,,C,2014_03_PA0044200_NIBRS,
6531531,15864,4,2014,U,,,N,F,,C,2014_04_PA0044200_NIBRS,
6553981,15864,5,2014,U,,,N,F,,C,2014_05_PA0044200_NIBRS,
6576431,15864,6,2014,U,,,N,F,,C,2014_06_PA0044200_NIBRS,
6598881,15864,7,2014,U,,,N,F,,C,2014_07_PA0044200_NIBRS,
6621331,15864,8,2014,U,,,N,F,,C,2014_08_PA0044200_NIBRS,
6643781,15864,9,2014,U,,,N,F,,C,2014_09_PA0044200_NIBRS,
6666231,15864,10,2014,U,,,N,F,,C,2014_10_PA0044200_NIBRS,
6688681,15864,11,2014,U,,,N,F,,C,2014_11_PA0044200_NIBRS,
6711131,15864,12,2014,U,,,N,F,,C,2014_12_PA0044200_NIBRS,
6464182,15865,1,2014,U,,,N,F,,C,2014_01_PA0044400_NIBRS,
6486632,15865,2,2014,U,,,N,F,,C,2014_02_PA0044400_NIBRS,
6509082,15865,3,2014,U,,,N,F,,C,2014_03_PA0044400_NIBRS,
6531532,15865,4,2014,U,,,N,F,,C,2014_04_PA0044400_NIBRS,
6553982,15865,5,2014,U,,,N,F,,C,2014_05_PA0044400_NIBRS,
6576432,15865,6,2014,U,,,N,F,,C,2014_06_PA0044400_NIBRS,
6598882,15865,7,2014,U,,,N,F,,C,2014_07_PA0044400_NIBRS,
6621332,15865,8,2014,U,,,N,F,,C,2014_08_PA0044400_NIBRS,
6643782,15865,9,2014,U,,,N,F,,C,2014_09_PA0044400_NIBRS,
6666232,15865,10,2014,U,,,N,F,,C,2014_10_PA0044400_NIBRS,
6688682,15865,11,2014,U,,,N,F,,C,2014_11_PA0044400_NIBRS,
6711132,15865,12,2014,U,,,N,F,,C,2014_12_PA0044400_NIBRS,
6464183,15866,1,2014,U,,,N,F,,C,2014_01_PA0044800_NIBRS,
6486633,15866,2,2014,U,,,N,F,,C,2014_02_PA0044800_NIBRS,
6509083,15866,3,2014,U,,,N,F,,C,2014_03_PA0044800_NIBRS,
6531533,15866,4,2014,U,,,N,F,,C,2014_04_PA0044800_NIBRS,
6553983,15866,5,2014,U,,,N,F,,C,2014_05_PA0044800_NIBRS,
6576433,15866,6,2014,U,,,N,F,,C,2014_06_PA0044800_NIBRS,
6598883,15866,7,2014,U,,,N,F,,C,2014_07_PA0044800_NIBRS,
6621333,15866,8,2014,U,,,N,F,,C,2014_08_PA0044800_NIBRS,
6643783,15866,9,2014,U,,,N,F,,C,2014_09_PA0044800_NIBRS,
6666233,15866,10,2014,U,,,N,F,,C,2014_10_PA0044800_NIBRS,
6688683,15866,11,2014,U,,,N,F,,C,2014_11_PA0044800_NIBRS,
6711133,15866,12,2014,U,,,N,F,,C,2014_12_PA0044800_NIBRS,
6464184,15867,1,2014,U,,,N,F,,C,2014_01_PA0044900_NIBRS,
6486634,15867,2,2014,U,,,N,F,,C,2014_02_PA0044900_NIBRS,
6509084,15867,3,2014,U,,,N,F,,C,2014_03_PA0044900_NIBRS,
6531534,15867,4,2014,U,,,N,F,,C,2014_04_PA0044900_NIBRS,
6553984,15867,5,2014,U,,,N,F,,C,2014_05_PA0044900_NIBRS,
6576434,15867,6,2014,U,,,N,F,,C,2014_06_PA0044900_NIBRS,
6598884,15867,7,2014,U,,,N,F,,C,2014_07_PA0044900_NIBRS,
6621334,15867,8,2014,U,,,N,F,,C,2014_08_PA0044900_NIBRS,
6643784,15867,9,2014,U,,,N,F,,C,2014_09_PA0044900_NIBRS,
6666234,15867,10,2014,U,,,N,F,,C,2014_10_PA0044900_NIBRS,
6688684,15867,11,2014,U,,,N,F,,C,2014_11_PA0044900_NIBRS,
6711134,15867,12,2014,U,,,N,F,,C,2014_12_PA0044900_NIBRS,
6464185,15868,1,2014,U,,,N,F,,C,2014_01_PA0045000_NIBRS,
6486635,15868,2,2014,U,,,N,F,,C,2014_02_PA0045000_NIBRS,
6509085,15868,3,2014,U,,,N,F,,C,2014_03_PA0045000_NIBRS,
6531535,15868,4,2014,U,,,N,F,,C,2014_04_PA0045000_NIBRS,
6553985,15868,5,2014,U,,,N,F,,C,2014_05_PA0045000_NIBRS,
6576435,15868,6,2014,U,,,N,F,,C,2014_06_PA0045000_NIBRS,
6598885,15868,7,2014,U,,,N,F,,C,2014_07_PA0045000_NIBRS,
6621335,15868,8,2014,U,,,N,F,,C,2014_08_PA0045000_NIBRS,
6643785,15868,9,2014,U,,,N,F,,C,2014_09_PA0045000_NIBRS,
6666235,15868,10,2014,U,,,N,F,,C,2014_10_PA0045000_NIBRS,
6688685,15868,11,2014,U,,,N,F,,C,2014_11_PA0045000_NIBRS,
6711135,15868,12,2014,U,,,N,F,,C,2014_12_PA0045000_NIBRS,
6464186,15869,1,2014,U,,,N,F,,C,2014_01_PA0045100_NIBRS,
6486636,15869,2,2014,U,,,N,F,,C,2014_02_PA0045100_NIBRS,
6509086,15869,3,2014,U,,,N,F,,C,2014_03_PA0045100_NIBRS,
6531536,15869,4,2014,U,,,N,F,,C,2014_04_PA0045100_NIBRS,
6553986,15869,5,2014,U,,,N,F,,C,2014_05_PA0045100_NIBRS,
6576436,15869,6,2014,U,,,N,F,,C,2014_06_PA0045100_NIBRS,
6598886,15869,7,2014,U,,,N,F,,C,2014_07_PA0045100_NIBRS,
6621336,15869,8,2014,U,,,N,F,,C,2014_08_PA0045100_NIBRS,
6643786,15869,9,2014,U,,,N,F,,C,2014_09_PA0045100_NIBRS,
6666236,15869,10,2014,U,,,N,F,,C,2014_10_PA0045100_NIBRS,
6688686,15869,11,2014,U,,,N,F,,C,2014_11_PA0045100_NIBRS,
6711136,15869,12,2014,U,,,N,F,,C,2014_12_PA0045100_NIBRS,
6464187,15870,1,2014,U,,,N,F,,C,2014_01_PA0045200_NIBRS,
6486637,15870,2,2014,U,,,N,F,,C,2014_02_PA0045200_NIBRS,
6509087,15870,3,2014,U,,,N,F,,C,2014_03_PA0045200_NIBRS,
6531537,15870,4,2014,U,,,N,F,,C,2014_04_PA0045200_NIBRS,
6553987,15870,5,2014,U,,,N,F,,C,2014_05_PA0045200_NIBRS,
6576437,15870,6,2014,U,,,N,F,,C,2014_06_PA0045200_NIBRS,
6598887,15870,7,2014,U,,,N,F,,C,2014_07_PA0045200_NIBRS,
6621337,15870,8,2014,U,,,N,F,,C,2014_08_PA0045200_NIBRS,
6643787,15870,9,2014,U,,,N,F,,C,2014_09_PA0045200_NIBRS,
6666237,15870,10,2014,U,,,N,F,,C,2014_10_PA0045200_NIBRS,
6688687,15870,11,2014,U,,,N,F,,C,2014_11_PA0045200_NIBRS,
6711137,15870,12,2014,U,,,N,F,,C,2014_12_PA0045200_NIBRS,
6464188,15871,1,2014,U,,,N,F,,C,2014_01_PA0045300_NIBRS,
6486638,15871,2,2014,U,,,N,F,,C,2014_02_PA0045300_NIBRS,
6509088,15871,3,2014,U,,,N,F,,C,2014_03_PA0045300_NIBRS,
6531538,15871,4,2014,U,,,N,F,,C,2014_04_PA0045300_NIBRS,
6553988,15871,5,2014,U,,,N,F,,C,2014_05_PA0045300_NIBRS,
6576438,15871,6,2014,U,,,N,F,,C,2014_06_PA0045300_NIBRS,
6598888,15871,7,2014,U,,,N,F,,C,2014_07_PA0045300_NIBRS,
6621338,15871,8,2014,U,,,N,F,,C,2014_08_PA0045300_NIBRS,
6643788,15871,9,2014,U,,,N,F,,C,2014_09_PA0045300_NIBRS,
6666238,15871,10,2014,U,,,N,F,,C,2014_10_PA0045300_NIBRS,
6688688,15871,11,2014,U,,,N,F,,C,2014_11_PA0045300_NIBRS,
6711138,15871,12,2014,U,,,N,F,,C,2014_12_PA0045300_NIBRS,
6464189,15872,1,2014,U,,,N,F,,C,2014_01_PA0045400_NIBRS,
6486639,15872,2,2014,U,,,N,F,,C,2014_02_PA0045400_NIBRS,
6509089,15872,3,2014,U,,,N,F,,C,2014_03_PA0045400_NIBRS,
6531539,15872,4,2014,U,,,N,F,,C,2014_04_PA0045400_NIBRS,
6553989,15872,5,2014,U,,,N,F,,C,2014_05_PA0045400_NIBRS,
6576439,15872,6,2014,U,,,N,F,,C,2014_06_PA0045400_NIBRS,
6598889,15872,7,2014,U,,,N,F,,C,2014_07_PA0045400_NIBRS,
6621339,15872,8,2014,U,,,N,F,,C,2014_08_PA0045400_NIBRS,
6643789,15872,9,2014,U,,,N,F,,C,2014_09_PA0045400_NIBRS,
6666239,15872,10,2014,U,,,N,F,,C,2014_10_PA0045400_NIBRS,
6688689,15872,11,2014,U,,,N,F,,C,2014_11_PA0045400_NIBRS,
6711139,15872,12,2014,U,,,N,F,,C,2014_12_PA0045400_NIBRS,
6464190,15873,1,2014,U,,,N,F,,C,2014_01_PA0045500_NIBRS,
6486640,15873,2,2014,U,,,N,F,,C,2014_02_PA0045500_NIBRS,
6509090,15873,3,2014,U,,,N,F,,C,2014_03_PA0045500_NIBRS,
6531540,15873,4,2014,U,,,N,F,,C,2014_04_PA0045500_NIBRS,
6553990,15873,5,2014,U,,,N,F,,C,2014_05_PA0045500_NIBRS,
6576440,15873,6,2014,U,,,N,F,,C,2014_06_PA0045500_NIBRS,
6598890,15873,7,2014,U,,,N,F,,C,2014_07_PA0045500_NIBRS,
6621340,15873,8,2014,U,,,N,F,,C,2014_08_PA0045500_NIBRS,
6643790,15873,9,2014,U,,,N,F,,C,2014_09_PA0045500_NIBRS,
6666240,15873,10,2014,U,,,N,F,,C,2014_10_PA0045500_NIBRS,
6688690,15873,11,2014,U,,,N,F,,C,2014_11_PA0045500_NIBRS,
6711140,15873,12,2014,U,,,N,F,,C,2014_12_PA0045500_NIBRS,
6470491,23287,1,2014,U,,,N,F,,C,2014_01_PA0045600_NIBRS,
6492941,23287,2,2014,U,,,N,F,,C,2014_02_PA0045600_NIBRS,
6515391,23287,3,2014,U,,,N,F,,C,2014_03_PA0045600_NIBRS,
6537841,23287,4,2014,U,,,N,F,,C,2014_04_PA0045600_NIBRS,
6560291,23287,5,2014,U,,,N,F,,C,2014_05_PA0045600_NIBRS,
6582741,23287,6,2014,U,,,N,F,,C,2014_06_PA0045600_NIBRS,
6605191,23287,7,2014,U,,,N,F,,C,2014_07_PA0045600_NIBRS,
6627641,23287,8,2014,U,,,N,F,,C,2014_08_PA0045600_NIBRS,
6650091,23287,9,2014,U,,,N,F,,C,2014_09_PA0045600_NIBRS,
6672541,23287,10,2014,U,,,N,F,,C,2014_10_PA0045600_NIBRS,
6694991,23287,11,2014,U,,,N,F,,C,2014_11_PA0045600_NIBRS,
6717441,23287,12,2014,U,,,N,F,,C,2014_12_PA0045600_NIBRS,
6464191,15874,1,2014,U,,,N,F,,C,2014_01_PA004BF00_NIBRS,
6486641,15874,2,2014,U,,,N,F,,C,2014_02_PA004BF00_NIBRS,
6509091,15874,3,2014,U,,,N,F,,C,2014_03_PA004BF00_NIBRS,
6531541,15874,4,2014,U,,,N,F,,C,2014_04_PA004BF00_NIBRS,
6553991,15874,5,2014,U,,,N,F,,C,2014_05_PA004BF00_NIBRS,
6576441,15874,6,2014,U,,,N,F,,C,2014_06_PA004BF00_NIBRS,
6598891,15874,7,2014,U,,,N,F,,C,2014_07_PA004BF00_NIBRS,
6621341,15874,8,2014,U,,,N,F,,C,2014_08_PA004BF00_NIBRS,
6643791,15874,9,2014,U,,,N,F,,C,2014_09_PA004BF00_NIBRS,
6666241,15874,10,2014,U,,,N,F,,C,2014_10_PA004BF00_NIBRS,
6688691,15874,11,2014,U,,,N,F,,C,2014_11_PA004BF00_NIBRS,
6711141,15874,12,2014,U,,,N,F,,C,2014_12_PA004BF00_NIBRS,
6464192,15875,1,2014,U,,,N,F,,C,2014_01_PA004DE00_NIBRS,
6486642,15875,2,2014,U,,,N,F,,C,2014_02_PA004DE00_NIBRS,
6509092,15875,3,2014,U,,,N,F,,C,2014_03_PA004DE00_NIBRS,
6531542,15875,4,2014,U,,,N,F,,C,2014_04_PA004DE00_NIBRS,
6553992,15875,5,2014,U,,,N,F,,C,2014_05_PA004DE00_NIBRS,
6576442,15875,6,2014,U,,,N,F,,C,2014_06_PA004DE00_NIBRS,
6598892,15875,7,2014,U,,,N,F,,C,2014_07_PA004DE00_NIBRS,
6621342,15875,8,2014,U,,,N,F,,C,2014_08_PA004DE00_NIBRS,
6643792,15875,9,2014,U,,,N,F,,C,2014_09_PA004DE00_NIBRS,
6666242,15875,10,2014,U,,,N,F,,C,2014_10_PA004DE00_NIBRS,
6688692,15875,11,2014,U,,,N,F,,C,2014_11_PA004DE00_NIBRS,
6711142,15875,12,2014,U,,,N,F,,C,2014_12_PA004DE00_NIBRS,
6464193,15876,1,2014,U,,,N,F,,C,2014_01_PA004SP00_NIBRS,
6486643,15876,2,2014,U,,,N,F,,C,2014_02_PA004SP00_NIBRS,
6509093,15876,3,2014,U,,,N,F,,C,2014_03_PA004SP00_NIBRS,
6531543,15876,4,2014,U,,,N,F,,C,2014_04_PA004SP00_NIBRS,
6553993,15876,5,2014,U,,,N,F,,C,2014_05_PA004SP00_NIBRS,
6576443,15876,6,2014,U,,,N,F,,C,2014_06_PA004SP00_NIBRS,
6598893,15876,7,2014,U,,,N,F,,C,2014_07_PA004SP00_NIBRS,
6621343,15876,8,2014,U,,,N,F,,C,2014_08_PA004SP00_NIBRS,
6643793,15876,9,2014,U,,,N,F,,C,2014_09_PA004SP00_NIBRS,
6666243,15876,10,2014,U,,,N,F,,C,2014_10_PA004SP00_NIBRS,
6688693,15876,11,2014,U,,,N,F,,C,2014_11_PA004SP00_NIBRS,
6711143,15876,12,2014,U,,,N,F,,C,2014_12_PA004SP00_NIBRS,
6464194,15877,1,2014,U,,,N,F,,C,2014_01_PA0050000_NIBRS,
6486644,15877,2,2014,U,,,N,F,,C,2014_02_PA0050000_NIBRS,
6509094,15877,3,2014,U,,,N,F,,C,2014_03_PA0050000_NIBRS,
6531544,15877,4,2014,U,,,N,F,,C,2014_04_PA0050000_NIBRS,
6553994,15877,5,2014,U,,,N,F,,C,2014_05_PA0050000_NIBRS,
6576444,15877,6,2014,U,,,N,F,,C,2014_06_PA0050000_NIBRS,
6598894,15877,7,2014,U,,,N,F,,C,2014_07_PA0050000_NIBRS,
6621344,15877,8,2014,U,,,N,F,,C,2014_08_PA0050000_NIBRS,
6643794,15877,9,2014,U,,,N,F,,C,2014_09_PA0050000_NIBRS,
6666244,15877,10,2014,U,,,N,F,,C,2014_10_PA0050000_NIBRS,
6688694,15877,11,2014,U,,,N,F,,C,2014_11_PA0050000_NIBRS,
6711144,15877,12,2014,U,,,N,F,,C,2014_12_PA0050000_NIBRS,
6464195,15878,1,2014,U,,,N,F,,C,2014_01_PA0050100_NIBRS,
6486645,15878,2,2014,U,,,N,F,,C,2014_02_PA0050100_NIBRS,
6509095,15878,3,2014,U,,,N,F,,C,2014_03_PA0050100_NIBRS,
6531545,15878,4,2014,U,,,N,F,,C,2014_04_PA0050100_NIBRS,
6553995,15878,5,2014,U,,,N,F,,C,2014_05_PA0050100_NIBRS,
6576445,15878,6,2014,U,,,N,F,,C,2014_06_PA0050100_NIBRS,
6598895,15878,7,2014,U,,,N,F,,C,2014_07_PA0050100_NIBRS,
6621345,15878,8,2014,U,,,N,F,,C,2014_08_PA0050100_NIBRS,
6643795,15878,9,2014,U,,,N,F,,C,2014_09_PA0050100_NIBRS,
6666245,15878,10,2014,U,,,N,F,,C,2014_10_PA0050100_NIBRS,
6688695,15878,11,2014,U,,,N,F,,C,2014_11_PA0050100_NIBRS,
6711145,15878,12,2014,U,,,N,F,,C,2014_12_PA0050100_NIBRS,
6464196,15879,1,2014,U,,,N,F,,C,2014_01_PA0050200_NIBRS,
6486646,15879,2,2014,U,,,N,F,,C,2014_02_PA0050200_NIBRS,
6509096,15879,3,2014,U,,,N,F,,C,2014_03_PA0050200_NIBRS,
6531546,15879,4,2014,U,,,N,F,,C,2014_04_PA0050200_NIBRS,
6553996,15879,5,2014,U,,,N,F,,C,2014_05_PA0050200_NIBRS,
6576446,15879,6,2014,U,,,N,F,,C,2014_06_PA0050200_NIBRS,
6598896,15879,7,2014,U,,,N,F,,C,2014_07_PA0050200_NIBRS,
6621346,15879,8,2014,U,,,N,F,,C,2014_08_PA0050200_NIBRS,
6643796,15879,9,2014,U,,,N,F,,C,2014_09_PA0050200_NIBRS,
6666246,15879,10,2014,U,,,N,F,,C,2014_10_PA0050200_NIBRS,
6688696,15879,11,2014,U,,,N,F,,C,2014_11_PA0050200_NIBRS,
6711146,15879,12,2014,U,,,N,F,,C,2014_12_PA0050200_NIBRS,
6464197,15880,1,2014,U,,,N,F,,C,2014_01_PA0050300_NIBRS,
6486647,15880,2,2014,U,,,N,F,,C,2014_02_PA0050300_NIBRS,
6509097,15880,3,2014,U,,,N,F,,C,2014_03_PA0050300_NIBRS,
6531547,15880,4,2014,U,,,N,F,,C,2014_04_PA0050300_NIBRS,
6553997,15880,5,2014,U,,,N,F,,C,2014_05_PA0050300_NIBRS,
6576447,15880,6,2014,U,,,N,F,,C,2014_06_PA0050300_NIBRS,
6598897,15880,7,2014,U,,,N,F,,C,2014_07_PA0050300_NIBRS,
6621347,15880,8,2014,U,,,N,F,,C,2014_08_PA0050300_NIBRS,
6643797,15880,9,2014,U,,,N,F,,C,2014_09_PA0050300_NIBRS,
6666247,15880,10,2014,U,,,N,F,,C,2014_10_PA0050300_NIBRS,
6688697,15880,11,2014,U,,,N,F,,C,2014_11_PA0050300_NIBRS,
6711147,15880,12,2014,U,,,N,F,,C,2014_12_PA0050300_NIBRS,
6464198,15881,1,2014,Z,,,N,F,,C,2014_01_PA0050400_NIBRS,
6486648,15881,2,2014,Z,,,N,F,,C,2014_02_PA0050400_NIBRS,
6509098,15881,3,2014,Z,,,N,F,,C,2014_03_PA0050400_NIBRS,
6531548,15881,4,2014,Z,,,N,F,,C,2014_04_PA0050400_NIBRS,
6553998,15881,5,2014,Z,,,N,F,,C,2014_05_PA0050400_NIBRS,
6576448,15881,6,2014,Z,,,N,F,,C,2014_06_PA0050400_NIBRS,
6598898,15881,7,2014,Z,,,N,F,,C,2014_07_PA0050400_NIBRS,
6621348,15881,8,2014,Z,,,N,F,,C,2014_08_PA0050400_NIBRS,
6643798,15881,9,2014,Z,,,N,F,,C,2014_09_PA0050400_NIBRS,
6666248,15881,10,2014,Z,,,N,F,,C,2014_10_PA0050400_NIBRS,
6688698,15881,11,2014,Z,,,N,F,,C,2014_11_PA0050400_NIBRS,
6711148,15881,12,2014,Z,,,N,F,,C,2014_12_PA0050400_NIBRS,
6464199,15882,1,2014,U,,,N,F,,C,2014_01_PA0050600_NIBRS,
6486649,15882,2,2014,U,,,N,F,,C,2014_02_PA0050600_NIBRS,
6509099,15882,3,2014,U,,,N,F,,C,2014_03_PA0050600_NIBRS,
6531549,15882,4,2014,U,,,N,F,,C,2014_04_PA0050600_NIBRS,
6553999,15882,5,2014,U,,,N,F,,C,2014_05_PA0050600_NIBRS,
6576449,15882,6,2014,U,,,N,F,,C,2014_06_PA0050600_NIBRS,
6598899,15882,7,2014,U,,,N,F,,C,2014_07_PA0050600_NIBRS,
6621349,15882,8,2014,U,,,N,F,,C,2014_08_PA0050600_NIBRS,
6643799,15882,9,2014,U,,,N,F,,C,2014_09_PA0050600_NIBRS,
6666249,15882,10,2014,U,,,N,F,,C,2014_10_PA0050600_NIBRS,
6688699,15882,11,2014,U,,,N,F,,C,2014_11_PA0050600_NIBRS,
6711149,15882,12,2014,U,,,N,F,,C,2014_12_PA0050600_NIBRS,
6464200,15883,1,2014,U,,,N,F,,C,2014_01_PA0050700_NIBRS,
6486650,15883,2,2014,U,,,N,F,,C,2014_02_PA0050700_NIBRS,
6509100,15883,3,2014,U,,,N,F,,C,2014_03_PA0050700_NIBRS,
6531550,15883,4,2014,U,,,N,F,,C,2014_04_PA0050700_NIBRS,
6554000,15883,5,2014,U,,,N,F,,C,2014_05_PA0050700_NIBRS,
6576450,15883,6,2014,U,,,N,F,,C,2014_06_PA0050700_NIBRS,
6598900,15883,7,2014,U,,,N,F,,C,2014_07_PA0050700_NIBRS,
6621350,15883,8,2014,U,,,N,F,,C,2014_08_PA0050700_NIBRS,
6643800,15883,9,2014,U,,,N,F,,C,2014_09_PA0050700_NIBRS,
6666250,15883,10,2014,U,,,N,F,,C,2014_10_PA0050700_NIBRS,
6688700,15883,11,2014,U,,,N,F,,C,2014_11_PA0050700_NIBRS,
6711150,15883,12,2014,U,,,N,F,,C,2014_12_PA0050700_NIBRS,
6464201,15884,1,2014,U,,,N,F,,C,2014_01_PA005BF00_NIBRS,
6486651,15884,2,2014,U,,,N,F,,C,2014_02_PA005BF00_NIBRS,
6509101,15884,3,2014,U,,,N,F,,C,2014_03_PA005BF00_NIBRS,
6531551,15884,4,2014,U,,,N,F,,C,2014_04_PA005BF00_NIBRS,
6554001,15884,5,2014,U,,,N,F,,C,2014_05_PA005BF00_NIBRS,
6576451,15884,6,2014,U,,,N,F,,C,2014_06_PA005BF00_NIBRS,
6598901,15884,7,2014,U,,,N,F,,C,2014_07_PA005BF00_NIBRS,
6621351,15884,8,2014,U,,,N,F,,C,2014_08_PA005BF00_NIBRS,
6643801,15884,9,2014,U,,,N,F,,C,2014_09_PA005BF00_NIBRS,
6666251,15884,10,2014,U,,,N,F,,C,2014_10_PA005BF00_NIBRS,
6688701,15884,11,2014,U,,,N,F,,C,2014_11_PA005BF00_NIBRS,
6711151,15884,12,2014,U,,,N,F,,C,2014_12_PA005BF00_NIBRS,
6464202,15885,1,2014,U,,,N,F,,C,2014_01_PA005DE00_NIBRS,
6486652,15885,2,2014,U,,,N,F,,C,2014_02_PA005DE00_NIBRS,
6509102,15885,3,2014,U,,,N,F,,C,2014_03_PA005DE00_NIBRS,
6531552,15885,4,2014,U,,,N,F,,C,2014_04_PA005DE00_NIBRS,
6554002,15885,5,2014,U,,,N,F,,C,2014_05_PA005DE00_NIBRS,
6576452,15885,6,2014,U,,,N,F,,C,2014_06_PA005DE00_NIBRS,
6598902,15885,7,2014,U,,,N,F,,C,2014_07_PA005DE00_NIBRS,
6621352,15885,8,2014,U,,,N,F,,C,2014_08_PA005DE00_NIBRS,
6643802,15885,9,2014,U,,,N,F,,C,2014_09_PA005DE00_NIBRS,
6666252,15885,10,2014,U,,,N,F,,C,2014_10_PA005DE00_NIBRS,
6688702,15885,11,2014,U,,,N,F,,C,2014_11_PA005DE00_NIBRS,
6711152,15885,12,2014,U,,,N,F,,C,2014_12_PA005DE00_NIBRS,
6464203,15886,1,2014,U,,,N,F,,C,2014_01_PA005SP00_NIBRS,
6486653,15886,2,2014,U,,,N,F,,C,2014_02_PA005SP00_NIBRS,
6509103,15886,3,2014,U,,,N,F,,C,2014_03_PA005SP00_NIBRS,
6531553,15886,4,2014,U,,,N,F,,C,2014_04_PA005SP00_NIBRS,
6554003,15886,5,2014,U,,,N,F,,C,2014_05_PA005SP00_NIBRS,
6576453,15886,6,2014,U,,,N,F,,C,2014_06_PA005SP00_NIBRS,
6598903,15886,7,2014,U,,,N,F,,C,2014_07_PA005SP00_NIBRS,
6621353,15886,8,2014,U,,,N,F,,C,2014_08_PA005SP00_NIBRS,
6643803,15886,9,2014,U,,,N,F,,C,2014_09_PA005SP00_NIBRS,
6666253,15886,10,2014,U,,,N,F,,C,2014_10_PA005SP00_NIBRS,
6688703,15886,11,2014,U,,,N,F,,C,2014_11_PA005SP00_NIBRS,
6711153,15886,12,2014,U,,,N,F,,C,2014_12_PA005SP00_NIBRS,
6464949,16632,1,2014,U,,,N,F,,C,2014_01_PA0370900_NIBRS,
6487399,16632,2,2014,U,,,N,F,,C,2014_02_PA0370900_NIBRS,
6509849,16632,3,2014,U,,,N,F,,C,2014_03_PA0370900_NIBRS,
6532299,16632,4,2014,U,,,N,F,,C,2014_04_PA0370900_NIBRS,
6554749,16632,5,2014,U,,,N,F,,C,2014_05_PA0370900_NIBRS,
6577199,16632,6,2014,U,,,N,F,,C,2014_06_PA0370900_NIBRS,
6599649,16632,7,2014,U,,,N,F,,C,2014_07_PA0370900_NIBRS,
6622099,16632,8,2014,U,,,N,F,,C,2014_08_PA0370900_NIBRS,
6644549,16632,9,2014,U,,,N,F,,C,2014_09_PA0370900_NIBRS,
6666999,16632,10,2014,U,,,N,F,,C,2014_10_PA0370900_NIBRS,
6689449,16632,11,2014,U,,,N,F,,C,2014_11_PA0370900_NIBRS,
6711899,16632,12,2014,U,,,N,F,,C,2014_12_PA0370900_NIBRS,
6470521,23498,1,2014,U,,,N,F,,C,2014_01_PA0371000_NIBRS,
6492971,23498,2,2014,U,,,N,F,,C,2014_02_PA0371000_NIBRS,
6515421,23498,3,2014,U,,,N,F,,C,2014_03_PA0371000_NIBRS,
6537871,23498,4,2014,U,,,N,F,,C,2014_04_PA0371000_NIBRS,
6560321,23498,5,2014,U,,,N,F,,C,2014_05_PA0371000_NIBRS,
6582771,23498,6,2014,U,,,N,F,,C,2014_06_PA0371000_NIBRS,
6605221,23498,7,2014,U,,,N,F,,C,2014_07_PA0371000_NIBRS,
6627671,23498,8,2014,U,,,N,F,,C,2014_08_PA0371000_NIBRS,
6650121,23498,9,2014,U,,,N,F,,C,2014_09_PA0371000_NIBRS,
6672571,23498,10,2014,U,,,N,F,,C,2014_10_PA0371000_NIBRS,
6695021,23498,11,2014,U,,,N,F,,C,2014_11_PA0371000_NIBRS,
6717471,23498,12,2014,U,,,N,F,,C,2014_12_PA0371000_NIBRS,
6464950,16633,1,2014,U,,,N,F,,C,2014_01_PA0371300_NIBRS,
6487400,16633,2,2014,U,,,N,F,,C,2014_02_PA0371300_NIBRS,
6509850,16633,3,2014,U,,,N,F,,C,2014_03_PA0371300_NIBRS,
6532300,16633,4,2014,U,,,N,F,,C,2014_04_PA0371300_NIBRS,
6554750,16633,5,2014,U,,,N,F,,C,2014_05_PA0371300_NIBRS,
6577200,16633,6,2014,U,,,N,F,,C,2014_06_PA0371300_NIBRS,
6599650,16633,7,2014,U,,,N,F,,C,2014_07_PA0371300_NIBRS,
6622100,16633,8,2014,U,,,N,F,,C,2014_08_PA0371300_NIBRS,
6644550,16633,9,2014,U,,,N,F,,C,2014_09_PA0371300_NIBRS,
6667000,16633,10,2014,U,,,N,F,,C,2014_10_PA0371300_NIBRS,
6689450,16633,11,2014,U,,,N,F,,C,2014_11_PA0371300_NIBRS,
6711900,16633,12,2014,U,,,N,F,,C,2014_12_PA0371300_NIBRS,
6464951,16634,1,2014,U,,,N,F,,C,2014_01_PA0371400_NIBRS,
6487401,16634,2,2014,U,,,N,F,,C,2014_02_PA0371400_NIBRS,
6509851,16634,3,2014,U,,,N,F,,C,2014_03_PA0371400_NIBRS,
6532301,16634,4,2014,U,,,N,F,,C,2014_04_PA0371400_NIBRS,
6554751,16634,5,2014,U,,,N,F,,C,2014_05_PA0371400_NIBRS,
6577201,16634,6,2014,U,,,N,F,,C,2014_06_PA0371400_NIBRS,
6599651,16634,7,2014,U,,,N,F,,C,2014_07_PA0371400_NIBRS,
6622101,16634,8,2014,U,,,N,F,,C,2014_08_PA0371400_NIBRS,
6644551,16634,9,2014,U,,,N,F,,C,2014_09_PA0371400_NIBRS,
6667001,16634,10,2014,U,,,N,F,,C,2014_10_PA0371400_NIBRS,
6689451,16634,11,2014,U,,,N,F,,C,2014_11_PA0371400_NIBRS,
6711901,16634,12,2014,U,,,N,F,,C,2014_12_PA0371400_NIBRS,
6464952,16635,1,2014,U,,,N,F,,C,2014_01_PA0371700_NIBRS,
6487402,16635,2,2014,U,,,N,F,,C,2014_02_PA0371700_NIBRS,
6509852,16635,3,2014,U,,,N,F,,C,2014_03_PA0371700_NIBRS,
6532302,16635,4,2014,U,,,N,F,,C,2014_04_PA0371700_NIBRS,
6554752,16635,5,2014,U,,,N,F,,C,2014_05_PA0371700_NIBRS,
6577202,16635,6,2014,U,,,N,F,,C,2014_06_PA0371700_NIBRS,
6599652,16635,7,2014,U,,,N,F,,C,2014_07_PA0371700_NIBRS,
6622102,16635,8,2014,U,,,N,F,,C,2014_08_PA0371700_NIBRS,
6644552,16635,9,2014,U,,,N,F,,C,2014_09_PA0371700_NIBRS,
6667002,16635,10,2014,U,,,N,F,,C,2014_10_PA0371700_NIBRS,
6689452,16635,11,2014,U,,,N,F,,C,2014_11_PA0371700_NIBRS,
6711902,16635,12,2014,U,,,N,F,,C,2014_12_PA0371700_NIBRS,
6464953,16636,1,2014,U,,,N,F,,C,2014_01_PA0371800_NIBRS,
6487403,16636,2,2014,U,,,N,F,,C,2014_02_PA0371800_NIBRS,
6509853,16636,3,2014,U,,,N,F,,C,2014_03_PA0371800_NIBRS,
6532303,16636,4,2014,U,,,N,F,,C,2014_04_PA0371800_NIBRS,
6554753,16636,5,2014,U,,,N,F,,C,2014_05_PA0371800_NIBRS,
6577203,16636,6,2014,U,,,N,F,,C,2014_06_PA0371800_NIBRS,
6599653,16636,7,2014,U,,,N,F,,C,2014_07_PA0371800_NIBRS,
6622103,16636,8,2014,U,,,N,F,,C,2014_08_PA0371800_NIBRS,
6644553,16636,9,2014,U,,,N,F,,C,2014_09_PA0371800_NIBRS,
6667003,16636,10,2014,U,,,N,F,,C,2014_10_PA0371800_NIBRS,
6689453,16636,11,2014,U,,,N,F,,C,2014_11_PA0371800_NIBRS,
6711903,16636,12,2014,U,,,N,F,,C,2014_12_PA0371800_NIBRS,
6464954,16637,1,2014,U,,,N,F,,C,2014_01_PA0371900_NIBRS,
6487404,16637,2,2014,U,,,N,F,,C,2014_02_PA0371900_NIBRS,
6509854,16637,3,2014,U,,,N,F,,C,2014_03_PA0371900_NIBRS,
6532304,16637,4,2014,U,,,N,F,,C,2014_04_PA0371900_NIBRS,
6554754,16637,5,2014,U,,,N,F,,C,2014_05_PA0371900_NIBRS,
6577204,16637,6,2014,U,,,N,F,,C,2014_06_PA0371900_NIBRS,
6599654,16637,7,2014,U,,,N,F,,C,2014_07_PA0371900_NIBRS,
6622104,16637,8,2014,U,,,N,F,,C,2014_08_PA0371900_NIBRS,
6644554,16637,9,2014,U,,,N,F,,C,2014_09_PA0371900_NIBRS,
6667004,16637,10,2014,U,,,N,F,,C,2014_10_PA0371900_NIBRS,
6689454,16637,11,2014,U,,,N,F,,C,2014_11_PA0371900_NIBRS,
6711904,16637,12,2014,U,,,N,F,,C,2014_12_PA0371900_NIBRS,
6464955,16638,1,2014,U,,,N,F,,C,2014_01_PA0372000_NIBRS,
6487405,16638,2,2014,U,,,N,F,,C,2014_02_PA0372000_NIBRS,
6509855,16638,3,2014,U,,,N,F,,C,2014_03_PA0372000_NIBRS,
6532305,16638,4,2014,U,,,N,F,,C,2014_04_PA0372000_NIBRS,
6554755,16638,5,2014,U,,,N,F,,C,2014_05_PA0372000_NIBRS,
6577205,16638,6,2014,U,,,N,F,,C,2014_06_PA0372000_NIBRS,
6599655,16638,7,2014,U,,,N,F,,C,2014_07_PA0372000_NIBRS,
6622105,16638,8,2014,U,,,N,F,,C,2014_08_PA0372000_NIBRS,
6644555,16638,9,2014,U,,,N,F,,C,2014_09_PA0372000_NIBRS,
6667005,16638,10,2014,U,,,N,F,,C,2014_10_PA0372000_NIBRS,
6689455,16638,11,2014,U,,,N,F,,C,2014_11_PA0372000_NIBRS,
6711905,16638,12,2014,U,,,N,F,,C,2014_12_PA0372000_NIBRS,
6464956,16639,1,2014,U,,,N,F,,C,2014_01_PA0372100_NIBRS,
6487406,16639,2,2014,U,,,N,F,,C,2014_02_PA0372100_NIBRS,
6509856,16639,3,2014,U,,,N,F,,C,2014_03_PA0372100_NIBRS,
6532306,16639,4,2014,U,,,N,F,,C,2014_04_PA0372100_NIBRS,
6554756,16639,5,2014,U,,,N,F,,C,2014_05_PA0372100_NIBRS,
6577206,16639,6,2014,U,,,N,F,,C,2014_06_PA0372100_NIBRS,
6599656,16639,7,2014,U,,,N,F,,C,2014_07_PA0372100_NIBRS,
6622106,16639,8,2014,U,,,N,F,,C,2014_08_PA0372100_NIBRS,
6644556,16639,9,2014,U,,,N,F,,C,2014_09_PA0372100_NIBRS,
6667006,16639,10,2014,U,,,N,F,,C,2014_10_PA0372100_NIBRS,
6689456,16639,11,2014,U,,,N,F,,C,2014_11_PA0372100_NIBRS,
6711906,16639,12,2014,U,,,N,F,,C,2014_12_PA0372100_NIBRS,
6464957,16640,1,2014,U,,,N,F,,C,2014_01_PA037BF00_NIBRS,
6487407,16640,2,2014,U,,,N,F,,C,2014_02_PA037BF00_NIBRS,
6509857,16640,3,2014,U,,,N,F,,C,2014_03_PA037BF00_NIBRS,
6532307,16640,4,2014,U,,,N,F,,C,2014_04_PA037BF00_NIBRS,
6554757,16640,5,2014,U,,,N,F,,C,2014_05_PA037BF00_NIBRS,
6577207,16640,6,2014,U,,,N,F,,C,2014_06_PA037BF00_NIBRS,
6599657,16640,7,2014,U,,,N,F,,C,2014_07_PA037BF00_NIBRS,
6622107,16640,8,2014,U,,,N,F,,C,2014_08_PA037BF00_NIBRS,
6644557,16640,9,2014,U,,,N,F,,C,2014_09_PA037BF00_NIBRS,
6667007,16640,10,2014,U,,,N,F,,C,2014_10_PA037BF00_NIBRS,
6689457,16640,11,2014,U,,,N,F,,C,2014_11_PA037BF00_NIBRS,
6711907,16640,12,2014,U,,,N,F,,C,2014_12_PA037BF00_NIBRS,
6464958,16641,1,2014,U,,,N,F,,C,2014_01_PA037DE00_NIBRS,
6487408,16641,2,2014,U,,,N,F,,C,2014_02_PA037DE00_NIBRS,
6509858,16641,3,2014,U,,,N,F,,C,2014_03_PA037DE00_NIBRS,
6532308,16641,4,2014,U,,,N,F,,C,2014_04_PA037DE00_NIBRS,
6554758,16641,5,2014,U,,,N,F,,C,2014_05_PA037DE00_NIBRS,
6577208,16641,6,2014,U,,,N,F,,C,2014_06_PA037DE00_NIBRS,
6599658,16641,7,2014,U,,,N,F,,C,2014_07_PA037DE00_NIBRS,
6622108,16641,8,2014,U,,,N,F,,C,2014_08_PA037DE00_NIBRS,
6644558,16641,9,2014,U,,,N,F,,C,2014_09_PA037DE00_NIBRS,
6667008,16641,10,2014,U,,,N,F,,C,2014_10_PA037DE00_NIBRS,
6689458,16641,11,2014,U,,,N,F,,C,2014_11_PA037DE00_NIBRS,
6711908,16641,12,2014,U,,,N,F,,C,2014_12_PA037DE00_NIBRS,
6464959,16642,1,2014,U,,,N,F,,C,2014_01_PA037SP00_NIBRS,
6487409,16642,2,2014,U,,,N,F,,C,2014_02_PA037SP00_NIBRS,
6509859,16642,3,2014,U,,,N,F,,C,2014_03_PA037SP00_NIBRS,
6532309,16642,4,2014,U,,,N,F,,C,2014_04_PA037SP00_NIBRS,
6554759,16642,5,2014,U,,,N,F,,C,2014_05_PA037SP00_NIBRS,
6577209,16642,6,2014,U,,,N,F,,C,2014_06_PA037SP00_NIBRS,
6599659,16642,7,2014,U,,,N,F,,C,2014_07_PA037SP00_NIBRS,
6622109,16642,8,2014,U,,,N,F,,C,2014_08_PA037SP00_NIBRS,
6644559,16642,9,2014,U,,,N,F,,C,2014_09_PA037SP00_NIBRS,
6667009,16642,10,2014,U,,,N,F,,C,2014_10_PA037SP00_NIBRS,
6689459,16642,11,2014,U,,,N,F,,C,2014_11_PA037SP00_NIBRS,
6711909,16642,12,2014,U,,,N,F,,C,2014_12_PA037SP00_NIBRS,
6464960,16643,1,2014,U,,,N,F,,C,2014_01_PA0380000_NIBRS,
6487410,16643,2,2014,U,,,N,F,,C,2014_02_PA0380000_NIBRS,
6509860,16643,3,2014,U,,,N,F,,C,2014_03_PA0380000_NIBRS,
6532310,16643,4,2014,U,,,N,F,,C,2014_04_PA0380000_NIBRS,
6554760,16643,5,2014,U,,,N,F,,C,2014_05_PA0380000_NIBRS,
6577210,16643,6,2014,U,,,N,F,,C,2014_06_PA0380000_NIBRS,
6599660,16643,7,2014,U,,,N,F,,C,2014_07_PA0380000_NIBRS,
6622110,16643,8,2014,U,,,N,F,,C,2014_08_PA0380000_NIBRS,
6644560,16643,9,2014,U,,,N,F,,C,2014_09_PA0380000_NIBRS,
6667010,16643,10,2014,U,,,N,F,,C,2014_10_PA0380000_NIBRS,
6689460,16643,11,2014,U,,,N,F,,C,2014_11_PA0380000_NIBRS,
6711910,16643,12,2014,U,,,N,F,,C,2014_12_PA0380000_NIBRS,
6464961,16644,1,2014,U,,,N,F,,C,2014_01_PA0380100_NIBRS,
6487411,16644,2,2014,U,,,N,F,,C,2014_02_PA0380100_NIBRS,
6509861,16644,3,2014,U,,,N,F,,C,2014_03_PA0380100_NIBRS,
6532311,16644,4,2014,U,,,N,F,,C,2014_04_PA0380100_NIBRS,
6554761,16644,5,2014,U,,,N,F,,C,2014_05_PA0380100_NIBRS,
6577211,16644,6,2014,U,,,N,F,,C,2014_06_PA0380100_NIBRS,
6599661,16644,7,2014,U,,,N,F,,C,2014_07_PA0380100_NIBRS,
6622111,16644,8,2014,U,,,N,F,,C,2014_08_PA0380100_NIBRS,
6644561,16644,9,2014,U,,,N,F,,C,2014_09_PA0380100_NIBRS,
6667011,16644,10,2014,U,,,N,F,,C,2014_10_PA0380100_NIBRS,
6689461,16644,11,2014,U,,,N,F,,C,2014_11_PA0380100_NIBRS,
6711911,16644,12,2014,U,,,N,F,,C,2014_12_PA0380100_NIBRS,
6464962,16645,1,2014,U,,,N,F,,C,2014_01_PA0380200_NIBRS,
6487412,16645,2,2014,U,,,N,F,,C,2014_02_PA0380200_NIBRS,
6509862,16645,3,2014,U,,,N,F,,C,2014_03_PA0380200_NIBRS,
6532312,16645,4,2014,U,,,N,F,,C,2014_04_PA0380200_NIBRS,
6554762,16645,5,2014,U,,,N,F,,C,2014_05_PA0380200_NIBRS,
6577212,16645,6,2014,U,,,N,F,,C,2014_06_PA0380200_NIBRS,
6599662,16645,7,2014,U,,,N,F,,C,2014_07_PA0380200_NIBRS,
6622112,16645,8,2014,U,,,N,F,,C,2014_08_PA0380200_NIBRS,
6644562,16645,9,2014,U,,,N,F,,C,2014_09_PA0380200_NIBRS,
6667012,16645,10,2014,U,,,N,F,,C,2014_10_PA0380200_NIBRS,
6689462,16645,11,2014,U,,,N,F,,C,2014_11_PA0380200_NIBRS,
6711912,16645,12,2014,U,,,N,F,,C,2014_12_PA0380200_NIBRS,
6464963,16646,1,2014,U,,,N,F,,C,2014_01_PA0380300_NIBRS,
6487413,16646,2,2014,U,,,N,F,,C,2014_02_PA0380300_NIBRS,
6509863,16646,3,2014,U,,,N,F,,C,2014_03_PA0380300_NIBRS,
6532313,16646,4,2014,U,,,N,F,,C,2014_04_PA0380300_NIBRS,
6554763,16646,5,2014,U,,,N,F,,C,2014_05_PA0380300_NIBRS,
6577213,16646,6,2014,U,,,N,F,,C,2014_06_PA0380300_NIBRS,
6599663,16646,7,2014,U,,,N,F,,C,2014_07_PA0380300_NIBRS,
6622113,16646,8,2014,U,,,N,F,,C,2014_08_PA0380300_NIBRS,
6644563,16646,9,2014,U,,,N,F,,C,2014_09_PA0380300_NIBRS,
6667013,16646,10,2014,U,,,N,F,,C,2014_10_PA0380300_NIBRS,
6689463,16646,11,2014,U,,,N,F,,C,2014_11_PA0380300_NIBRS,
6711913,16646,12,2014,U,,,N,F,,C,2014_12_PA0380300_NIBRS,
6464964,16647,1,2014,U,,,N,F,,C,2014_01_PA0380400_NIBRS,
6487414,16647,2,2014,U,,,N,F,,C,2014_02_PA0380400_NIBRS,
6509864,16647,3,2014,U,,,N,F,,C,2014_03_PA0380400_NIBRS,
6532314,16647,4,2014,U,,,N,F,,C,2014_04_PA0380400_NIBRS,
6554764,16647,5,2014,U,,,N,F,,C,2014_05_PA0380400_NIBRS,
6577214,16647,6,2014,U,,,N,F,,C,2014_06_PA0380400_NIBRS,
6599664,16647,7,2014,U,,,N,F,,C,2014_07_PA0380400_NIBRS,
6622114,16647,8,2014,U,,,N,F,,C,2014_08_PA0380400_NIBRS,
6644564,16647,9,2014,U,,,N,F,,C,2014_09_PA0380400_NIBRS,
6667014,16647,10,2014,U,,,N,F,,C,2014_10_PA0380400_NIBRS,
6689464,16647,11,2014,U,,,N,F,,C,2014_11_PA0380400_NIBRS,
6711914,16647,12,2014,U,,,N,F,,C,2014_12_PA0380400_NIBRS,
6464965,16648,1,2014,U,,,N,F,,C,2014_01_PA0380500_NIBRS,
6487415,16648,2,2014,U,,,N,F,,C,2014_02_PA0380500_NIBRS,
6509865,16648,3,2014,U,,,N,F,,C,2014_03_PA0380500_NIBRS,
6532315,16648,4,2014,U,,,N,F,,C,2014_04_PA0380500_NIBRS,
6554765,16648,5,2014,U,,,N,F,,C,2014_05_PA0380500_NIBRS,
6577215,16648,6,2014,U,,,N,F,,C,2014_06_PA0380500_NIBRS,
6599665,16648,7,2014,U,,,N,F,,C,2014_07_PA0380500_NIBRS,
6622115,16648,8,2014,U,,,N,F,,C,2014_08_PA0380500_NIBRS,
6644565,16648,9,2014,U,,,N,F,,C,2014_09_PA0380500_NIBRS,
6667015,16648,10,2014,U,,,N,F,,C,2014_10_PA0380500_NIBRS,
6689465,16648,11,2014,U,,,N,F,,C,2014_11_PA0380500_NIBRS,
6711915,16648,12,2014,U,,,N,F,,C,2014_12_PA0380500_NIBRS,
6464966,16649,1,2014,U,,,N,F,,C,2014_01_PA0380600_NIBRS,
6487416,16649,2,2014,U,,,N,F,,C,2014_02_PA0380600_NIBRS,
6509866,16649,3,2014,U,,,N,F,,C,2014_03_PA0380600_NIBRS,
6532316,16649,4,2014,U,,,N,F,,C,2014_04_PA0380600_NIBRS,
6554766,16649,5,2014,U,,,N,F,,C,2014_05_PA0380600_NIBRS,
6577216,16649,6,2014,U,,,N,F,,C,2014_06_PA0380600_NIBRS,
6599666,16649,7,2014,U,,,N,F,,C,2014_07_PA0380600_NIBRS,
6622116,16649,8,2014,U,,,N,F,,C,2014_08_PA0380600_NIBRS,
6644566,16649,9,2014,U,,,N,F,,C,2014_09_PA0380600_NIBRS,
6667016,16649,10,2014,U,,,N,F,,C,2014_10_PA0380600_NIBRS,
6689466,16649,11,2014,U,,,N,F,,C,2014_11_PA0380600_NIBRS,
6711916,16649,12,2014,U,,,N,F,,C,2014_12_PA0380600_NIBRS,
6464967,16650,1,2014,U,,,N,F,,C,2014_01_PA0380700_NIBRS,
6487417,16650,2,2014,U,,,N,F,,C,2014_02_PA0380700_NIBRS,
6509867,16650,3,2014,U,,,N,F,,C,2014_03_PA0380700_NIBRS,
6532317,16650,4,2014,U,,,N,F,,C,2014_04_PA0380700_NIBRS,
6554767,16650,5,2014,U,,,N,F,,C,2014_05_PA0380700_NIBRS,
6577217,16650,6,2014,U,,,N,F,,C,2014_06_PA0380700_NIBRS,
6599667,16650,7,2014,U,,,N,F,,C,2014_07_PA0380700_NIBRS,
6622117,16650,8,2014,U,,,N,F,,C,2014_08_PA0380700_NIBRS,
6644567,16650,9,2014,U,,,N,F,,C,2014_09_PA0380700_NIBRS,
6667017,16650,10,2014,U,,,N,F,,C,2014_10_PA0380700_NIBRS,
6689467,16650,11,2014,U,,,N,F,,C,2014_11_PA0380700_NIBRS,
6711917,16650,12,2014,U,,,N,F,,C,2014_12_PA0380700_NIBRS,
6464968,16651,1,2014,U,,,N,F,,C,2014_01_PA0380800_NIBRS,
6487418,16651,2,2014,U,,,N,F,,C,2014_02_PA0380800_NIBRS,
6509868,16651,3,2014,U,,,N,F,,C,2014_03_PA0380800_NIBRS,
6532318,16651,4,2014,U,,,N,F,,C,2014_04_PA0380800_NIBRS,
6554768,16651,5,2014,U,,,N,F,,C,2014_05_PA0380800_NIBRS,
6577218,16651,6,2014,U,,,N,F,,C,2014_06_PA0380800_NIBRS,
6599668,16651,7,2014,U,,,N,F,,C,2014_07_PA0380800_NIBRS,
6622118,16651,8,2014,U,,,N,F,,C,2014_08_PA0380800_NIBRS,
6644568,16651,9,2014,U,,,N,F,,C,2014_09_PA0380800_NIBRS,
6667018,16651,10,2014,U,,,N,F,,C,2014_10_PA0380800_NIBRS,
6689468,16651,11,2014,U,,,N,F,,C,2014_11_PA0380800_NIBRS,
6711918,16651,12,2014,U,,,N,F,,C,2014_12_PA0380800_NIBRS,
6464969,16652,1,2014,U,,,N,F,,C,2014_01_PA0380900_NIBRS,
6487419,16652,2,2014,U,,,N,F,,C,2014_02_PA0380900_NIBRS,
6509869,16652,3,2014,U,,,N,F,,C,2014_03_PA0380900_NIBRS,
6532319,16652,4,2014,U,,,N,F,,C,2014_04_PA0380900_NIBRS,
6554769,16652,5,2014,U,,,N,F,,C,2014_05_PA0380900_NIBRS,
6577219,16652,6,2014,U,,,N,F,,C,2014_06_PA0380900_NIBRS,
6599669,16652,7,2014,U,,,N,F,,C,2014_07_PA0380900_NIBRS,
6622119,16652,8,2014,U,,,N,F,,C,2014_08_PA0380900_NIBRS,
6644569,16652,9,2014,U,,,N,F,,C,2014_09_PA0380900_NIBRS,
6667019,16652,10,2014,U,,,N,F,,C,2014_10_PA0380900_NIBRS,
6689469,16652,11,2014,U,,,N,F,,C,2014_11_PA0380900_NIBRS,
6711919,16652,12,2014,U,,,N,F,,C,2014_12_PA0380900_NIBRS,
6464970,16653,1,2014,U,,,N,F,,C,2014_01_PA0381000_NIBRS,
6487420,16653,2,2014,U,,,N,F,,C,2014_02_PA0381000_NIBRS,
6509870,16653,3,2014,U,,,N,F,,C,2014_03_PA0381000_NIBRS,
6532320,16653,4,2014,U,,,N,F,,C,2014_04_PA0381000_NIBRS,
6554770,16653,5,2014,U,,,N,F,,C,2014_05_PA0381000_NIBRS,
6577220,16653,6,2014,U,,,N,F,,C,2014_06_PA0381000_NIBRS,
6599670,16653,7,2014,U,,,N,F,,C,2014_07_PA0381000_NIBRS,
6622120,16653,8,2014,U,,,N,F,,C,2014_08_PA0381000_NIBRS,
6644570,16653,9,2014,U,,,N,F,,C,2014_09_PA0381000_NIBRS,
6667020,16653,10,2014,U,,,N,F,,C,2014_10_PA0381000_NIBRS,
6689470,16653,11,2014,U,,,N,F,,C,2014_11_PA0381000_NIBRS,
6711920,16653,12,2014,U,,,N,F,,C,2014_12_PA0381000_NIBRS,
6464971,16654,1,2014,U,,,N,F,,C,2014_01_PA0381100_NIBRS,
6487421,16654,2,2014,U,,,N,F,,C,2014_02_PA0381100_NIBRS,
6509871,16654,3,2014,U,,,N,F,,C,2014_03_PA0381100_NIBRS,
6532321,16654,4,2014,U,,,N,F,,C,2014_04_PA0381100_NIBRS,
6554771,16654,5,2014,U,,,N,F,,C,2014_05_PA0381100_NIBRS,
6577221,16654,6,2014,U,,,N,F,,C,2014_06_PA0381100_NIBRS,
6599671,16654,7,2014,U,,,N,F,,C,2014_07_PA0381100_NIBRS,
6622121,16654,8,2014,U,,,N,F,,C,2014_08_PA0381100_NIBRS,
6644571,16654,9,2014,U,,,N,F,,C,2014_09_PA0381100_NIBRS,
6667021,16654,10,2014,U,,,N,F,,C,2014_10_PA0381100_NIBRS,
6689471,16654,11,2014,U,,,N,F,,C,2014_11_PA0381100_NIBRS,
6711921,16654,12,2014,U,,,N,F,,C,2014_12_PA0381100_NIBRS,
6464426,16109,1,2014,U,,,N,F,,C,2014_01_PA011DE00_NIBRS,
6486876,16109,2,2014,U,,,N,F,,C,2014_02_PA011DE00_NIBRS,
6509326,16109,3,2014,U,,,N,F,,C,2014_03_PA011DE00_NIBRS,
6531776,16109,4,2014,U,,,N,F,,C,2014_04_PA011DE00_NIBRS,
6554226,16109,5,2014,U,,,N,F,,C,2014_05_PA011DE00_NIBRS,
6576676,16109,6,2014,U,,,N,F,,C,2014_06_PA011DE00_NIBRS,
6599126,16109,7,2014,U,,,N,F,,C,2014_07_PA011DE00_NIBRS,
6621576,16109,8,2014,U,,,N,F,,C,2014_08_PA011DE00_NIBRS,
6644026,16109,9,2014,U,,,N,F,,C,2014_09_PA011DE00_NIBRS,
6666476,16109,10,2014,U,,,N,F,,C,2014_10_PA011DE00_NIBRS,
6688926,16109,11,2014,U,,,N,F,,C,2014_11_PA011DE00_NIBRS,
6711376,16109,12,2014,U,,,N,F,,C,2014_12_PA011DE00_NIBRS,
6464427,16110,1,2014,U,,,N,F,,C,2014_01_PA011SP00_NIBRS,
6486877,16110,2,2014,U,,,N,F,,C,2014_02_PA011SP00_NIBRS,
6509327,16110,3,2014,U,,,N,F,,C,2014_03_PA011SP00_NIBRS,
6531777,16110,4,2014,U,,,N,F,,C,2014_04_PA011SP00_NIBRS,
6554227,16110,5,2014,U,,,N,F,,C,2014_05_PA011SP00_NIBRS,
6576677,16110,6,2014,U,,,N,F,,C,2014_06_PA011SP00_NIBRS,
6599127,16110,7,2014,U,,,N,F,,C,2014_07_PA011SP00_NIBRS,
6621577,16110,8,2014,U,,,N,F,,C,2014_08_PA011SP00_NIBRS,
6644027,16110,9,2014,U,,,N,F,,C,2014_09_PA011SP00_NIBRS,
6666477,16110,10,2014,U,,,N,F,,C,2014_10_PA011SP00_NIBRS,
6688927,16110,11,2014,U,,,N,F,,C,2014_11_PA011SP00_NIBRS,
6711377,16110,12,2014,U,,,N,F,,C,2014_12_PA011SP00_NIBRS,
6464428,16111,1,2014,U,,,N,F,,C,2014_01_PA0120000_NIBRS,
6486878,16111,2,2014,U,,,N,F,,C,2014_02_PA0120000_NIBRS,
6509328,16111,3,2014,U,,,N,F,,C,2014_03_PA0120000_NIBRS,
6531778,16111,4,2014,U,,,N,F,,C,2014_04_PA0120000_NIBRS,
6554228,16111,5,2014,U,,,N,F,,C,2014_05_PA0120000_NIBRS,
6576678,16111,6,2014,U,,,N,F,,C,2014_06_PA0120000_NIBRS,
6599128,16111,7,2014,U,,,N,F,,C,2014_07_PA0120000_NIBRS,
6621578,16111,8,2014,U,,,N,F,,C,2014_08_PA0120000_NIBRS,
6644028,16111,9,2014,U,,,N,F,,C,2014_09_PA0120000_NIBRS,
6666478,16111,10,2014,U,,,N,F,,C,2014_10_PA0120000_NIBRS,
6688928,16111,11,2014,U,,,N,F,,C,2014_11_PA0120000_NIBRS,
6711378,16111,12,2014,U,,,N,F,,C,2014_12_PA0120000_NIBRS,
6464429,16112,1,2014,U,,,N,F,,C,2014_01_PA0120100_NIBRS,
6486879,16112,2,2014,U,,,N,F,,C,2014_02_PA0120100_NIBRS,
6509329,16112,3,2014,U,,,N,F,,C,2014_03_PA0120100_NIBRS,
6531779,16112,4,2014,U,,,N,F,,C,2014_04_PA0120100_NIBRS,
6554229,16112,5,2014,U,,,N,F,,C,2014_05_PA0120100_NIBRS,
6576679,16112,6,2014,U,,,N,F,,C,2014_06_PA0120100_NIBRS,
6599129,16112,7,2014,U,,,N,F,,C,2014_07_PA0120100_NIBRS,
6621579,16112,8,2014,U,,,N,F,,C,2014_08_PA0120100_NIBRS,
6644029,16112,9,2014,U,,,N,F,,C,2014_09_PA0120100_NIBRS,
6666479,16112,10,2014,U,,,N,F,,C,2014_10_PA0120100_NIBRS,
6688929,16112,11,2014,U,,,N,F,,C,2014_11_PA0120100_NIBRS,
6711379,16112,12,2014,U,,,N,F,,C,2014_12_PA0120100_NIBRS,
6464430,16113,1,2014,U,,,N,F,,C,2014_01_PA012BF00_NIBRS,
6486880,16113,2,2014,U,,,N,F,,C,2014_02_PA012BF00_NIBRS,
6509330,16113,3,2014,U,,,N,F,,C,2014_03_PA012BF00_NIBRS,
6531780,16113,4,2014,U,,,N,F,,C,2014_04_PA012BF00_NIBRS,
6554230,16113,5,2014,U,,,N,F,,C,2014_05_PA012BF00_NIBRS,
6576680,16113,6,2014,U,,,N,F,,C,2014_06_PA012BF00_NIBRS,
6599130,16113,7,2014,U,,,N,F,,C,2014_07_PA012BF00_NIBRS,
6621580,16113,8,2014,U,,,N,F,,C,2014_08_PA012BF00_NIBRS,
6644030,16113,9,2014,U,,,N,F,,C,2014_09_PA012BF00_NIBRS,
6666480,16113,10,2014,U,,,N,F,,C,2014_10_PA012BF00_NIBRS,
6688930,16113,11,2014,U,,,N,F,,C,2014_11_PA012BF00_NIBRS,
6711380,16113,12,2014,U,,,N,F,,C,2014_12_PA012BF00_NIBRS,
6464431,16114,1,2014,U,,,N,F,,C,2014_01_PA012DE00_NIBRS,
6486881,16114,2,2014,U,,,N,F,,C,2014_02_PA012DE00_NIBRS,
6509331,16114,3,2014,U,,,N,F,,C,2014_03_PA012DE00_NIBRS,
6531781,16114,4,2014,U,,,N,F,,C,2014_04_PA012DE00_NIBRS,
6554231,16114,5,2014,U,,,N,F,,C,2014_05_PA012DE00_NIBRS,
6576681,16114,6,2014,U,,,N,F,,C,2014_06_PA012DE00_NIBRS,
6599131,16114,7,2014,U,,,N,F,,C,2014_07_PA012DE00_NIBRS,
6621581,16114,8,2014,U,,,N,F,,C,2014_08_PA012DE00_NIBRS,
6644031,16114,9,2014,U,,,N,F,,C,2014_09_PA012DE00_NIBRS,
6666481,16114,10,2014,U,,,N,F,,C,2014_10_PA012DE00_NIBRS,
6688931,16114,11,2014,U,,,N,F,,C,2014_11_PA012DE00_NIBRS,
6711381,16114,12,2014,U,,,N,F,,C,2014_12_PA012DE00_NIBRS,
6464432,16115,1,2014,U,,,N,F,,C,2014_01_PA012SP00_NIBRS,
6486882,16115,2,2014,U,,,N,F,,C,2014_02_PA012SP00_NIBRS,
6509332,16115,3,2014,U,,,N,F,,C,2014_03_PA012SP00_NIBRS,
6531782,16115,4,2014,U,,,N,F,,C,2014_04_PA012SP00_NIBRS,
6554232,16115,5,2014,U,,,N,F,,C,2014_05_PA012SP00_NIBRS,
6576682,16115,6,2014,U,,,N,F,,C,2014_06_PA012SP00_NIBRS,
6599132,16115,7,2014,U,,,N,F,,C,2014_07_PA012SP00_NIBRS,
6621582,16115,8,2014,U,,,N,F,,C,2014_08_PA012SP00_NIBRS,
6644032,16115,9,2014,U,,,N,F,,C,2014_09_PA012SP00_NIBRS,
6666482,16115,10,2014,U,,,N,F,,C,2014_10_PA012SP00_NIBRS,
6688932,16115,11,2014,U,,,N,F,,C,2014_11_PA012SP00_NIBRS,
6711382,16115,12,2014,U,,,N,F,,C,2014_12_PA012SP00_NIBRS,
6464433,16116,1,2014,U,,,N,F,,C,2014_01_PA0130000_NIBRS,
6486883,16116,2,2014,U,,,N,F,,C,2014_02_PA0130000_NIBRS,
6509333,16116,3,2014,U,,,N,F,,C,2014_03_PA0130000_NIBRS,
6531783,16116,4,2014,U,,,N,F,,C,2014_04_PA0130000_NIBRS,
6554233,16116,5,2014,U,,,N,F,,C,2014_05_PA0130000_NIBRS,
6576683,16116,6,2014,U,,,N,F,,C,2014_06_PA0130000_NIBRS,
6599133,16116,7,2014,U,,,N,F,,C,2014_07_PA0130000_NIBRS,
6621583,16116,8,2014,U,,,N,F,,C,2014_08_PA0130000_NIBRS,
6644033,16116,9,2014,U,,,N,F,,C,2014_09_PA0130000_NIBRS,
6666483,16116,10,2014,U,,,N,F,,C,2014_10_PA0130000_NIBRS,
6688933,16116,11,2014,U,,,N,F,,C,2014_11_PA0130000_NIBRS,
6711383,16116,12,2014,U,,,N,F,,C,2014_12_PA0130000_NIBRS,
6464434,16117,1,2014,U,,,N,F,,C,2014_01_PA0130200_NIBRS,
6486884,16117,2,2014,U,,,N,F,,C,2014_02_PA0130200_NIBRS,
6509334,16117,3,2014,U,,,N,F,,C,2014_03_PA0130200_NIBRS,
6531784,16117,4,2014,U,,,N,F,,C,2014_04_PA0130200_NIBRS,
6554234,16117,5,2014,U,,,N,F,,C,2014_05_PA0130200_NIBRS,
6576684,16117,6,2014,U,,,N,F,,C,2014_06_PA0130200_NIBRS,
6599134,16117,7,2014,U,,,N,F,,C,2014_07_PA0130200_NIBRS,
6621584,16117,8,2014,U,,,N,F,,C,2014_08_PA0130200_NIBRS,
6644034,16117,9,2014,U,,,N,F,,C,2014_09_PA0130200_NIBRS,
6666484,16117,10,2014,U,,,N,F,,C,2014_10_PA0130200_NIBRS,
6688934,16117,11,2014,U,,,N,F,,C,2014_11_PA0130200_NIBRS,
6711384,16117,12,2014,U,,,N,F,,C,2014_12_PA0130200_NIBRS,
6464435,16118,1,2014,U,,,N,F,,C,2014_01_PA0130300_NIBRS,
6486885,16118,2,2014,U,,,N,F,,C,2014_02_PA0130300_NIBRS,
6509335,16118,3,2014,U,,,N,F,,C,2014_03_PA0130300_NIBRS,
6531785,16118,4,2014,U,,,N,F,,C,2014_04_PA0130300_NIBRS,
6554235,16118,5,2014,U,,,N,F,,C,2014_05_PA0130300_NIBRS,
6576685,16118,6,2014,U,,,N,F,,C,2014_06_PA0130300_NIBRS,
6599135,16118,7,2014,U,,,N,F,,C,2014_07_PA0130300_NIBRS,
6621585,16118,8,2014,U,,,N,F,,C,2014_08_PA0130300_NIBRS,
6644035,16118,9,2014,U,,,N,F,,C,2014_09_PA0130300_NIBRS,
6666485,16118,10,2014,U,,,N,F,,C,2014_10_PA0130300_NIBRS,
6688935,16118,11,2014,U,,,N,F,,C,2014_11_PA0130300_NIBRS,
6711385,16118,12,2014,U,,,N,F,,C,2014_12_PA0130300_NIBRS,
6464436,16119,1,2014,U,,,N,F,,C,2014_01_PA0130400_NIBRS,
6486886,16119,2,2014,U,,,N,F,,C,2014_02_PA0130400_NIBRS,
6509336,16119,3,2014,U,,,N,F,,C,2014_03_PA0130400_NIBRS,
6531786,16119,4,2014,U,,,N,F,,C,2014_04_PA0130400_NIBRS,
6554236,16119,5,2014,U,,,N,F,,C,2014_05_PA0130400_NIBRS,
6576686,16119,6,2014,U,,,N,F,,C,2014_06_PA0130400_NIBRS,
6599136,16119,7,2014,U,,,N,F,,C,2014_07_PA0130400_NIBRS,
6621586,16119,8,2014,U,,,N,F,,C,2014_08_PA0130400_NIBRS,
6644036,16119,9,2014,U,,,N,F,,C,2014_09_PA0130400_NIBRS,
6666486,16119,10,2014,U,,,N,F,,C,2014_10_PA0130400_NIBRS,
6688936,16119,11,2014,U,,,N,F,,C,2014_11_PA0130400_NIBRS,
6711386,16119,12,2014,U,,,N,F,,C,2014_12_PA0130400_NIBRS,
6464437,16120,1,2014,U,,,N,F,,C,2014_01_PA0130500_NIBRS,
6486887,16120,2,2014,U,,,N,F,,C,2014_02_PA0130500_NIBRS,
6509337,16120,3,2014,U,,,N,F,,C,2014_03_PA0130500_NIBRS,
6531787,16120,4,2014,U,,,N,F,,C,2014_04_PA0130500_NIBRS,
6554237,16120,5,2014,U,,,N,F,,C,2014_05_PA0130500_NIBRS,
6576687,16120,6,2014,U,,,N,F,,C,2014_06_PA0130500_NIBRS,
6599137,16120,7,2014,U,,,N,F,,C,2014_07_PA0130500_NIBRS,
6621587,16120,8,2014,U,,,N,F,,C,2014_08_PA0130500_NIBRS,
6644037,16120,9,2014,U,,,N,F,,C,2014_09_PA0130500_NIBRS,
6666487,16120,10,2014,U,,,N,F,,C,2014_10_PA0130500_NIBRS,
6688937,16120,11,2014,U,,,N,F,,C,2014_11_PA0130500_NIBRS,
6711387,16120,12,2014,U,,,N,F,,C,2014_12_PA0130500_NIBRS,
6464438,16121,1,2014,U,,,N,F,,C,2014_01_PA0130600_NIBRS,
6486888,16121,2,2014,U,,,N,F,,C,2014_02_PA0130600_NIBRS,
6509338,16121,3,2014,U,,,N,F,,C,2014_03_PA0130600_NIBRS,
6531788,16121,4,2014,U,,,N,F,,C,2014_04_PA0130600_NIBRS,
6554238,16121,5,2014,U,,,N,F,,C,2014_05_PA0130600_NIBRS,
6576688,16121,6,2014,U,,,N,F,,C,2014_06_PA0130600_NIBRS,
6599138,16121,7,2014,U,,,N,F,,C,2014_07_PA0130600_NIBRS,
6621588,16121,8,2014,U,,,N,F,,C,2014_08_PA0130600_NIBRS,
6644038,16121,9,2014,U,,,N,F,,C,2014_09_PA0130600_NIBRS,
6666488,16121,10,2014,U,,,N,F,,C,2014_10_PA0130600_NIBRS,
6688938,16121,11,2014,U,,,N,F,,C,2014_11_PA0130600_NIBRS,
6711388,16121,12,2014,U,,,N,F,,C,2014_12_PA0130600_NIBRS,
6464439,16122,1,2014,U,,,N,F,,C,2014_01_PA0130700_NIBRS,
6486889,16122,2,2014,U,,,N,F,,C,2014_02_PA0130700_NIBRS,
6509339,16122,3,2014,U,,,N,F,,C,2014_03_PA0130700_NIBRS,
6531789,16122,4,2014,U,,,N,F,,C,2014_04_PA0130700_NIBRS,
6554239,16122,5,2014,U,,,N,F,,C,2014_05_PA0130700_NIBRS,
6576689,16122,6,2014,U,,,N,F,,C,2014_06_PA0130700_NIBRS,
6599139,16122,7,2014,U,,,N,F,,C,2014_07_PA0130700_NIBRS,
6621589,16122,8,2014,U,,,N,F,,C,2014_08_PA0130700_NIBRS,
6644039,16122,9,2014,U,,,N,F,,C,2014_09_PA0130700_NIBRS,
6666489,16122,10,2014,U,,,N,F,,C,2014_10_PA0130700_NIBRS,
6688939,16122,11,2014,U,,,N,F,,C,2014_11_PA0130700_NIBRS,
6711389,16122,12,2014,U,,,N,F,,C,2014_12_PA0130700_NIBRS,
6464440,16123,1,2014,U,,,N,F,,C,2014_01_PA0130800_NIBRS,
6486890,16123,2,2014,U,,,N,F,,C,2014_02_PA0130800_NIBRS,
6509340,16123,3,2014,U,,,N,F,,C,2014_03_PA0130800_NIBRS,
6531790,16123,4,2014,U,,,N,F,,C,2014_04_PA0130800_NIBRS,
6554240,16123,5,2014,U,,,N,F,,C,2014_05_PA0130800_NIBRS,
6576690,16123,6,2014,U,,,N,F,,C,2014_06_PA0130800_NIBRS,
6599140,16123,7,2014,U,,,N,F,,C,2014_07_PA0130800_NIBRS,
6621590,16123,8,2014,U,,,N,F,,C,2014_08_PA0130800_NIBRS,
6644040,16123,9,2014,U,,,N,F,,C,2014_09_PA0130800_NIBRS,
6666490,16123,10,2014,U,,,N,F,,C,2014_10_PA0130800_NIBRS,
6688940,16123,11,2014,U,,,N,F,,C,2014_11_PA0130800_NIBRS,
6711390,16123,12,2014,U,,,N,F,,C,2014_12_PA0130800_NIBRS,
6464441,16124,1,2014,U,,,N,F,,C,2014_01_PA0130900_NIBRS,
6486891,16124,2,2014,U,,,N,F,,C,2014_02_PA0130900_NIBRS,
6509341,16124,3,2014,U,,,N,F,,C,2014_03_PA0130900_NIBRS,
6531791,16124,4,2014,U,,,N,F,,C,2014_04_PA0130900_NIBRS,
6554241,16124,5,2014,U,,,N,F,,C,2014_05_PA0130900_NIBRS,
6576691,16124,6,2014,U,,,N,F,,C,2014_06_PA0130900_NIBRS,
6599141,16124,7,2014,U,,,N,F,,C,2014_07_PA0130900_NIBRS,
6621591,16124,8,2014,U,,,N,F,,C,2014_08_PA0130900_NIBRS,
6644041,16124,9,2014,U,,,N,F,,C,2014_09_PA0130900_NIBRS,
6666491,16124,10,2014,U,,,N,F,,C,2014_10_PA0130900_NIBRS,
6688941,16124,11,2014,U,,,N,F,,C,2014_11_PA0130900_NIBRS,
6711391,16124,12,2014,U,,,N,F,,C,2014_12_PA0130900_NIBRS,
6464442,16125,1,2014,U,,,N,F,,C,2014_01_PA0131000_NIBRS,
6486892,16125,2,2014,U,,,N,F,,C,2014_02_PA0131000_NIBRS,
6509342,16125,3,2014,U,,,N,F,,C,2014_03_PA0131000_NIBRS,
6531792,16125,4,2014,U,,,N,F,,C,2014_04_PA0131000_NIBRS,
6554242,16125,5,2014,U,,,N,F,,C,2014_05_PA0131000_NIBRS,
6576692,16125,6,2014,U,,,N,F,,C,2014_06_PA0131000_NIBRS,
6599142,16125,7,2014,U,,,N,F,,C,2014_07_PA0131000_NIBRS,
6621592,16125,8,2014,U,,,N,F,,C,2014_08_PA0131000_NIBRS,
6644042,16125,9,2014,U,,,N,F,,C,2014_09_PA0131000_NIBRS,
6666492,16125,10,2014,U,,,N,F,,C,2014_10_PA0131000_NIBRS,
6688942,16125,11,2014,U,,,N,F,,C,2014_11_PA0131000_NIBRS,
6711392,16125,12,2014,U,,,N,F,,C,2014_12_PA0131000_NIBRS,
6464443,16126,1,2014,U,,,N,F,,C,2014_01_PA0131100_NIBRS,
6486893,16126,2,2014,U,,,N,F,,C,2014_02_PA0131100_NIBRS,
6509343,16126,3,2014,U,,,N,F,,C,2014_03_PA0131100_NIBRS,
6531793,16126,4,2014,U,,,N,F,,C,2014_04_PA0131100_NIBRS,
6554243,16126,5,2014,U,,,N,F,,C,2014_05_PA0131100_NIBRS,
6576693,16126,6,2014,U,,,N,F,,C,2014_06_PA0131100_NIBRS,
6599143,16126,7,2014,U,,,N,F,,C,2014_07_PA0131100_NIBRS,
6621593,16126,8,2014,U,,,N,F,,C,2014_08_PA0131100_NIBRS,
6644043,16126,9,2014,U,,,N,F,,C,2014_09_PA0131100_NIBRS,
6666493,16126,10,2014,U,,,N,F,,C,2014_10_PA0131100_NIBRS,
6688943,16126,11,2014,U,,,N,F,,C,2014_11_PA0131100_NIBRS,
6711393,16126,12,2014,U,,,N,F,,C,2014_12_PA0131100_NIBRS,
6464444,16127,1,2014,U,,,N,F,,C,2014_01_PA0131200_NIBRS,
6486894,16127,2,2014,U,,,N,F,,C,2014_02_PA0131200_NIBRS,
6509344,16127,3,2014,U,,,N,F,,C,2014_03_PA0131200_NIBRS,
6531794,16127,4,2014,U,,,N,F,,C,2014_04_PA0131200_NIBRS,
6554244,16127,5,2014,U,,,N,F,,C,2014_05_PA0131200_NIBRS,
6576694,16127,6,2014,U,,,N,F,,C,2014_06_PA0131200_NIBRS,
6599144,16127,7,2014,U,,,N,F,,C,2014_07_PA0131200_NIBRS,
6621594,16127,8,2014,U,,,N,F,,C,2014_08_PA0131200_NIBRS,
6644044,16127,9,2014,U,,,N,F,,C,2014_09_PA0131200_NIBRS,
6666494,16127,10,2014,U,,,N,F,,C,2014_10_PA0131200_NIBRS,
6688944,16127,11,2014,U,,,N,F,,C,2014_11_PA0131200_NIBRS,
6711394,16127,12,2014,U,,,N,F,,C,2014_12_PA0131200_NIBRS,
6464445,16128,1,2014,U,,,N,F,,C,2014_01_PA0131500_NIBRS,
6486895,16128,2,2014,U,,,N,F,,C,2014_02_PA0131500_NIBRS,
6509345,16128,3,2014,U,,,N,F,,C,2014_03_PA0131500_NIBRS,
6531795,16128,4,2014,U,,,N,F,,C,2014_04_PA0131500_NIBRS,
6554245,16128,5,2014,U,,,N,F,,C,2014_05_PA0131500_NIBRS,
6576695,16128,6,2014,U,,,N,F,,C,2014_06_PA0131500_NIBRS,
6599145,16128,7,2014,U,,,N,F,,C,2014_07_PA0131500_NIBRS,
6621595,16128,8,2014,U,,,N,F,,C,2014_08_PA0131500_NIBRS,
6644045,16128,9,2014,U,,,N,F,,C,2014_09_PA0131500_NIBRS,
6666495,16128,10,2014,U,,,N,F,,C,2014_10_PA0131500_NIBRS,
6688945,16128,11,2014,U,,,N,F,,C,2014_11_PA0131500_NIBRS,
6711395,16128,12,2014,U,,,N,F,,C,2014_12_PA0131500_NIBRS,
6464446,16129,1,2014,U,,,N,F,,C,2014_01_PA0131600_NIBRS,
6486896,16129,2,2014,U,,,N,F,,C,2014_02_PA0131600_NIBRS,
6509346,16129,3,2014,U,,,N,F,,C,2014_03_PA0131600_NIBRS,
6531796,16129,4,2014,U,,,N,F,,C,2014_04_PA0131600_NIBRS,
6554246,16129,5,2014,U,,,N,F,,C,2014_05_PA0131600_NIBRS,
6576696,16129,6,2014,U,,,N,F,,C,2014_06_PA0131600_NIBRS,
6599146,16129,7,2014,U,,,N,F,,C,2014_07_PA0131600_NIBRS,
6621596,16129,8,2014,U,,,N,F,,C,2014_08_PA0131600_NIBRS,
6644046,16129,9,2014,U,,,N,F,,C,2014_09_PA0131600_NIBRS,
6666496,16129,10,2014,U,,,N,F,,C,2014_10_PA0131600_NIBRS,
6688946,16129,11,2014,U,,,N,F,,C,2014_11_PA0131600_NIBRS,
6711396,16129,12,2014,U,,,N,F,,C,2014_12_PA0131600_NIBRS,
6470476,23272,1,2014,U,,,N,F,,C,2014_01_PA0132000_NIBRS,
6492926,23272,2,2014,U,,,N,F,,C,2014_02_PA0132000_NIBRS,
6515376,23272,3,2014,U,,,N,F,,C,2014_03_PA0132000_NIBRS,
6537826,23272,4,2014,U,,,N,F,,C,2014_04_PA0132000_NIBRS,
6560276,23272,5,2014,U,,,N,F,,C,2014_05_PA0132000_NIBRS,
6582726,23272,6,2014,U,,,N,F,,C,2014_06_PA0132000_NIBRS,
6605176,23272,7,2014,U,,,N,F,,C,2014_07_PA0132000_NIBRS,
6627626,23272,8,2014,U,,,N,F,,C,2014_08_PA0132000_NIBRS,
6650076,23272,9,2014,U,,,N,F,,C,2014_09_PA0132000_NIBRS,
6672526,23272,10,2014,U,,,N,F,,C,2014_10_PA0132000_NIBRS,
6694976,23272,11,2014,U,,,N,F,,C,2014_11_PA0132000_NIBRS,
6717426,23272,12,2014,U,,,N,F,,C,2014_12_PA0132000_NIBRS,
6464447,16130,1,2014,U,,,N,F,,C,2014_01_PA013BF00_NIBRS,
6486897,16130,2,2014,U,,,N,F,,C,2014_02_PA013BF00_NIBRS,
6509347,16130,3,2014,U,,,N,F,,C,2014_03_PA013BF00_NIBRS,
6531797,16130,4,2014,U,,,N,F,,C,2014_04_PA013BF00_NIBRS,
6554247,16130,5,2014,U,,,N,F,,C,2014_05_PA013BF00_NIBRS,
6576697,16130,6,2014,U,,,N,F,,C,2014_06_PA013BF00_NIBRS,
6599147,16130,7,2014,U,,,N,F,,C,2014_07_PA013BF00_NIBRS,
6621597,16130,8,2014,U,,,N,F,,C,2014_08_PA013BF00_NIBRS,
6644047,16130,9,2014,U,,,N,F,,C,2014_09_PA013BF00_NIBRS,
6666497,16130,10,2014,U,,,N,F,,C,2014_10_PA013BF00_NIBRS,
6688947,16130,11,2014,U,,,N,F,,C,2014_11_PA013BF00_NIBRS,
6711397,16130,12,2014,U,,,N,F,,C,2014_12_PA013BF00_NIBRS,
6464448,16131,1,2014,U,,,N,F,,C,2014_01_PA013DE00_NIBRS,
6486898,16131,2,2014,U,,,N,F,,C,2014_02_PA013DE00_NIBRS,
6509348,16131,3,2014,U,,,N,F,,C,2014_03_PA013DE00_NIBRS,
6531798,16131,4,2014,U,,,N,F,,C,2014_04_PA013DE00_NIBRS,
6554248,16131,5,2014,U,,,N,F,,C,2014_05_PA013DE00_NIBRS,
6576698,16131,6,2014,U,,,N,F,,C,2014_06_PA013DE00_NIBRS,
6599148,16131,7,2014,U,,,N,F,,C,2014_07_PA013DE00_NIBRS,
6621598,16131,8,2014,U,,,N,F,,C,2014_08_PA013DE00_NIBRS,
6644048,16131,9,2014,U,,,N,F,,C,2014_09_PA013DE00_NIBRS,
6666498,16131,10,2014,U,,,N,F,,C,2014_10_PA013DE00_NIBRS,
6688948,16131,11,2014,U,,,N,F,,C,2014_11_PA013DE00_NIBRS,
6711398,16131,12,2014,U,,,N,F,,C,2014_12_PA013DE00_NIBRS,
6464449,16132,1,2014,U,,,N,F,,C,2014_01_PA013SP00_NIBRS,
6486899,16132,2,2014,U,,,N,F,,C,2014_02_PA013SP00_NIBRS,
6509349,16132,3,2014,U,,,N,F,,C,2014_03_PA013SP00_NIBRS,
6531799,16132,4,2014,U,,,N,F,,C,2014_04_PA013SP00_NIBRS,
6554249,16132,5,2014,U,,,N,F,,C,2014_05_PA013SP00_NIBRS,
6576699,16132,6,2014,U,,,N,F,,C,2014_06_PA013SP00_NIBRS,
6599149,16132,7,2014,U,,,N,F,,C,2014_07_PA013SP00_NIBRS,
6621599,16132,8,2014,U,,,N,F,,C,2014_08_PA013SP00_NIBRS,
6644049,16132,9,2014,U,,,N,F,,C,2014_09_PA013SP00_NIBRS,
6666499,16132,10,2014,U,,,N,F,,C,2014_10_PA013SP00_NIBRS,
6688949,16132,11,2014,U,,,N,F,,C,2014_11_PA013SP00_NIBRS,
6711399,16132,12,2014,U,,,N,F,,C,2014_12_PA013SP00_NIBRS,
6464450,16133,1,2014,U,,,N,F,,C,2014_01_PA0140000_NIBRS,
6486900,16133,2,2014,U,,,N,F,,C,2014_02_PA0140000_NIBRS,
6509350,16133,3,2014,U,,,N,F,,C,2014_03_PA0140000_NIBRS,
6531800,16133,4,2014,U,,,N,F,,C,2014_04_PA0140000_NIBRS,
6554250,16133,5,2014,U,,,N,F,,C,2014_05_PA0140000_NIBRS,
6576700,16133,6,2014,U,,,N,F,,C,2014_06_PA0140000_NIBRS,
6599150,16133,7,2014,U,,,N,F,,C,2014_07_PA0140000_NIBRS,
6621600,16133,8,2014,U,,,N,F,,C,2014_08_PA0140000_NIBRS,
6644050,16133,9,2014,U,,,N,F,,C,2014_09_PA0140000_NIBRS,
6666500,16133,10,2014,U,,,N,F,,C,2014_10_PA0140000_NIBRS,
6688950,16133,11,2014,U,,,N,F,,C,2014_11_PA0140000_NIBRS,
6711400,16133,12,2014,U,,,N,F,,C,2014_12_PA0140000_NIBRS,
6464451,16134,1,2014,U,,,N,F,,C,2014_01_PA0140100_NIBRS,
6486901,16134,2,2014,U,,,N,F,,C,2014_02_PA0140100_NIBRS,
6509351,16134,3,2014,U,,,N,F,,C,2014_03_PA0140100_NIBRS,
6531801,16134,4,2014,U,,,N,F,,C,2014_04_PA0140100_NIBRS,
6554251,16134,5,2014,U,,,N,F,,C,2014_05_PA0140100_NIBRS,
6576701,16134,6,2014,U,,,N,F,,C,2014_06_PA0140100_NIBRS,
6599151,16134,7,2014,U,,,N,F,,C,2014_07_PA0140100_NIBRS,
6621601,16134,8,2014,U,,,N,F,,C,2014_08_PA0140100_NIBRS,
6644051,16134,9,2014,U,,,N,F,,C,2014_09_PA0140100_NIBRS,
6666501,16134,10,2014,U,,,N,F,,C,2014_10_PA0140100_NIBRS,
6688951,16134,11,2014,U,,,N,F,,C,2014_11_PA0140100_NIBRS,
6711401,16134,12,2014,U,,,N,F,,C,2014_12_PA0140100_NIBRS,
6464452,16135,1,2014,U,,,N,F,,C,2014_01_PA0140200_NIBRS,
6486902,16135,2,2014,U,,,N,F,,C,2014_02_PA0140200_NIBRS,
6509352,16135,3,2014,U,,,N,F,,C,2014_03_PA0140200_NIBRS,
6531802,16135,4,2014,U,,,N,F,,C,2014_04_PA0140200_NIBRS,
6554252,16135,5,2014,U,,,N,F,,C,2014_05_PA0140200_NIBRS,
6576702,16135,6,2014,U,,,N,F,,C,2014_06_PA0140200_NIBRS,
6599152,16135,7,2014,U,,,N,F,,C,2014_07_PA0140200_NIBRS,
6621602,16135,8,2014,U,,,N,F,,C,2014_08_PA0140200_NIBRS,
6644052,16135,9,2014,U,,,N,F,,C,2014_09_PA0140200_NIBRS,
6666502,16135,10,2014,U,,,N,F,,C,2014_10_PA0140200_NIBRS,
6688952,16135,11,2014,U,,,N,F,,C,2014_11_PA0140200_NIBRS,
6711402,16135,12,2014,U,,,N,F,,C,2014_12_PA0140200_NIBRS,
6464453,16136,1,2014,U,,,N,F,,C,2014_01_PA0140300_NIBRS,
6486903,16136,2,2014,U,,,N,F,,C,2014_02_PA0140300_NIBRS,
6509353,16136,3,2014,U,,,N,F,,C,2014_03_PA0140300_NIBRS,
6531803,16136,4,2014,U,,,N,F,,C,2014_04_PA0140300_NIBRS,
6554253,16136,5,2014,U,,,N,F,,C,2014_05_PA0140300_NIBRS,
6576703,16136,6,2014,U,,,N,F,,C,2014_06_PA0140300_NIBRS,
6599153,16136,7,2014,U,,,N,F,,C,2014_07_PA0140300_NIBRS,
6621603,16136,8,2014,U,,,N,F,,C,2014_08_PA0140300_NIBRS,
6644053,16136,9,2014,U,,,N,F,,C,2014_09_PA0140300_NIBRS,
6666503,16136,10,2014,U,,,N,F,,C,2014_10_PA0140300_NIBRS,
6688953,16136,11,2014,U,,,N,F,,C,2014_11_PA0140300_NIBRS,
6711403,16136,12,2014,U,,,N,F,,C,2014_12_PA0140300_NIBRS,
6464454,16137,1,2014,U,,,N,F,,C,2014_01_PA0140400_NIBRS,
6486904,16137,2,2014,U,,,N,F,,C,2014_02_PA0140400_NIBRS,
6509354,16137,3,2014,U,,,N,F,,C,2014_03_PA0140400_NIBRS,
6531804,16137,4,2014,U,,,N,F,,C,2014_04_PA0140400_NIBRS,
6554254,16137,5,2014,U,,,N,F,,C,2014_05_PA0140400_NIBRS,
6576704,16137,6,2014,U,,,N,F,,C,2014_06_PA0140400_NIBRS,
6599154,16137,7,2014,U,,,N,F,,C,2014_07_PA0140400_NIBRS,
6621604,16137,8,2014,U,,,N,F,,C,2014_08_PA0140400_NIBRS,
6644054,16137,9,2014,U,,,N,F,,C,2014_09_PA0140400_NIBRS,
6666504,16137,10,2014,U,,,N,F,,C,2014_10_PA0140400_NIBRS,
6688954,16137,11,2014,U,,,N,F,,C,2014_11_PA0140400_NIBRS,
6711404,16137,12,2014,U,,,N,F,,C,2014_12_PA0140400_NIBRS,
6463989,15672,1,2014,U,,,N,F,,C,2014_01_PA0020100_NIBRS,
6486439,15672,2,2014,U,,,N,F,,C,2014_02_PA0020100_NIBRS,
6508889,15672,3,2014,U,,,N,F,,C,2014_03_PA0020100_NIBRS,
6531339,15672,4,2014,U,,,N,F,,C,2014_04_PA0020100_NIBRS,
6553789,15672,5,2014,U,,,N,F,,C,2014_05_PA0020100_NIBRS,
6576239,15672,6,2014,U,,,N,F,,C,2014_06_PA0020100_NIBRS,
6598689,15672,7,2014,U,,,N,F,,C,2014_07_PA0020100_NIBRS,
6621139,15672,8,2014,U,,,N,F,,C,2014_08_PA0020100_NIBRS,
6643589,15672,9,2014,U,,,N,F,,C,2014_09_PA0020100_NIBRS,
6666039,15672,10,2014,U,,,N,F,,C,2014_10_PA0020100_NIBRS,
6688489,15672,11,2014,U,,,N,F,,C,2014_11_PA0020100_NIBRS,
6710939,15672,12,2014,U,,,N,F,,C,2014_12_PA0020100_NIBRS,
6463990,15673,1,2014,U,,,N,F,,C,2014_01_PA0020200_NIBRS,
6486440,15673,2,2014,U,,,N,F,,C,2014_02_PA0020200_NIBRS,
6508890,15673,3,2014,U,,,N,F,,C,2014_03_PA0020200_NIBRS,
6531340,15673,4,2014,U,,,N,F,,C,2014_04_PA0020200_NIBRS,
6553790,15673,5,2014,U,,,N,F,,C,2014_05_PA0020200_NIBRS,
6576240,15673,6,2014,U,,,N,F,,C,2014_06_PA0020200_NIBRS,
6598690,15673,7,2014,U,,,N,F,,C,2014_07_PA0020200_NIBRS,
6621140,15673,8,2014,U,,,N,F,,C,2014_08_PA0020200_NIBRS,
6643590,15673,9,2014,U,,,N,F,,C,2014_09_PA0020200_NIBRS,
6666040,15673,10,2014,U,,,N,F,,C,2014_10_PA0020200_NIBRS,
6688490,15673,11,2014,U,,,N,F,,C,2014_11_PA0020200_NIBRS,
6710940,15673,12,2014,U,,,N,F,,C,2014_12_PA0020200_NIBRS,
6463991,15674,1,2014,U,,,N,F,,C,2014_01_PA0020300_NIBRS,
6486441,15674,2,2014,U,,,N,F,,C,2014_02_PA0020300_NIBRS,
6508891,15674,3,2014,U,,,N,F,,C,2014_03_PA0020300_NIBRS,
6531341,15674,4,2014,U,,,N,F,,C,2014_04_PA0020300_NIBRS,
6553791,15674,5,2014,U,,,N,F,,C,2014_05_PA0020300_NIBRS,
6576241,15674,6,2014,U,,,N,F,,C,2014_06_PA0020300_NIBRS,
6598691,15674,7,2014,U,,,N,F,,C,2014_07_PA0020300_NIBRS,
6621141,15674,8,2014,U,,,N,F,,C,2014_08_PA0020300_NIBRS,
6643591,15674,9,2014,U,,,N,F,,C,2014_09_PA0020300_NIBRS,
6666041,15674,10,2014,U,,,N,F,,C,2014_10_PA0020300_NIBRS,
6688491,15674,11,2014,U,,,N,F,,C,2014_11_PA0020300_NIBRS,
6710941,15674,12,2014,U,,,N,F,,C,2014_12_PA0020300_NIBRS,
6463992,15675,1,2014,U,,,N,F,,C,2014_01_PA0020400_NIBRS,
6486442,15675,2,2014,U,,,N,F,,C,2014_02_PA0020400_NIBRS,
6508892,15675,3,2014,U,,,N,F,,C,2014_03_PA0020400_NIBRS,
6531342,15675,4,2014,U,,,N,F,,C,2014_04_PA0020400_NIBRS,
6553792,15675,5,2014,U,,,N,F,,C,2014_05_PA0020400_NIBRS,
6576242,15675,6,2014,U,,,N,F,,C,2014_06_PA0020400_NIBRS,
6598692,15675,7,2014,U,,,N,F,,C,2014_07_PA0020400_NIBRS,
6621142,15675,8,2014,U,,,N,F,,C,2014_08_PA0020400_NIBRS,
6643592,15675,9,2014,U,,,N,F,,C,2014_09_PA0020400_NIBRS,
6666042,15675,10,2014,U,,,N,F,,C,2014_10_PA0020400_NIBRS,
6688492,15675,11,2014,U,,,N,F,,C,2014_11_PA0020400_NIBRS,
6710942,15675,12,2014,U,,,N,F,,C,2014_12_PA0020400_NIBRS,
6463993,15676,1,2014,U,,,N,F,,C,2014_01_PA0020500_NIBRS,
6486443,15676,2,2014,U,,,N,F,,C,2014_02_PA0020500_NIBRS,
6508893,15676,3,2014,U,,,N,F,,C,2014_03_PA0020500_NIBRS,
6531343,15676,4,2014,U,,,N,F,,C,2014_04_PA0020500_NIBRS,
6553793,15676,5,2014,U,,,N,F,,C,2014_05_PA0020500_NIBRS,
6576243,15676,6,2014,U,,,N,F,,C,2014_06_PA0020500_NIBRS,
6598693,15676,7,2014,U,,,N,F,,C,2014_07_PA0020500_NIBRS,
6621143,15676,8,2014,U,,,N,F,,C,2014_08_PA0020500_NIBRS,
6643593,15676,9,2014,U,,,N,F,,C,2014_09_PA0020500_NIBRS,
6666043,15676,10,2014,U,,,N,F,,C,2014_10_PA0020500_NIBRS,
6688493,15676,11,2014,U,,,N,F,,C,2014_11_PA0020500_NIBRS,
6710943,15676,12,2014,U,,,N,F,,C,2014_12_PA0020500_NIBRS,
6463994,15677,1,2014,U,,,N,F,,C,2014_01_PA0020600_NIBRS,
6486444,15677,2,2014,U,,,N,F,,C,2014_02_PA0020600_NIBRS,
6508894,15677,3,2014,U,,,N,F,,C,2014_03_PA0020600_NIBRS,
6531344,15677,4,2014,U,,,N,F,,C,2014_04_PA0020600_NIBRS,
6553794,15677,5,2014,U,,,N,F,,C,2014_05_PA0020600_NIBRS,
6576244,15677,6,2014,U,,,N,F,,C,2014_06_PA0020600_NIBRS,
6598694,15677,7,2014,U,,,N,F,,C,2014_07_PA0020600_NIBRS,
6621144,15677,8,2014,U,,,N,F,,C,2014_08_PA0020600_NIBRS,
6643594,15677,9,2014,U,,,N,F,,C,2014_09_PA0020600_NIBRS,
6666044,15677,10,2014,U,,,N,F,,C,2014_10_PA0020600_NIBRS,
6688494,15677,11,2014,U,,,N,F,,C,2014_11_PA0020600_NIBRS,
6710944,15677,12,2014,U,,,N,F,,C,2014_12_PA0020600_NIBRS,
6463995,15678,1,2014,U,,,N,F,,C,2014_01_PA0020700_NIBRS,
6486445,15678,2,2014,U,,,N,F,,C,2014_02_PA0020700_NIBRS,
6508895,15678,3,2014,U,,,N,F,,C,2014_03_PA0020700_NIBRS,
6531345,15678,4,2014,U,,,N,F,,C,2014_04_PA0020700_NIBRS,
6553795,15678,5,2014,U,,,N,F,,C,2014_05_PA0020700_NIBRS,
6576245,15678,6,2014,U,,,N,F,,C,2014_06_PA0020700_NIBRS,
6598695,15678,7,2014,U,,,N,F,,C,2014_07_PA0020700_NIBRS,
6621145,15678,8,2014,U,,,N,F,,C,2014_08_PA0020700_NIBRS,
6643595,15678,9,2014,U,,,N,F,,C,2014_09_PA0020700_NIBRS,
6666045,15678,10,2014,U,,,N,F,,C,2014_10_PA0020700_NIBRS,
6688495,15678,11,2014,U,,,N,F,,C,2014_11_PA0020700_NIBRS,
6710945,15678,12,2014,U,,,N,F,,C,2014_12_PA0020700_NIBRS,
6463996,15679,1,2014,U,,,N,F,,C,2014_01_PA0020800_NIBRS,
6486446,15679,2,2014,U,,,N,F,,C,2014_02_PA0020800_NIBRS,
6508896,15679,3,2014,U,,,N,F,,C,2014_03_PA0020800_NIBRS,
6531346,15679,4,2014,U,,,N,F,,C,2014_04_PA0020800_NIBRS,
6553796,15679,5,2014,U,,,N,F,,C,2014_05_PA0020800_NIBRS,
6576246,15679,6,2014,U,,,N,F,,C,2014_06_PA0020800_NIBRS,
6598696,15679,7,2014,U,,,N,F,,C,2014_07_PA0020800_NIBRS,
6621146,15679,8,2014,U,,,N,F,,C,2014_08_PA0020800_NIBRS,
6643596,15679,9,2014,U,,,N,F,,C,2014_09_PA0020800_NIBRS,
6666046,15679,10,2014,U,,,N,F,,C,2014_10_PA0020800_NIBRS,
6688496,15679,11,2014,U,,,N,F,,C,2014_11_PA0020800_NIBRS,
6710946,15679,12,2014,U,,,N,F,,C,2014_12_PA0020800_NIBRS,
6463997,15680,1,2014,U,,,N,F,,C,2014_01_PA0020900_NIBRS,
6486447,15680,2,2014,U,,,N,F,,C,2014_02_PA0020900_NIBRS,
6508897,15680,3,2014,U,,,N,F,,C,2014_03_PA0020900_NIBRS,
6531347,15680,4,2014,U,,,N,F,,C,2014_04_PA0020900_NIBRS,
6553797,15680,5,2014,U,,,N,F,,C,2014_05_PA0020900_NIBRS,
6576247,15680,6,2014,U,,,N,F,,C,2014_06_PA0020900_NIBRS,
6598697,15680,7,2014,U,,,N,F,,C,2014_07_PA0020900_NIBRS,
6621147,15680,8,2014,U,,,N,F,,C,2014_08_PA0020900_NIBRS,
6643597,15680,9,2014,U,,,N,F,,C,2014_09_PA0020900_NIBRS,
6666047,15680,10,2014,U,,,N,F,,C,2014_10_PA0020900_NIBRS,
6688497,15680,11,2014,U,,,N,F,,C,2014_11_PA0020900_NIBRS,
6710947,15680,12,2014,U,,,N,F,,C,2014_12_PA0020900_NIBRS,
6463998,15681,1,2014,U,,,N,F,,C,2014_01_PA0020A00_NIBRS,
6486448,15681,2,2014,U,,,N,F,,C,2014_02_PA0020A00_NIBRS,
6508898,15681,3,2014,U,,,N,F,,C,2014_03_PA0020A00_NIBRS,
6531348,15681,4,2014,U,,,N,F,,C,2014_04_PA0020A00_NIBRS,
6553798,15681,5,2014,U,,,N,F,,C,2014_05_PA0020A00_NIBRS,
6576248,15681,6,2014,U,,,N,F,,C,2014_06_PA0020A00_NIBRS,
6598698,15681,7,2014,U,,,N,F,,C,2014_07_PA0020A00_NIBRS,
6621148,15681,8,2014,U,,,N,F,,C,2014_08_PA0020A00_NIBRS,
6643598,15681,9,2014,U,,,N,F,,C,2014_09_PA0020A00_NIBRS,
6666048,15681,10,2014,U,,,N,F,,C,2014_10_PA0020A00_NIBRS,
6688498,15681,11,2014,U,,,N,F,,C,2014_11_PA0020A00_NIBRS,
6710948,15681,12,2014,U,,,N,F,,C,2014_12_PA0020A00_NIBRS,
6463999,15682,1,2014,U,,,N,F,,C,2014_01_PA0020B00_NIBRS,
6486449,15682,2,2014,U,,,N,F,,C,2014_02_PA0020B00_NIBRS,
6508899,15682,3,2014,U,,,N,F,,C,2014_03_PA0020B00_NIBRS,
6531349,15682,4,2014,U,,,N,F,,C,2014_04_PA0020B00_NIBRS,
6553799,15682,5,2014,U,,,N,F,,C,2014_05_PA0020B00_NIBRS,
6576249,15682,6,2014,U,,,N,F,,C,2014_06_PA0020B00_NIBRS,
6598699,15682,7,2014,U,,,N,F,,C,2014_07_PA0020B00_NIBRS,
6621149,15682,8,2014,U,,,N,F,,C,2014_08_PA0020B00_NIBRS,
6643599,15682,9,2014,U,,,N,F,,C,2014_09_PA0020B00_NIBRS,
6666049,15682,10,2014,U,,,N,F,,C,2014_10_PA0020B00_NIBRS,
6688499,15682,11,2014,U,,,N,F,,C,2014_11_PA0020B00_NIBRS,
6710949,15682,12,2014,U,,,N,F,,C,2014_12_PA0020B00_NIBRS,
6464000,15683,1,2014,U,,,N,F,,C,2014_01_PA0020C00_NIBRS,
6486450,15683,2,2014,U,,,N,F,,C,2014_02_PA0020C00_NIBRS,
6508900,15683,3,2014,U,,,N,F,,C,2014_03_PA0020C00_NIBRS,
6531350,15683,4,2014,U,,,N,F,,C,2014_04_PA0020C00_NIBRS,
6553800,15683,5,2014,U,,,N,F,,C,2014_05_PA0020C00_NIBRS,
6576250,15683,6,2014,U,,,N,F,,C,2014_06_PA0020C00_NIBRS,
6598700,15683,7,2014,U,,,N,F,,C,2014_07_PA0020C00_NIBRS,
6621150,15683,8,2014,U,,,N,F,,C,2014_08_PA0020C00_NIBRS,
6643600,15683,9,2014,U,,,N,F,,C,2014_09_PA0020C00_NIBRS,
6666050,15683,10,2014,U,,,N,F,,C,2014_10_PA0020C00_NIBRS,
6688500,15683,11,2014,U,,,N,F,,C,2014_11_PA0020C00_NIBRS,
6710950,15683,12,2014,U,,,N,F,,C,2014_12_PA0020C00_NIBRS,
6464001,15684,1,2014,U,,,N,F,,C,2014_01_PA0020D00_NIBRS,
6486451,15684,2,2014,U,,,N,F,,C,2014_02_PA0020D00_NIBRS,
6508901,15684,3,2014,U,,,N,F,,C,2014_03_PA0020D00_NIBRS,
6531351,15684,4,2014,U,,,N,F,,C,2014_04_PA0020D00_NIBRS,
6553801,15684,5,2014,U,,,N,F,,C,2014_05_PA0020D00_NIBRS,
6576251,15684,6,2014,U,,,N,F,,C,2014_06_PA0020D00_NIBRS,
6598701,15684,7,2014,U,,,N,F,,C,2014_07_PA0020D00_NIBRS,
6621151,15684,8,2014,U,,,N,F,,C,2014_08_PA0020D00_NIBRS,
6643601,15684,9,2014,U,,,N,F,,C,2014_09_PA0020D00_NIBRS,
6666051,15684,10,2014,U,,,N,F,,C,2014_10_PA0020D00_NIBRS,
6688501,15684,11,2014,U,,,N,F,,C,2014_11_PA0020D00_NIBRS,
6710951,15684,12,2014,U,,,N,F,,C,2014_12_PA0020D00_NIBRS,
6464002,15685,1,2014,U,,,N,F,,C,2014_01_PA0020E00_NIBRS,
6486452,15685,2,2014,U,,,N,F,,C,2014_02_PA0020E00_NIBRS,
6508902,15685,3,2014,U,,,N,F,,C,2014_03_PA0020E00_NIBRS,
6531352,15685,4,2014,U,,,N,F,,C,2014_04_PA0020E00_NIBRS,
6553802,15685,5,2014,U,,,N,F,,C,2014_05_PA0020E00_NIBRS,
6576252,15685,6,2014,U,,,N,F,,C,2014_06_PA0020E00_NIBRS,
6598702,15685,7,2014,U,,,N,F,,C,2014_07_PA0020E00_NIBRS,
6621152,15685,8,2014,U,,,N,F,,C,2014_08_PA0020E00_NIBRS,
6643602,15685,9,2014,U,,,N,F,,C,2014_09_PA0020E00_NIBRS,
6666052,15685,10,2014,U,,,N,F,,C,2014_10_PA0020E00_NIBRS,
6688502,15685,11,2014,U,,,N,F,,C,2014_11_PA0020E00_NIBRS,
6710952,15685,12,2014,U,,,N,F,,C,2014_12_PA0020E00_NIBRS,
6464003,15686,1,2014,U,,,N,F,,C,2014_01_PA0020F00_NIBRS,
6486453,15686,2,2014,U,,,N,F,,C,2014_02_PA0020F00_NIBRS,
6508903,15686,3,2014,U,,,N,F,,C,2014_03_PA0020F00_NIBRS,
6531353,15686,4,2014,U,,,N,F,,C,2014_04_PA0020F00_NIBRS,
6553803,15686,5,2014,U,,,N,F,,C,2014_05_PA0020F00_NIBRS,
6576253,15686,6,2014,U,,,N,F,,C,2014_06_PA0020F00_NIBRS,
6598703,15686,7,2014,U,,,N,F,,C,2014_07_PA0020F00_NIBRS,
6621153,15686,8,2014,U,,,N,F,,C,2014_08_PA0020F00_NIBRS,
6643603,15686,9,2014,U,,,N,F,,C,2014_09_PA0020F00_NIBRS,
6666053,15686,10,2014,U,,,N,F,,C,2014_10_PA0020F00_NIBRS,
6688503,15686,11,2014,U,,,N,F,,C,2014_11_PA0020F00_NIBRS,
6710953,15686,12,2014,U,,,N,F,,C,2014_12_PA0020F00_NIBRS,
6464004,15687,1,2014,U,,,N,F,,C,2014_01_PA0020G00_NIBRS,
6486454,15687,2,2014,U,,,N,F,,C,2014_02_PA0020G00_NIBRS,
6508904,15687,3,2014,U,,,N,F,,C,2014_03_PA0020G00_NIBRS,
6531354,15687,4,2014,U,,,N,F,,C,2014_04_PA0020G00_NIBRS,
6553804,15687,5,2014,U,,,N,F,,C,2014_05_PA0020G00_NIBRS,
6576254,15687,6,2014,U,,,N,F,,C,2014_06_PA0020G00_NIBRS,
6598704,15687,7,2014,U,,,N,F,,C,2014_07_PA0020G00_NIBRS,
6621154,15687,8,2014,U,,,N,F,,C,2014_08_PA0020G00_NIBRS,
6643604,15687,9,2014,U,,,N,F,,C,2014_09_PA0020G00_NIBRS,
6666054,15687,10,2014,U,,,N,F,,C,2014_10_PA0020G00_NIBRS,
6688504,15687,11,2014,U,,,N,F,,C,2014_11_PA0020G00_NIBRS,
6710954,15687,12,2014,U,,,N,F,,C,2014_12_PA0020G00_NIBRS,
6464005,15688,1,2014,U,,,N,F,,C,2014_01_PA0020I00_NIBRS,
6486455,15688,2,2014,U,,,N,F,,C,2014_02_PA0020I00_NIBRS,
6508905,15688,3,2014,U,,,N,F,,C,2014_03_PA0020I00_NIBRS,
6531355,15688,4,2014,U,,,N,F,,C,2014_04_PA0020I00_NIBRS,
6553805,15688,5,2014,U,,,N,F,,C,2014_05_PA0020I00_NIBRS,
6576255,15688,6,2014,U,,,N,F,,C,2014_06_PA0020I00_NIBRS,
6598705,15688,7,2014,U,,,N,F,,C,2014_07_PA0020I00_NIBRS,
6621155,15688,8,2014,U,,,N,F,,C,2014_08_PA0020I00_NIBRS,
6643605,15688,9,2014,U,,,N,F,,C,2014_09_PA0020I00_NIBRS,
6666055,15688,10,2014,U,,,N,F,,C,2014_10_PA0020I00_NIBRS,
6688505,15688,11,2014,U,,,N,F,,C,2014_11_PA0020I00_NIBRS,
6710955,15688,12,2014,U,,,N,F,,C,2014_12_PA0020I00_NIBRS,
6465408,17091,1,2014,U,,,N,F,,C,2014_01_PA058SP00_NIBRS,
6487858,17091,2,2014,U,,,N,F,,C,2014_02_PA058SP00_NIBRS,
6510308,17091,3,2014,U,,,N,F,,C,2014_03_PA058SP00_NIBRS,
6532758,17091,4,2014,U,,,N,F,,C,2014_04_PA058SP00_NIBRS,
6555208,17091,5,2014,U,,,N,F,,C,2014_05_PA058SP00_NIBRS,
6577658,17091,6,2014,U,,,N,F,,C,2014_06_PA058SP00_NIBRS,
6600108,17091,7,2014,U,,,N,F,,C,2014_07_PA058SP00_NIBRS,
6622558,17091,8,2014,U,,,N,F,,C,2014_08_PA058SP00_NIBRS,
6645008,17091,9,2014,U,,,N,F,,C,2014_09_PA058SP00_NIBRS,
6667458,17091,10,2014,U,,,N,F,,C,2014_10_PA058SP00_NIBRS,
6689908,17091,11,2014,U,,,N,F,,C,2014_11_PA058SP00_NIBRS,
6712358,17091,12,2014,U,,,N,F,,C,2014_12_PA058SP00_NIBRS,
6465409,17092,1,2014,U,,,N,F,,C,2014_01_PA0590000_NIBRS,
6487859,17092,2,2014,U,,,N,F,,C,2014_02_PA0590000_NIBRS,
6510309,17092,3,2014,U,,,N,F,,C,2014_03_PA0590000_NIBRS,
6532759,17092,4,2014,U,,,N,F,,C,2014_04_PA0590000_NIBRS,
6555209,17092,5,2014,U,,,N,F,,C,2014_05_PA0590000_NIBRS,
6577659,17092,6,2014,U,,,N,F,,C,2014_06_PA0590000_NIBRS,
6600109,17092,7,2014,U,,,N,F,,C,2014_07_PA0590000_NIBRS,
6622559,17092,8,2014,U,,,N,F,,C,2014_08_PA0590000_NIBRS,
6645009,17092,9,2014,U,,,N,F,,C,2014_09_PA0590000_NIBRS,
6667459,17092,10,2014,U,,,N,F,,C,2014_10_PA0590000_NIBRS,
6689909,17092,11,2014,U,,,N,F,,C,2014_11_PA0590000_NIBRS,
6712359,17092,12,2014,U,,,N,F,,C,2014_12_PA0590000_NIBRS,
6465410,17093,1,2014,U,,,N,F,,C,2014_01_PA0590100_NIBRS,
6487860,17093,2,2014,U,,,N,F,,C,2014_02_PA0590100_NIBRS,
6510310,17093,3,2014,U,,,N,F,,C,2014_03_PA0590100_NIBRS,
6532760,17093,4,2014,U,,,N,F,,C,2014_04_PA0590100_NIBRS,
6555210,17093,5,2014,U,,,N,F,,C,2014_05_PA0590100_NIBRS,
6577660,17093,6,2014,U,,,N,F,,C,2014_06_PA0590100_NIBRS,
6600110,17093,7,2014,U,,,N,F,,C,2014_07_PA0590100_NIBRS,
6622560,17093,8,2014,U,,,N,F,,C,2014_08_PA0590100_NIBRS,
6645010,17093,9,2014,U,,,N,F,,C,2014_09_PA0590100_NIBRS,
6667460,17093,10,2014,U,,,N,F,,C,2014_10_PA0590100_NIBRS,
6689910,17093,11,2014,U,,,N,F,,C,2014_11_PA0590100_NIBRS,
6712360,17093,12,2014,U,,,N,F,,C,2014_12_PA0590100_NIBRS,
6465411,17094,1,2014,U,,,N,F,,C,2014_01_PA0590200_NIBRS,
6487861,17094,2,2014,U,,,N,F,,C,2014_02_PA0590200_NIBRS,
6510311,17094,3,2014,U,,,N,F,,C,2014_03_PA0590200_NIBRS,
6532761,17094,4,2014,U,,,N,F,,C,2014_04_PA0590200_NIBRS,
6555211,17094,5,2014,U,,,N,F,,C,2014_05_PA0590200_NIBRS,
6577661,17094,6,2014,U,,,N,F,,C,2014_06_PA0590200_NIBRS,
6600111,17094,7,2014,U,,,N,F,,C,2014_07_PA0590200_NIBRS,
6622561,17094,8,2014,U,,,N,F,,C,2014_08_PA0590200_NIBRS,
6645011,17094,9,2014,U,,,N,F,,C,2014_09_PA0590200_NIBRS,
6667461,17094,10,2014,U,,,N,F,,C,2014_10_PA0590200_NIBRS,
6689911,17094,11,2014,U,,,N,F,,C,2014_11_PA0590200_NIBRS,
6712361,17094,12,2014,U,,,N,F,,C,2014_12_PA0590200_NIBRS,
6465412,17095,1,2014,U,,,N,F,,C,2014_01_PA0590300_NIBRS,
6487862,17095,2,2014,U,,,N,F,,C,2014_02_PA0590300_NIBRS,
6510312,17095,3,2014,U,,,N,F,,C,2014_03_PA0590300_NIBRS,
6532762,17095,4,2014,U,,,N,F,,C,2014_04_PA0590300_NIBRS,
6555212,17095,5,2014,U,,,N,F,,C,2014_05_PA0590300_NIBRS,
6577662,17095,6,2014,U,,,N,F,,C,2014_06_PA0590300_NIBRS,
6600112,17095,7,2014,U,,,N,F,,C,2014_07_PA0590300_NIBRS,
6622562,17095,8,2014,U,,,N,F,,C,2014_08_PA0590300_NIBRS,
6645012,17095,9,2014,U,,,N,F,,C,2014_09_PA0590300_NIBRS,
6667462,17095,10,2014,U,,,N,F,,C,2014_10_PA0590300_NIBRS,
6689912,17095,11,2014,U,,,N,F,,C,2014_11_PA0590300_NIBRS,
6712362,17095,12,2014,U,,,N,F,,C,2014_12_PA0590300_NIBRS,
6465413,17096,1,2014,U,,,N,F,,C,2014_01_PA0590400_NIBRS,
6487863,17096,2,2014,U,,,N,F,,C,2014_02_PA0590400_NIBRS,
6510313,17096,3,2014,U,,,N,F,,C,2014_03_PA0590400_NIBRS,
6532763,17096,4,2014,U,,,N,F,,C,2014_04_PA0590400_NIBRS,
6555213,17096,5,2014,U,,,N,F,,C,2014_05_PA0590400_NIBRS,
6577663,17096,6,2014,U,,,N,F,,C,2014_06_PA0590400_NIBRS,
6600113,17096,7,2014,U,,,N,F,,C,2014_07_PA0590400_NIBRS,
6622563,17096,8,2014,U,,,N,F,,C,2014_08_PA0590400_NIBRS,
6645013,17096,9,2014,U,,,N,F,,C,2014_09_PA0590400_NIBRS,
6667463,17096,10,2014,U,,,N,F,,C,2014_10_PA0590400_NIBRS,
6689913,17096,11,2014,U,,,N,F,,C,2014_11_PA0590400_NIBRS,
6712363,17096,12,2014,U,,,N,F,,C,2014_12_PA0590400_NIBRS,
6465414,17097,1,2014,U,,,N,F,,C,2014_01_PA0590600_NIBRS,
6487864,17097,2,2014,U,,,N,F,,C,2014_02_PA0590600_NIBRS,
6510314,17097,3,2014,U,,,N,F,,C,2014_03_PA0590600_NIBRS,
6532764,17097,4,2014,U,,,N,F,,C,2014_04_PA0590600_NIBRS,
6555214,17097,5,2014,U,,,N,F,,C,2014_05_PA0590600_NIBRS,
6577664,17097,6,2014,U,,,N,F,,C,2014_06_PA0590600_NIBRS,
6600114,17097,7,2014,U,,,N,F,,C,2014_07_PA0590600_NIBRS,
6622564,17097,8,2014,U,,,N,F,,C,2014_08_PA0590600_NIBRS,
6645014,17097,9,2014,U,,,N,F,,C,2014_09_PA0590600_NIBRS,
6667464,17097,10,2014,U,,,N,F,,C,2014_10_PA0590600_NIBRS,
6689914,17097,11,2014,U,,,N,F,,C,2014_11_PA0590600_NIBRS,
6712364,17097,12,2014,U,,,N,F,,C,2014_12_PA0590600_NIBRS,
6465415,17098,1,2014,U,,,N,F,,C,2014_01_PA0590700_NIBRS,
6487865,17098,2,2014,U,,,N,F,,C,2014_02_PA0590700_NIBRS,
6510315,17098,3,2014,U,,,N,F,,C,2014_03_PA0590700_NIBRS,
6532765,17098,4,2014,U,,,N,F,,C,2014_04_PA0590700_NIBRS,
6555215,17098,5,2014,U,,,N,F,,C,2014_05_PA0590700_NIBRS,
6577665,17098,6,2014,U,,,N,F,,C,2014_06_PA0590700_NIBRS,
6600115,17098,7,2014,U,,,N,F,,C,2014_07_PA0590700_NIBRS,
6622565,17098,8,2014,U,,,N,F,,C,2014_08_PA0590700_NIBRS,
6645015,17098,9,2014,U,,,N,F,,C,2014_09_PA0590700_NIBRS,
6667465,17098,10,2014,U,,,N,F,,C,2014_10_PA0590700_NIBRS,
6689915,17098,11,2014,U,,,N,F,,C,2014_11_PA0590700_NIBRS,
6712365,17098,12,2014,U,,,N,F,,C,2014_12_PA0590700_NIBRS,
6465416,17099,1,2014,U,,,N,F,,C,2014_01_PA0590900_NIBRS,
6487866,17099,2,2014,U,,,N,F,,C,2014_02_PA0590900_NIBRS,
6510316,17099,3,2014,U,,,N,F,,C,2014_03_PA0590900_NIBRS,
6532766,17099,4,2014,U,,,N,F,,C,2014_04_PA0590900_NIBRS,
6555216,17099,5,2014,U,,,N,F,,C,2014_05_PA0590900_NIBRS,
6577666,17099,6,2014,U,,,N,F,,C,2014_06_PA0590900_NIBRS,
6600116,17099,7,2014,U,,,N,F,,C,2014_07_PA0590900_NIBRS,
6622566,17099,8,2014,U,,,N,F,,C,2014_08_PA0590900_NIBRS,
6645016,17099,9,2014,U,,,N,F,,C,2014_09_PA0590900_NIBRS,
6667466,17099,10,2014,U,,,N,F,,C,2014_10_PA0590900_NIBRS,
6689916,17099,11,2014,U,,,N,F,,C,2014_11_PA0590900_NIBRS,
6712366,17099,12,2014,U,,,N,F,,C,2014_12_PA0590900_NIBRS,
6470307,23102,1,2014,U,,,N,F,,C,2014_01_PA0591100_NIBRS,
6492757,23102,2,2014,U,,,N,F,,C,2014_02_PA0591100_NIBRS,
6515207,23102,3,2014,U,,,N,F,,C,2014_03_PA0591100_NIBRS,
6537657,23102,4,2014,U,,,N,F,,C,2014_04_PA0591100_NIBRS,
6560107,23102,5,2014,U,,,N,F,,C,2014_05_PA0591100_NIBRS,
6582557,23102,6,2014,U,,,N,F,,C,2014_06_PA0591100_NIBRS,
6605007,23102,7,2014,U,,,N,F,,C,2014_07_PA0591100_NIBRS,
6627457,23102,8,2014,U,,,N,F,,C,2014_08_PA0591100_NIBRS,
6649907,23102,9,2014,U,,,N,F,,C,2014_09_PA0591100_NIBRS,
6672357,23102,10,2014,U,,,N,F,,C,2014_10_PA0591100_NIBRS,
6694807,23102,11,2014,U,,,N,F,,C,2014_11_PA0591100_NIBRS,
6717257,23102,12,2014,U,,,N,F,,C,2014_12_PA0591100_NIBRS,
6465417,17100,1,2014,U,,,N,F,,C,2014_01_PA0591200_NIBRS,
6487867,17100,2,2014,U,,,N,F,,C,2014_02_PA0591200_NIBRS,
6510317,17100,3,2014,U,,,N,F,,C,2014_03_PA0591200_NIBRS,
6532767,17100,4,2014,U,,,N,F,,C,2014_04_PA0591200_NIBRS,
6555217,17100,5,2014,U,,,N,F,,C,2014_05_PA0591200_NIBRS,
6577667,17100,6,2014,U,,,N,F,,C,2014_06_PA0591200_NIBRS,
6600117,17100,7,2014,U,,,N,F,,C,2014_07_PA0591200_NIBRS,
6622567,17100,8,2014,U,,,N,F,,C,2014_08_PA0591200_NIBRS,
6645017,17100,9,2014,U,,,N,F,,C,2014_09_PA0591200_NIBRS,
6667467,17100,10,2014,U,,,N,F,,C,2014_10_PA0591200_NIBRS,
6689917,17100,11,2014,U,,,N,F,,C,2014_11_PA0591200_NIBRS,
6712367,17100,12,2014,U,,,N,F,,C,2014_12_PA0591200_NIBRS,
6465418,17101,1,2014,U,,,N,F,,C,2014_01_PA0591400_NIBRS,
6487868,17101,2,2014,U,,,N,F,,C,2014_02_PA0591400_NIBRS,
6510318,17101,3,2014,U,,,N,F,,C,2014_03_PA0591400_NIBRS,
6532768,17101,4,2014,U,,,N,F,,C,2014_04_PA0591400_NIBRS,
6555218,17101,5,2014,U,,,N,F,,C,2014_05_PA0591400_NIBRS,
6577668,17101,6,2014,U,,,N,F,,C,2014_06_PA0591400_NIBRS,
6600118,17101,7,2014,U,,,N,F,,C,2014_07_PA0591400_NIBRS,
6622568,17101,8,2014,U,,,N,F,,C,2014_08_PA0591400_NIBRS,
6645018,17101,9,2014,U,,,N,F,,C,2014_09_PA0591400_NIBRS,
6667468,17101,10,2014,U,,,N,F,,C,2014_10_PA0591400_NIBRS,
6689918,17101,11,2014,U,,,N,F,,C,2014_11_PA0591400_NIBRS,
6712368,17101,12,2014,U,,,N,F,,C,2014_12_PA0591400_NIBRS,
6465419,17102,1,2014,U,,,N,F,,C,2014_01_PA0591700_NIBRS,
6487869,17102,2,2014,U,,,N,F,,C,2014_02_PA0591700_NIBRS,
6510319,17102,3,2014,U,,,N,F,,C,2014_03_PA0591700_NIBRS,
6532769,17102,4,2014,U,,,N,F,,C,2014_04_PA0591700_NIBRS,
6555219,17102,5,2014,U,,,N,F,,C,2014_05_PA0591700_NIBRS,
6577669,17102,6,2014,U,,,N,F,,C,2014_06_PA0591700_NIBRS,
6600119,17102,7,2014,U,,,N,F,,C,2014_07_PA0591700_NIBRS,
6622569,17102,8,2014,U,,,N,F,,C,2014_08_PA0591700_NIBRS,
6645019,17102,9,2014,U,,,N,F,,C,2014_09_PA0591700_NIBRS,
6667469,17102,10,2014,U,,,N,F,,C,2014_10_PA0591700_NIBRS,
6689919,17102,11,2014,U,,,N,F,,C,2014_11_PA0591700_NIBRS,
6712369,17102,12,2014,U,,,N,F,,C,2014_12_PA0591700_NIBRS,
6465420,17103,1,2014,U,,,N,F,,C,2014_01_PA0591800_NIBRS,
6487870,17103,2,2014,U,,,N,F,,C,2014_02_PA0591800_NIBRS,
6510320,17103,3,2014,U,,,N,F,,C,2014_03_PA0591800_NIBRS,
6532770,17103,4,2014,U,,,N,F,,C,2014_04_PA0591800_NIBRS,
6555220,17103,5,2014,U,,,N,F,,C,2014_05_PA0591800_NIBRS,
6577670,17103,6,2014,U,,,N,F,,C,2014_06_PA0591800_NIBRS,
6600120,17103,7,2014,U,,,N,F,,C,2014_07_PA0591800_NIBRS,
6622570,17103,8,2014,U,,,N,F,,C,2014_08_PA0591800_NIBRS,
6645020,17103,9,2014,U,,,N,F,,C,2014_09_PA0591800_NIBRS,
6667470,17103,10,2014,U,,,N,F,,C,2014_10_PA0591800_NIBRS,
6689920,17103,11,2014,U,,,N,F,,C,2014_11_PA0591800_NIBRS,
6712370,17103,12,2014,U,,,N,F,,C,2014_12_PA0591800_NIBRS,
6465421,17104,1,2014,U,,,N,F,,C,2014_01_PA0591900_NIBRS,
6487871,17104,2,2014,U,,,N,F,,C,2014_02_PA0591900_NIBRS,
6510321,17104,3,2014,U,,,N,F,,C,2014_03_PA0591900_NIBRS,
6532771,17104,4,2014,U,,,N,F,,C,2014_04_PA0591900_NIBRS,
6555221,17104,5,2014,U,,,N,F,,C,2014_05_PA0591900_NIBRS,
6577671,17104,6,2014,U,,,N,F,,C,2014_06_PA0591900_NIBRS,
6600121,17104,7,2014,U,,,N,F,,C,2014_07_PA0591900_NIBRS,
6622571,17104,8,2014,U,,,N,F,,C,2014_08_PA0591900_NIBRS,
6645021,17104,9,2014,U,,,N,F,,C,2014_09_PA0591900_NIBRS,
6667471,17104,10,2014,U,,,N,F,,C,2014_10_PA0591900_NIBRS,
6689921,17104,11,2014,U,,,N,F,,C,2014_11_PA0591900_NIBRS,
6712371,17104,12,2014,U,,,N,F,,C,2014_12_PA0591900_NIBRS,
6465422,17105,1,2014,U,,,N,F,,C,2014_01_PA059BF00_NIBRS,
6487872,17105,2,2014,U,,,N,F,,C,2014_02_PA059BF00_NIBRS,
6510322,17105,3,2014,U,,,N,F,,C,2014_03_PA059BF00_NIBRS,
6532772,17105,4,2014,U,,,N,F,,C,2014_04_PA059BF00_NIBRS,
6555222,17105,5,2014,U,,,N,F,,C,2014_05_PA059BF00_NIBRS,
6577672,17105,6,2014,U,,,N,F,,C,2014_06_PA059BF00_NIBRS,
6600122,17105,7,2014,U,,,N,F,,C,2014_07_PA059BF00_NIBRS,
6622572,17105,8,2014,U,,,N,F,,C,2014_08_PA059BF00_NIBRS,
6645022,17105,9,2014,U,,,N,F,,C,2014_09_PA059BF00_NIBRS,
6667472,17105,10,2014,U,,,N,F,,C,2014_10_PA059BF00_NIBRS,
6689922,17105,11,2014,U,,,N,F,,C,2014_11_PA059BF00_NIBRS,
6712372,17105,12,2014,U,,,N,F,,C,2014_12_PA059BF00_NIBRS,
6465423,17106,1,2014,U,,,N,F,,C,2014_01_PA059DE00_NIBRS,
6487873,17106,2,2014,U,,,N,F,,C,2014_02_PA059DE00_NIBRS,
6510323,17106,3,2014,U,,,N,F,,C,2014_03_PA059DE00_NIBRS,
6532773,17106,4,2014,U,,,N,F,,C,2014_04_PA059DE00_NIBRS,
6555223,17106,5,2014,U,,,N,F,,C,2014_05_PA059DE00_NIBRS,
6577673,17106,6,2014,U,,,N,F,,C,2014_06_PA059DE00_NIBRS,
6600123,17106,7,2014,U,,,N,F,,C,2014_07_PA059DE00_NIBRS,
6622573,17106,8,2014,U,,,N,F,,C,2014_08_PA059DE00_NIBRS,
6645023,17106,9,2014,U,,,N,F,,C,2014_09_PA059DE00_NIBRS,
6667473,17106,10,2014,U,,,N,F,,C,2014_10_PA059DE00_NIBRS,
6689923,17106,11,2014,U,,,N,F,,C,2014_11_PA059DE00_NIBRS,
6712373,17106,12,2014,U,,,N,F,,C,2014_12_PA059DE00_NIBRS,
6465424,17107,1,2014,U,,,N,F,,C,2014_01_PA059SP00_NIBRS,
6487874,17107,2,2014,U,,,N,F,,C,2014_02_PA059SP00_NIBRS,
6510324,17107,3,2014,U,,,N,F,,C,2014_03_PA059SP00_NIBRS,
6532774,17107,4,2014,U,,,N,F,,C,2014_04_PA059SP00_NIBRS,
6555224,17107,5,2014,U,,,N,F,,C,2014_05_PA059SP00_NIBRS,
6577674,17107,6,2014,U,,,N,F,,C,2014_06_PA059SP00_NIBRS,
6600124,17107,7,2014,U,,,N,F,,C,2014_07_PA059SP00_NIBRS,
6622574,17107,8,2014,U,,,N,F,,C,2014_08_PA059SP00_NIBRS,
6645024,17107,9,2014,U,,,N,F,,C,2014_09_PA059SP00_NIBRS,
6667474,17107,10,2014,U,,,N,F,,C,2014_10_PA059SP00_NIBRS,
6689924,17107,11,2014,U,,,N,F,,C,2014_11_PA059SP00_NIBRS,
6712374,17107,12,2014,U,,,N,F,,C,2014_12_PA059SP00_NIBRS,
6465425,17108,1,2014,U,,,N,F,,C,2014_01_PA05BCI0X_NIBRS,
6487875,17108,2,2014,U,,,N,F,,C,2014_02_PA05BCI0X_NIBRS,
6510325,17108,3,2014,U,,,N,F,,C,2014_03_PA05BCI0X_NIBRS,
6532775,17108,4,2014,U,,,N,F,,C,2014_04_PA05BCI0X_NIBRS,
6555225,17108,5,2014,U,,,N,F,,C,2014_05_PA05BCI0X_NIBRS,
6577675,17108,6,2014,U,,,N,F,,C,2014_06_PA05BCI0X_NIBRS,
6600125,17108,7,2014,U,,,N,F,,C,2014_07_PA05BCI0X_NIBRS,
6622575,17108,8,2014,U,,,N,F,,C,2014_08_PA05BCI0X_NIBRS,
6645025,17108,9,2014,U,,,N,F,,C,2014_09_PA05BCI0X_NIBRS,
6667475,17108,10,2014,U,,,N,F,,C,2014_10_PA05BCI0X_NIBRS,
6689925,17108,11,2014,U,,,N,F,,C,2014_11_PA05BCI0X_NIBRS,
6712375,17108,12,2014,U,,,N,F,,C,2014_12_PA05BCI0X_NIBRS,
6465426,17109,1,2014,U,,,N,F,,C,2014_01_PA0600000_NIBRS,
6487876,17109,2,2014,U,,,N,F,,C,2014_02_PA0600000_NIBRS,
6510326,17109,3,2014,U,,,N,F,,C,2014_03_PA0600000_NIBRS,
6532776,17109,4,2014,U,,,N,F,,C,2014_04_PA0600000_NIBRS,
6555226,17109,5,2014,U,,,N,F,,C,2014_05_PA0600000_NIBRS,
6577676,17109,6,2014,U,,,N,F,,C,2014_06_PA0600000_NIBRS,
6600126,17109,7,2014,U,,,N,F,,C,2014_07_PA0600000_NIBRS,
6622576,17109,8,2014,U,,,N,F,,C,2014_08_PA0600000_NIBRS,
6645026,17109,9,2014,U,,,N,F,,C,2014_09_PA0600000_NIBRS,
6667476,17109,10,2014,U,,,N,F,,C,2014_10_PA0600000_NIBRS,
6689926,17109,11,2014,U,,,N,F,,C,2014_11_PA0600000_NIBRS,
6712376,17109,12,2014,U,,,N,F,,C,2014_12_PA0600000_NIBRS,
6465427,17110,1,2014,U,,,N,F,,C,2014_01_PA0600100_NIBRS,
6487877,17110,2,2014,U,,,N,F,,C,2014_02_PA0600100_NIBRS,
6510327,17110,3,2014,U,,,N,F,,C,2014_03_PA0600100_NIBRS,
6532777,17110,4,2014,U,,,N,F,,C,2014_04_PA0600100_NIBRS,
6555227,17110,5,2014,U,,,N,F,,C,2014_05_PA0600100_NIBRS,
6577677,17110,6,2014,U,,,N,F,,C,2014_06_PA0600100_NIBRS,
6600127,17110,7,2014,U,,,N,F,,C,2014_07_PA0600100_NIBRS,
6622577,17110,8,2014,U,,,N,F,,C,2014_08_PA0600100_NIBRS,
6645027,17110,9,2014,U,,,N,F,,C,2014_09_PA0600100_NIBRS,
6667477,17110,10,2014,U,,,N,F,,C,2014_10_PA0600100_NIBRS,
6689927,17110,11,2014,U,,,N,F,,C,2014_11_PA0600100_NIBRS,
6712377,17110,12,2014,U,,,N,F,,C,2014_12_PA0600100_NIBRS,
6464342,16025,1,2014,U,,,N,F,,C,2014_01_PA0095900_NIBRS,
6486792,16025,2,2014,U,,,N,F,,C,2014_02_PA0095900_NIBRS,
6509242,16025,3,2014,U,,,N,F,,C,2014_03_PA0095900_NIBRS,
6531692,16025,4,2014,U,,,N,F,,C,2014_04_PA0095900_NIBRS,
6554142,16025,5,2014,U,,,N,F,,C,2014_05_PA0095900_NIBRS,
6576592,16025,6,2014,U,,,N,F,,C,2014_06_PA0095900_NIBRS,
6599042,16025,7,2014,U,,,N,F,,C,2014_07_PA0095900_NIBRS,
6621492,16025,8,2014,U,,,N,F,,C,2014_08_PA0095900_NIBRS,
6643942,16025,9,2014,U,,,N,F,,C,2014_09_PA0095900_NIBRS,
6666392,16025,10,2014,U,,,N,F,,C,2014_10_PA0095900_NIBRS,
6688842,16025,11,2014,U,,,N,F,,C,2014_11_PA0095900_NIBRS,
6711292,16025,12,2014,U,,,N,F,,C,2014_12_PA0095900_NIBRS,
6464343,16026,1,2014,U,,,N,F,,C,2014_01_PA0096000_NIBRS,
6486793,16026,2,2014,U,,,N,F,,C,2014_02_PA0096000_NIBRS,
6509243,16026,3,2014,U,,,N,F,,C,2014_03_PA0096000_NIBRS,
6531693,16026,4,2014,U,,,N,F,,C,2014_04_PA0096000_NIBRS,
6554143,16026,5,2014,U,,,N,F,,C,2014_05_PA0096000_NIBRS,
6576593,16026,6,2014,U,,,N,F,,C,2014_06_PA0096000_NIBRS,
6599043,16026,7,2014,U,,,N,F,,C,2014_07_PA0096000_NIBRS,
6621493,16026,8,2014,U,,,N,F,,C,2014_08_PA0096000_NIBRS,
6643943,16026,9,2014,U,,,N,F,,C,2014_09_PA0096000_NIBRS,
6666393,16026,10,2014,U,,,N,F,,C,2014_10_PA0096000_NIBRS,
6688843,16026,11,2014,U,,,N,F,,C,2014_11_PA0096000_NIBRS,
6711293,16026,12,2014,U,,,N,F,,C,2014_12_PA0096000_NIBRS,
6464344,16027,1,2014,U,,,N,F,,C,2014_01_PA0096100_NIBRS,
6486794,16027,2,2014,U,,,N,F,,C,2014_02_PA0096100_NIBRS,
6509244,16027,3,2014,U,,,N,F,,C,2014_03_PA0096100_NIBRS,
6531694,16027,4,2014,U,,,N,F,,C,2014_04_PA0096100_NIBRS,
6554144,16027,5,2014,U,,,N,F,,C,2014_05_PA0096100_NIBRS,
6576594,16027,6,2014,U,,,N,F,,C,2014_06_PA0096100_NIBRS,
6599044,16027,7,2014,U,,,N,F,,C,2014_07_PA0096100_NIBRS,
6621494,16027,8,2014,U,,,N,F,,C,2014_08_PA0096100_NIBRS,
6643944,16027,9,2014,U,,,N,F,,C,2014_09_PA0096100_NIBRS,
6666394,16027,10,2014,U,,,N,F,,C,2014_10_PA0096100_NIBRS,
6688844,16027,11,2014,U,,,N,F,,C,2014_11_PA0096100_NIBRS,
6711294,16027,12,2014,U,,,N,F,,C,2014_12_PA0096100_NIBRS,
6464260,15943,1,2014,U,,,N,F,,C,2014_01_PA006SP00_NIBRS,
6486710,15943,2,2014,U,,,N,F,,C,2014_02_PA006SP00_NIBRS,
6509160,15943,3,2014,U,,,N,F,,C,2014_03_PA006SP00_NIBRS,
6531610,15943,4,2014,U,,,N,F,,C,2014_04_PA006SP00_NIBRS,
6554060,15943,5,2014,U,,,N,F,,C,2014_05_PA006SP00_NIBRS,
6576510,15943,6,2014,U,,,N,F,,C,2014_06_PA006SP00_NIBRS,
6598960,15943,7,2014,U,,,N,F,,C,2014_07_PA006SP00_NIBRS,
6621410,15943,8,2014,U,,,N,F,,C,2014_08_PA006SP00_NIBRS,
6643860,15943,9,2014,U,,,N,F,,C,2014_09_PA006SP00_NIBRS,
6666310,15943,10,2014,U,,,N,F,,C,2014_10_PA006SP00_NIBRS,
6688760,15943,11,2014,U,,,N,F,,C,2014_11_PA006SP00_NIBRS,
6711210,15943,12,2014,U,,,N,F,,C,2014_12_PA006SP00_NIBRS,
6464261,15944,1,2014,U,,,N,F,,C,2014_01_PA0070000_NIBRS,
6486711,15944,2,2014,U,,,N,F,,C,2014_02_PA0070000_NIBRS,
6509161,15944,3,2014,U,,,N,F,,C,2014_03_PA0070000_NIBRS,
6531611,15944,4,2014,U,,,N,F,,C,2014_04_PA0070000_NIBRS,
6554061,15944,5,2014,U,,,N,F,,C,2014_05_PA0070000_NIBRS,
6576511,15944,6,2014,U,,,N,F,,C,2014_06_PA0070000_NIBRS,
6598961,15944,7,2014,U,,,N,F,,C,2014_07_PA0070000_NIBRS,
6621411,15944,8,2014,U,,,N,F,,C,2014_08_PA0070000_NIBRS,
6643861,15944,9,2014,U,,,N,F,,C,2014_09_PA0070000_NIBRS,
6666311,15944,10,2014,U,,,N,F,,C,2014_10_PA0070000_NIBRS,
6688761,15944,11,2014,U,,,N,F,,C,2014_11_PA0070000_NIBRS,
6711211,15944,12,2014,U,,,N,F,,C,2014_12_PA0070000_NIBRS,
6464111,15794,1,2014,U,,,N,F,,C,2014_01_PA0029200_NIBRS,
6486561,15794,2,2014,U,,,N,F,,C,2014_02_PA0029200_NIBRS,
6509011,15794,3,2014,U,,,N,F,,C,2014_03_PA0029200_NIBRS,
6531461,15794,4,2014,U,,,N,F,,C,2014_04_PA0029200_NIBRS,
6553911,15794,5,2014,U,,,N,F,,C,2014_05_PA0029200_NIBRS,
6576361,15794,6,2014,U,,,N,F,,C,2014_06_PA0029200_NIBRS,
6598811,15794,7,2014,U,,,N,F,,C,2014_07_PA0029200_NIBRS,
6621261,15794,8,2014,U,,,N,F,,C,2014_08_PA0029200_NIBRS,
6643711,15794,9,2014,U,,,N,F,,C,2014_09_PA0029200_NIBRS,
6666161,15794,10,2014,U,,,N,F,,C,2014_10_PA0029200_NIBRS,
6688611,15794,11,2014,U,,,N,F,,C,2014_11_PA0029200_NIBRS,
6711061,15794,12,2014,U,,,N,F,,C,2014_12_PA0029200_NIBRS,
6464112,15795,1,2014,U,,,N,F,,C,2014_01_PA0029300_NIBRS,
6486562,15795,2,2014,U,,,N,F,,C,2014_02_PA0029300_NIBRS,
6509012,15795,3,2014,U,,,N,F,,C,2014_03_PA0029300_NIBRS,
6531462,15795,4,2014,U,,,N,F,,C,2014_04_PA0029300_NIBRS,
6553912,15795,5,2014,U,,,N,F,,C,2014_05_PA0029300_NIBRS,
6576362,15795,6,2014,U,,,N,F,,C,2014_06_PA0029300_NIBRS,
6598812,15795,7,2014,U,,,N,F,,C,2014_07_PA0029300_NIBRS,
6621262,15795,8,2014,U,,,N,F,,C,2014_08_PA0029300_NIBRS,
6643712,15795,9,2014,U,,,N,F,,C,2014_09_PA0029300_NIBRS,
6666162,15795,10,2014,U,,,N,F,,C,2014_10_PA0029300_NIBRS,
6688612,15795,11,2014,U,,,N,F,,C,2014_11_PA0029300_NIBRS,
6711062,15795,12,2014,U,,,N,F,,C,2014_12_PA0029300_NIBRS,
6464767,16450,1,2014,U,,,N,F,,C,2014_01_PA0261400_NIBRS,
6487217,16450,2,2014,U,,,N,F,,C,2014_02_PA0261400_NIBRS,
6509667,16450,3,2014,U,,,N,F,,C,2014_03_PA0261400_NIBRS,
6532117,16450,4,2014,U,,,N,F,,C,2014_04_PA0261400_NIBRS,
6554567,16450,5,2014,U,,,N,F,,C,2014_05_PA0261400_NIBRS,
6577017,16450,6,2014,U,,,N,F,,C,2014_06_PA0261400_NIBRS,
6599467,16450,7,2014,U,,,N,F,,C,2014_07_PA0261400_NIBRS,
6621917,16450,8,2014,U,,,N,F,,C,2014_08_PA0261400_NIBRS,
6644367,16450,9,2014,U,,,N,F,,C,2014_09_PA0261400_NIBRS,
6666817,16450,10,2014,U,,,N,F,,C,2014_10_PA0261400_NIBRS,
6689267,16450,11,2014,U,,,N,F,,C,2014_11_PA0261400_NIBRS,
6711717,16450,12,2014,U,,,N,F,,C,2014_12_PA0261400_NIBRS,
6464768,16451,1,2014,U,,,N,F,,C,2014_01_PA0261500_NIBRS,
6487218,16451,2,2014,U,,,N,F,,C,2014_02_PA0261500_NIBRS,
6509668,16451,3,2014,U,,,N,F,,C,2014_03_PA0261500_NIBRS,
6532118,16451,4,2014,U,,,N,F,,C,2014_04_PA0261500_NIBRS,
6554568,16451,5,2014,U,,,N,F,,C,2014_05_PA0261500_NIBRS,
6577018,16451,6,2014,U,,,N,F,,C,2014_06_PA0261500_NIBRS,
6599468,16451,7,2014,U,,,N,F,,C,2014_07_PA0261500_NIBRS,
6621918,16451,8,2014,U,,,N,F,,C,2014_08_PA0261500_NIBRS,
6644368,16451,9,2014,U,,,N,F,,C,2014_09_PA0261500_NIBRS,
6666818,16451,10,2014,U,,,N,F,,C,2014_10_PA0261500_NIBRS,
6689268,16451,11,2014,U,,,N,F,,C,2014_11_PA0261500_NIBRS,
6711718,16451,12,2014,U,,,N,F,,C,2014_12_PA0261500_NIBRS,
6464769,16452,1,2014,U,,,N,F,,C,2014_01_PA0261600_NIBRS,
6487219,16452,2,2014,U,,,N,F,,C,2014_02_PA0261600_NIBRS,
6509669,16452,3,2014,U,,,N,F,,C,2014_03_PA0261600_NIBRS,
6532119,16452,4,2014,U,,,N,F,,C,2014_04_PA0261600_NIBRS,
6554569,16452,5,2014,U,,,N,F,,C,2014_05_PA0261600_NIBRS,
6577019,16452,6,2014,U,,,N,F,,C,2014_06_PA0261600_NIBRS,
6599469,16452,7,2014,U,,,N,F,,C,2014_07_PA0261600_NIBRS,
6621919,16452,8,2014,U,,,N,F,,C,2014_08_PA0261600_NIBRS,
6644369,16452,9,2014,U,,,N,F,,C,2014_09_PA0261600_NIBRS,
6666819,16452,10,2014,U,,,N,F,,C,2014_10_PA0261600_NIBRS,
6689269,16452,11,2014,U,,,N,F,,C,2014_11_PA0261600_NIBRS,
6711719,16452,12,2014,U,,,N,F,,C,2014_12_PA0261600_NIBRS,
6464770,16453,1,2014,U,,,N,F,,C,2014_01_PA0261700_NIBRS,
6487220,16453,2,2014,U,,,N,F,,C,2014_02_PA0261700_NIBRS,
6509670,16453,3,2014,U,,,N,F,,C,2014_03_PA0261700_NIBRS,
6532120,16453,4,2014,U,,,N,F,,C,2014_04_PA0261700_NIBRS,
6554570,16453,5,2014,U,,,N,F,,C,2014_05_PA0261700_NIBRS,
6577020,16453,6,2014,U,,,N,F,,C,2014_06_PA0261700_NIBRS,
6599470,16453,7,2014,U,,,N,F,,C,2014_07_PA0261700_NIBRS,
6621920,16453,8,2014,U,,,N,F,,C,2014_08_PA0261700_NIBRS,
6644370,16453,9,2014,U,,,N,F,,C,2014_09_PA0261700_NIBRS,
6666820,16453,10,2014,U,,,N,F,,C,2014_10_PA0261700_NIBRS,
6689270,16453,11,2014,U,,,N,F,,C,2014_11_PA0261700_NIBRS,
6711720,16453,12,2014,U,,,N,F,,C,2014_12_PA0261700_NIBRS,
6464771,16454,1,2014,U,,,N,F,,C,2014_01_PA0261800_NIBRS,
6487221,16454,2,2014,U,,,N,F,,C,2014_02_PA0261800_NIBRS,
6509671,16454,3,2014,U,,,N,F,,C,2014_03_PA0261800_NIBRS,
6532121,16454,4,2014,U,,,N,F,,C,2014_04_PA0261800_NIBRS,
6554571,16454,5,2014,U,,,N,F,,C,2014_05_PA0261800_NIBRS,
6577021,16454,6,2014,U,,,N,F,,C,2014_06_PA0261800_NIBRS,
6599471,16454,7,2014,U,,,N,F,,C,2014_07_PA0261800_NIBRS,
6621921,16454,8,2014,U,,,N,F,,C,2014_08_PA0261800_NIBRS,
6644371,16454,9,2014,U,,,N,F,,C,2014_09_PA0261800_NIBRS,
6666821,16454,10,2014,U,,,N,F,,C,2014_10_PA0261800_NIBRS,
6689271,16454,11,2014,U,,,N,F,,C,2014_11_PA0261800_NIBRS,
6711721,16454,12,2014,U,,,N,F,,C,2014_12_PA0261800_NIBRS,
6464369,16052,1,2014,U,,,N,F,,C,2014_01_PA010BF00_NIBRS,
6486819,16052,2,2014,U,,,N,F,,C,2014_02_PA010BF00_NIBRS,
6509269,16052,3,2014,U,,,N,F,,C,2014_03_PA010BF00_NIBRS,
6531719,16052,4,2014,U,,,N,F,,C,2014_04_PA010BF00_NIBRS,
6554169,16052,5,2014,U,,,N,F,,C,2014_05_PA010BF00_NIBRS,
6576619,16052,6,2014,U,,,N,F,,C,2014_06_PA010BF00_NIBRS,
6599069,16052,7,2014,U,,,N,F,,C,2014_07_PA010BF00_NIBRS,
6621519,16052,8,2014,U,,,N,F,,C,2014_08_PA010BF00_NIBRS,
6643969,16052,9,2014,U,,,N,F,,C,2014_09_PA010BF00_NIBRS,
6666419,16052,10,2014,U,,,N,F,,C,2014_10_PA010BF00_NIBRS,
6688869,16052,11,2014,U,,,N,F,,C,2014_11_PA010BF00_NIBRS,
6711319,16052,12,2014,U,,,N,F,,C,2014_12_PA010BF00_NIBRS,
6464370,16053,1,2014,U,,,N,F,,C,2014_01_PA010DE00_NIBRS,
6486820,16053,2,2014,U,,,N,F,,C,2014_02_PA010DE00_NIBRS,
6509270,16053,3,2014,U,,,N,F,,C,2014_03_PA010DE00_NIBRS,
6531720,16053,4,2014,U,,,N,F,,C,2014_04_PA010DE00_NIBRS,
6554170,16053,5,2014,U,,,N,F,,C,2014_05_PA010DE00_NIBRS,
6576620,16053,6,2014,U,,,N,F,,C,2014_06_PA010DE00_NIBRS,
6599070,16053,7,2014,U,,,N,F,,C,2014_07_PA010DE00_NIBRS,
6621520,16053,8,2014,U,,,N,F,,C,2014_08_PA010DE00_NIBRS,
6643970,16053,9,2014,U,,,N,F,,C,2014_09_PA010DE00_NIBRS,
6666420,16053,10,2014,U,,,N,F,,C,2014_10_PA010DE00_NIBRS,
6688870,16053,11,2014,U,,,N,F,,C,2014_11_PA010DE00_NIBRS,
6711320,16053,12,2014,U,,,N,F,,C,2014_12_PA010DE00_NIBRS,
6464371,16054,1,2014,U,,,N,F,,C,2014_01_PA010SP00_NIBRS,
6486821,16054,2,2014,U,,,N,F,,C,2014_02_PA010SP00_NIBRS,
6509271,16054,3,2014,U,,,N,F,,C,2014_03_PA010SP00_NIBRS,
6531721,16054,4,2014,U,,,N,F,,C,2014_04_PA010SP00_NIBRS,
6554171,16054,5,2014,U,,,N,F,,C,2014_05_PA010SP00_NIBRS,
6576621,16054,6,2014,U,,,N,F,,C,2014_06_PA010SP00_NIBRS,
6599071,16054,7,2014,U,,,N,F,,C,2014_07_PA010SP00_NIBRS,
6621521,16054,8,2014,U,,,N,F,,C,2014_08_PA010SP00_NIBRS,
6643971,16054,9,2014,U,,,N,F,,C,2014_09_PA010SP00_NIBRS,
6666421,16054,10,2014,U,,,N,F,,C,2014_10_PA010SP00_NIBRS,
6688871,16054,11,2014,U,,,N,F,,C,2014_11_PA010SP00_NIBRS,
6711321,16054,12,2014,U,,,N,F,,C,2014_12_PA010SP00_NIBRS,
6464372,16055,1,2014,U,,,N,F,,C,2014_01_PA0110000_NIBRS,
6486822,16055,2,2014,U,,,N,F,,C,2014_02_PA0110000_NIBRS,
6509272,16055,3,2014,U,,,N,F,,C,2014_03_PA0110000_NIBRS,
6531722,16055,4,2014,U,,,N,F,,C,2014_04_PA0110000_NIBRS,
6554172,16055,5,2014,U,,,N,F,,C,2014_05_PA0110000_NIBRS,
6576622,16055,6,2014,U,,,N,F,,C,2014_06_PA0110000_NIBRS,
6599072,16055,7,2014,U,,,N,F,,C,2014_07_PA0110000_NIBRS,
6621522,16055,8,2014,U,,,N,F,,C,2014_08_PA0110000_NIBRS,
6643972,16055,9,2014,U,,,N,F,,C,2014_09_PA0110000_NIBRS,
6666422,16055,10,2014,U,,,N,F,,C,2014_10_PA0110000_NIBRS,
6688872,16055,11,2014,U,,,N,F,,C,2014_11_PA0110000_NIBRS,
6711322,16055,12,2014,U,,,N,F,,C,2014_12_PA0110000_NIBRS,
6464465,16148,1,2014,U,,,N,F,,C,2014_01_PA0150000_NIBRS,
6486915,16148,2,2014,U,,,N,F,,C,2014_02_PA0150000_NIBRS,
6509365,16148,3,2014,U,,,N,F,,C,2014_03_PA0150000_NIBRS,
6531815,16148,4,2014,U,,,N,F,,C,2014_04_PA0150000_NIBRS,
6554265,16148,5,2014,U,,,N,F,,C,2014_05_PA0150000_NIBRS,
6576715,16148,6,2014,U,,,N,F,,C,2014_06_PA0150000_NIBRS,
6599165,16148,7,2014,U,,,N,F,,C,2014_07_PA0150000_NIBRS,
6621615,16148,8,2014,U,,,N,F,,C,2014_08_PA0150000_NIBRS,
6644065,16148,9,2014,U,,,N,F,,C,2014_09_PA0150000_NIBRS,
6666515,16148,10,2014,U,,,N,F,,C,2014_10_PA0150000_NIBRS,
6688965,16148,11,2014,U,,,N,F,,C,2014_11_PA0150000_NIBRS,
6711415,16148,12,2014,U,,,N,F,,C,2014_12_PA0150000_NIBRS,
6464466,16149,1,2014,U,,,N,F,,C,2014_01_PA0150100_NIBRS,
6486916,16149,2,2014,U,,,N,F,,C,2014_02_PA0150100_NIBRS,
6509366,16149,3,2014,U,,,N,F,,C,2014_03_PA0150100_NIBRS,
6531816,16149,4,2014,U,,,N,F,,C,2014_04_PA0150100_NIBRS,
6554266,16149,5,2014,U,,,N,F,,C,2014_05_PA0150100_NIBRS,
6576716,16149,6,2014,U,,,N,F,,C,2014_06_PA0150100_NIBRS,
6599166,16149,7,2014,U,,,N,F,,C,2014_07_PA0150100_NIBRS,
6621616,16149,8,2014,U,,,N,F,,C,2014_08_PA0150100_NIBRS,
6644066,16149,9,2014,U,,,N,F,,C,2014_09_PA0150100_NIBRS,
6666516,16149,10,2014,U,,,N,F,,C,2014_10_PA0150100_NIBRS,
6688966,16149,11,2014,U,,,N,F,,C,2014_11_PA0150100_NIBRS,
6711416,16149,12,2014,U,,,N,F,,C,2014_12_PA0150100_NIBRS,
6464467,16150,1,2014,U,,,N,F,,C,2014_01_PA0150200_NIBRS,
6486917,16150,2,2014,U,,,N,F,,C,2014_02_PA0150200_NIBRS,
6509367,16150,3,2014,U,,,N,F,,C,2014_03_PA0150200_NIBRS,
6531817,16150,4,2014,U,,,N,F,,C,2014_04_PA0150200_NIBRS,
6554267,16150,5,2014,U,,,N,F,,C,2014_05_PA0150200_NIBRS,
6576717,16150,6,2014,U,,,N,F,,C,2014_06_PA0150200_NIBRS,
6599167,16150,7,2014,U,,,N,F,,C,2014_07_PA0150200_NIBRS,
6621617,16150,8,2014,U,,,N,F,,C,2014_08_PA0150200_NIBRS,
6644067,16150,9,2014,U,,,N,F,,C,2014_09_PA0150200_NIBRS,
6666517,16150,10,2014,U,,,N,F,,C,2014_10_PA0150200_NIBRS,
6688967,16150,11,2014,U,,,N,F,,C,2014_11_PA0150200_NIBRS,
6711417,16150,12,2014,U,,,N,F,,C,2014_12_PA0150200_NIBRS,
6464468,16151,1,2014,U,,,N,F,,C,2014_01_PA0150300_NIBRS,
6486918,16151,2,2014,U,,,N,F,,C,2014_02_PA0150300_NIBRS,
6509368,16151,3,2014,U,,,N,F,,C,2014_03_PA0150300_NIBRS,
6531818,16151,4,2014,U,,,N,F,,C,2014_04_PA0150300_NIBRS,
6554268,16151,5,2014,U,,,N,F,,C,2014_05_PA0150300_NIBRS,
6576718,16151,6,2014,U,,,N,F,,C,2014_06_PA0150300_NIBRS,
6599168,16151,7,2014,U,,,N,F,,C,2014_07_PA0150300_NIBRS,
6621618,16151,8,2014,U,,,N,F,,C,2014_08_PA0150300_NIBRS,
6644068,16151,9,2014,U,,,N,F,,C,2014_09_PA0150300_NIBRS,
6666518,16151,10,2014,U,,,N,F,,C,2014_10_PA0150300_NIBRS,
6688968,16151,11,2014,U,,,N,F,,C,2014_11_PA0150300_NIBRS,
6711418,16151,12,2014,U,,,N,F,,C,2014_12_PA0150300_NIBRS,
6464469,16152,1,2014,U,,,N,F,,C,2014_01_PA0150400_NIBRS,
6486919,16152,2,2014,U,,,N,F,,C,2014_02_PA0150400_NIBRS,
6509369,16152,3,2014,U,,,N,F,,C,2014_03_PA0150400_NIBRS,
6531819,16152,4,2014,U,,,N,F,,C,2014_04_PA0150400_NIBRS,
6554269,16152,5,2014,U,,,N,F,,C,2014_05_PA0150400_NIBRS,
6576719,16152,6,2014,U,,,N,F,,C,2014_06_PA0150400_NIBRS,
6599169,16152,7,2014,U,,,N,F,,C,2014_07_PA0150400_NIBRS,
6621619,16152,8,2014,U,,,N,F,,C,2014_08_PA0150400_NIBRS,
6644069,16152,9,2014,U,,,N,F,,C,2014_09_PA0150400_NIBRS,
6666519,16152,10,2014,U,,,N,F,,C,2014_10_PA0150400_NIBRS,
6688969,16152,11,2014,U,,,N,F,,C,2014_11_PA0150400_NIBRS,
6711419,16152,12,2014,U,,,N,F,,C,2014_12_PA0150400_NIBRS,
6465003,16686,1,2014,U,,,N,F,,C,2014_01_PA0392100_NIBRS,
6487453,16686,2,2014,U,,,N,F,,C,2014_02_PA0392100_NIBRS,
6509903,16686,3,2014,U,,,N,F,,C,2014_03_PA0392100_NIBRS,
6532353,16686,4,2014,U,,,N,F,,C,2014_04_PA0392100_NIBRS,
6554803,16686,5,2014,U,,,N,F,,C,2014_05_PA0392100_NIBRS,
6577253,16686,6,2014,U,,,N,F,,C,2014_06_PA0392100_NIBRS,
6599703,16686,7,2014,U,,,N,F,,C,2014_07_PA0392100_NIBRS,
6622153,16686,8,2014,U,,,N,F,,C,2014_08_PA0392100_NIBRS,
6644603,16686,9,2014,U,,,N,F,,C,2014_09_PA0392100_NIBRS,
6667053,16686,10,2014,U,,,N,F,,C,2014_10_PA0392100_NIBRS,
6689503,16686,11,2014,U,,,N,F,,C,2014_11_PA0392100_NIBRS,
6711953,16686,12,2014,U,,,N,F,,C,2014_12_PA0392100_NIBRS,
6470460,23256,1,2014,U,,,N,F,,C,2014_01_PA0392700_NIBRS,
6492910,23256,2,2014,U,,,N,F,,C,2014_02_PA0392700_NIBRS,
6515360,23256,3,2014,U,,,N,F,,C,2014_03_PA0392700_NIBRS,
6537810,23256,4,2014,U,,,N,F,,C,2014_04_PA0392700_NIBRS,
6560260,23256,5,2014,U,,,N,F,,C,2014_05_PA0392700_NIBRS,
6582710,23256,6,2014,U,,,N,F,,C,2014_06_PA0392700_NIBRS,
6605160,23256,7,2014,U,,,N,F,,C,2014_07_PA0392700_NIBRS,
6627610,23256,8,2014,U,,,N,F,,C,2014_08_PA0392700_NIBRS,
6650060,23256,9,2014,U,,,N,F,,C,2014_09_PA0392700_NIBRS,
6672510,23256,10,2014,U,,,N,F,,C,2014_10_PA0392700_NIBRS,
6694960,23256,11,2014,U,,,N,F,,C,2014_11_PA0392700_NIBRS,
6717410,23256,12,2014,U,,,N,F,,C,2014_12_PA0392700_NIBRS,
6464772,16455,1,2014,U,,,N,F,,C,2014_01_PA0261900_NIBRS,
6487222,16455,2,2014,U,,,N,F,,C,2014_02_PA0261900_NIBRS,
6509672,16455,3,2014,U,,,N,F,,C,2014_03_PA0261900_NIBRS,
6532122,16455,4,2014,U,,,N,F,,C,2014_04_PA0261900_NIBRS,
6554572,16455,5,2014,U,,,N,F,,C,2014_05_PA0261900_NIBRS,
6577022,16455,6,2014,U,,,N,F,,C,2014_06_PA0261900_NIBRS,
6599472,16455,7,2014,U,,,N,F,,C,2014_07_PA0261900_NIBRS,
6621922,16455,8,2014,U,,,N,F,,C,2014_08_PA0261900_NIBRS,
6644372,16455,9,2014,U,,,N,F,,C,2014_09_PA0261900_NIBRS,
6666822,16455,10,2014,U,,,N,F,,C,2014_10_PA0261900_NIBRS,
6689272,16455,11,2014,U,,,N,F,,C,2014_11_PA0261900_NIBRS,
6711722,16455,12,2014,U,,,N,F,,C,2014_12_PA0261900_NIBRS,
6464773,16456,1,2014,U,,,N,F,,C,2014_01_PA0262000_NIBRS,
6487223,16456,2,2014,U,,,N,F,,C,2014_02_PA0262000_NIBRS,
6509673,16456,3,2014,U,,,N,F,,C,2014_03_PA0262000_NIBRS,
6532123,16456,4,2014,U,,,N,F,,C,2014_04_PA0262000_NIBRS,
6554573,16456,5,2014,U,,,N,F,,C,2014_05_PA0262000_NIBRS,
6577023,16456,6,2014,U,,,N,F,,C,2014_06_PA0262000_NIBRS,
6599473,16456,7,2014,U,,,N,F,,C,2014_07_PA0262000_NIBRS,
6621923,16456,8,2014,U,,,N,F,,C,2014_08_PA0262000_NIBRS,
6644373,16456,9,2014,U,,,N,F,,C,2014_09_PA0262000_NIBRS,
6666823,16456,10,2014,U,,,N,F,,C,2014_10_PA0262000_NIBRS,
6689273,16456,11,2014,U,,,N,F,,C,2014_11_PA0262000_NIBRS,
6711723,16456,12,2014,U,,,N,F,,C,2014_12_PA0262000_NIBRS,
6464774,16457,1,2014,U,,,N,F,,C,2014_01_PA0262300_NIBRS,
6487224,16457,2,2014,U,,,N,F,,C,2014_02_PA0262300_NIBRS,
6509674,16457,3,2014,U,,,N,F,,C,2014_03_PA0262300_NIBRS,
6532124,16457,4,2014,U,,,N,F,,C,2014_04_PA0262300_NIBRS,
6554574,16457,5,2014,U,,,N,F,,C,2014_05_PA0262300_NIBRS,
6577024,16457,6,2014,U,,,N,F,,C,2014_06_PA0262300_NIBRS,
6599474,16457,7,2014,U,,,N,F,,C,2014_07_PA0262300_NIBRS,
6621924,16457,8,2014,U,,,N,F,,C,2014_08_PA0262300_NIBRS,
6644374,16457,9,2014,U,,,N,F,,C,2014_09_PA0262300_NIBRS,
6666824,16457,10,2014,U,,,N,F,,C,2014_10_PA0262300_NIBRS,
6689274,16457,11,2014,U,,,N,F,,C,2014_11_PA0262300_NIBRS,
6711724,16457,12,2014,U,,,N,F,,C,2014_12_PA0262300_NIBRS,
6464775,16458,1,2014,U,,,N,F,,C,2014_01_PA0262400_NIBRS,
6487225,16458,2,2014,U,,,N,F,,C,2014_02_PA0262400_NIBRS,
6509675,16458,3,2014,U,,,N,F,,C,2014_03_PA0262400_NIBRS,
6532125,16458,4,2014,U,,,N,F,,C,2014_04_PA0262400_NIBRS,
6554575,16458,5,2014,U,,,N,F,,C,2014_05_PA0262400_NIBRS,
6577025,16458,6,2014,U,,,N,F,,C,2014_06_PA0262400_NIBRS,
6599475,16458,7,2014,U,,,N,F,,C,2014_07_PA0262400_NIBRS,
6621925,16458,8,2014,U,,,N,F,,C,2014_08_PA0262400_NIBRS,
6644375,16458,9,2014,U,,,N,F,,C,2014_09_PA0262400_NIBRS,
6666825,16458,10,2014,U,,,N,F,,C,2014_10_PA0262400_NIBRS,
6689275,16458,11,2014,U,,,N,F,,C,2014_11_PA0262400_NIBRS,
6711725,16458,12,2014,U,,,N,F,,C,2014_12_PA0262400_NIBRS,
6464776,16459,1,2014,U,,,N,F,,C,2014_01_PA0262500_NIBRS,
6487226,16459,2,2014,U,,,N,F,,C,2014_02_PA0262500_NIBRS,
6509676,16459,3,2014,U,,,N,F,,C,2014_03_PA0262500_NIBRS,
6532126,16459,4,2014,U,,,N,F,,C,2014_04_PA0262500_NIBRS,
6554576,16459,5,2014,U,,,N,F,,C,2014_05_PA0262500_NIBRS,
6577026,16459,6,2014,U,,,N,F,,C,2014_06_PA0262500_NIBRS,
6599476,16459,7,2014,U,,,N,F,,C,2014_07_PA0262500_NIBRS,
6621926,16459,8,2014,U,,,N,F,,C,2014_08_PA0262500_NIBRS,
6644376,16459,9,2014,U,,,N,F,,C,2014_09_PA0262500_NIBRS,
6666826,16459,10,2014,U,,,N,F,,C,2014_10_PA0262500_NIBRS,
6689276,16459,11,2014,U,,,N,F,,C,2014_11_PA0262500_NIBRS,
6711726,16459,12,2014,U,,,N,F,,C,2014_12_PA0262500_NIBRS,
6464777,16460,1,2014,U,,,N,F,,C,2014_01_PA0262800_NIBRS,
6487227,16460,2,2014,U,,,N,F,,C,2014_02_PA0262800_NIBRS,
6509677,16460,3,2014,U,,,N,F,,C,2014_03_PA0262800_NIBRS,
6532127,16460,4,2014,U,,,N,F,,C,2014_04_PA0262800_NIBRS,
6554577,16460,5,2014,U,,,N,F,,C,2014_05_PA0262800_NIBRS,
6577027,16460,6,2014,U,,,N,F,,C,2014_06_PA0262800_NIBRS,
6599477,16460,7,2014,U,,,N,F,,C,2014_07_PA0262800_NIBRS,
6621927,16460,8,2014,U,,,N,F,,C,2014_08_PA0262800_NIBRS,
6644377,16460,9,2014,U,,,N,F,,C,2014_09_PA0262800_NIBRS,
6666827,16460,10,2014,U,,,N,F,,C,2014_10_PA0262800_NIBRS,
6689277,16460,11,2014,U,,,N,F,,C,2014_11_PA0262800_NIBRS,
6711727,16460,12,2014,U,,,N,F,,C,2014_12_PA0262800_NIBRS,
6464778,16461,1,2014,U,,,N,F,,C,2014_01_PA0263600_NIBRS,
6487228,16461,2,2014,U,,,N,F,,C,2014_02_PA0263600_NIBRS,
6509678,16461,3,2014,U,,,N,F,,C,2014_03_PA0263600_NIBRS,
6532128,16461,4,2014,U,,,N,F,,C,2014_04_PA0263600_NIBRS,
6554578,16461,5,2014,U,,,N,F,,C,2014_05_PA0263600_NIBRS,
6577028,16461,6,2014,U,,,N,F,,C,2014_06_PA0263600_NIBRS,
6599478,16461,7,2014,U,,,N,F,,C,2014_07_PA0263600_NIBRS,
6621928,16461,8,2014,U,,,N,F,,C,2014_08_PA0263600_NIBRS,
6644378,16461,9,2014,U,,,N,F,,C,2014_09_PA0263600_NIBRS,
6666828,16461,10,2014,U,,,N,F,,C,2014_10_PA0263600_NIBRS,
6689278,16461,11,2014,U,,,N,F,,C,2014_11_PA0263600_NIBRS,
6711728,16461,12,2014,U,,,N,F,,C,2014_12_PA0263600_NIBRS,
6464779,16462,1,2014,U,,,N,F,,C,2014_01_PA0263800_NIBRS,
6487229,16462,2,2014,U,,,N,F,,C,2014_02_PA0263800_NIBRS,
6509679,16462,3,2014,U,,,N,F,,C,2014_03_PA0263800_NIBRS,
6532129,16462,4,2014,U,,,N,F,,C,2014_04_PA0263800_NIBRS,
6554579,16462,5,2014,U,,,N,F,,C,2014_05_PA0263800_NIBRS,
6577029,16462,6,2014,U,,,N,F,,C,2014_06_PA0263800_NIBRS,
6599479,16462,7,2014,U,,,N,F,,C,2014_07_PA0263800_NIBRS,
6621929,16462,8,2014,U,,,N,F,,C,2014_08_PA0263800_NIBRS,
6644379,16462,9,2014,U,,,N,F,,C,2014_09_PA0263800_NIBRS,
6666829,16462,10,2014,U,,,N,F,,C,2014_10_PA0263800_NIBRS,
6689279,16462,11,2014,U,,,N,F,,C,2014_11_PA0263800_NIBRS,
6711729,16462,12,2014,U,,,N,F,,C,2014_12_PA0263800_NIBRS,
6464780,16463,1,2014,U,,,N,F,,C,2014_01_PA026BF00_NIBRS,
6487230,16463,2,2014,U,,,N,F,,C,2014_02_PA026BF00_NIBRS,
6509680,16463,3,2014,U,,,N,F,,C,2014_03_PA026BF00_NIBRS,
6532130,16463,4,2014,U,,,N,F,,C,2014_04_PA026BF00_NIBRS,
6554580,16463,5,2014,U,,,N,F,,C,2014_05_PA026BF00_NIBRS,
6577030,16463,6,2014,U,,,N,F,,C,2014_06_PA026BF00_NIBRS,
6599480,16463,7,2014,U,,,N,F,,C,2014_07_PA026BF00_NIBRS,
6621930,16463,8,2014,U,,,N,F,,C,2014_08_PA026BF00_NIBRS,
6644380,16463,9,2014,U,,,N,F,,C,2014_09_PA026BF00_NIBRS,
6666830,16463,10,2014,U,,,N,F,,C,2014_10_PA026BF00_NIBRS,
6689280,16463,11,2014,U,,,N,F,,C,2014_11_PA026BF00_NIBRS,
6711730,16463,12,2014,U,,,N,F,,C,2014_12_PA026BF00_NIBRS,
6464781,16464,1,2014,U,,,N,F,,C,2014_01_PA026DE00_NIBRS,
6487231,16464,2,2014,U,,,N,F,,C,2014_02_PA026DE00_NIBRS,
6509681,16464,3,2014,U,,,N,F,,C,2014_03_PA026DE00_NIBRS,
6532131,16464,4,2014,U,,,N,F,,C,2014_04_PA026DE00_NIBRS,
6554581,16464,5,2014,U,,,N,F,,C,2014_05_PA026DE00_NIBRS,
6577031,16464,6,2014,U,,,N,F,,C,2014_06_PA026DE00_NIBRS,
6599481,16464,7,2014,U,,,N,F,,C,2014_07_PA026DE00_NIBRS,
6621931,16464,8,2014,U,,,N,F,,C,2014_08_PA026DE00_NIBRS,
6644381,16464,9,2014,U,,,N,F,,C,2014_09_PA026DE00_NIBRS,
6666831,16464,10,2014,U,,,N,F,,C,2014_10_PA026DE00_NIBRS,
6689281,16464,11,2014,U,,,N,F,,C,2014_11_PA026DE00_NIBRS,
6711731,16464,12,2014,U,,,N,F,,C,2014_12_PA026DE00_NIBRS,
6464782,16465,1,2014,U,,,N,F,,C,2014_01_PA026SP00_NIBRS,
6487232,16465,2,2014,U,,,N,F,,C,2014_02_PA026SP00_NIBRS,
6509682,16465,3,2014,U,,,N,F,,C,2014_03_PA026SP00_NIBRS,
6532132,16465,4,2014,U,,,N,F,,C,2014_04_PA026SP00_NIBRS,
6554582,16465,5,2014,U,,,N,F,,C,2014_05_PA026SP00_NIBRS,
6577032,16465,6,2014,U,,,N,F,,C,2014_06_PA026SP00_NIBRS,
6599482,16465,7,2014,U,,,N,F,,C,2014_07_PA026SP00_NIBRS,
6621932,16465,8,2014,U,,,N,F,,C,2014_08_PA026SP00_NIBRS,
6644382,16465,9,2014,U,,,N,F,,C,2014_09_PA026SP00_NIBRS,
6666832,16465,10,2014,U,,,N,F,,C,2014_10_PA026SP00_NIBRS,
6689282,16465,11,2014,U,,,N,F,,C,2014_11_PA026SP00_NIBRS,
6711732,16465,12,2014,U,,,N,F,,C,2014_12_PA026SP00_NIBRS,
6464783,16466,1,2014,U,,,N,F,,C,2014_01_PA0270000_NIBRS,
6487233,16466,2,2014,U,,,N,F,,C,2014_02_PA0270000_NIBRS,
6509683,16466,3,2014,U,,,N,F,,C,2014_03_PA0270000_NIBRS,
6532133,16466,4,2014,U,,,N,F,,C,2014_04_PA0270000_NIBRS,
6554583,16466,5,2014,U,,,N,F,,C,2014_05_PA0270000_NIBRS,
6577033,16466,6,2014,U,,,N,F,,C,2014_06_PA0270000_NIBRS,
6599483,16466,7,2014,U,,,N,F,,C,2014_07_PA0270000_NIBRS,
6621933,16466,8,2014,U,,,N,F,,C,2014_08_PA0270000_NIBRS,
6644383,16466,9,2014,U,,,N,F,,C,2014_09_PA0270000_NIBRS,
6666833,16466,10,2014,U,,,N,F,,C,2014_10_PA0270000_NIBRS,
6689283,16466,11,2014,U,,,N,F,,C,2014_11_PA0270000_NIBRS,
6711733,16466,12,2014,U,,,N,F,,C,2014_12_PA0270000_NIBRS,
6464784,16467,1,2014,U,,,N,F,,C,2014_01_PA027BF00_NIBRS,
6487234,16467,2,2014,U,,,N,F,,C,2014_02_PA027BF00_NIBRS,
6509684,16467,3,2014,U,,,N,F,,C,2014_03_PA027BF00_NIBRS,
6532134,16467,4,2014,U,,,N,F,,C,2014_04_PA027BF00_NIBRS,
6554584,16467,5,2014,U,,,N,F,,C,2014_05_PA027BF00_NIBRS,
6577034,16467,6,2014,U,,,N,F,,C,2014_06_PA027BF00_NIBRS,
6599484,16467,7,2014,U,,,N,F,,C,2014_07_PA027BF00_NIBRS,
6621934,16467,8,2014,U,,,N,F,,C,2014_08_PA027BF00_NIBRS,
6644384,16467,9,2014,U,,,N,F,,C,2014_09_PA027BF00_NIBRS,
6666834,16467,10,2014,U,,,N,F,,C,2014_10_PA027BF00_NIBRS,
6689284,16467,11,2014,U,,,N,F,,C,2014_11_PA027BF00_NIBRS,
6711734,16467,12,2014,U,,,N,F,,C,2014_12_PA027BF00_NIBRS,
6464785,16468,1,2014,U,,,N,F,,C,2014_01_PA027DE00_NIBRS,
6487235,16468,2,2014,U,,,N,F,,C,2014_02_PA027DE00_NIBRS,
6509685,16468,3,2014,U,,,N,F,,C,2014_03_PA027DE00_NIBRS,
6532135,16468,4,2014,U,,,N,F,,C,2014_04_PA027DE00_NIBRS,
6554585,16468,5,2014,U,,,N,F,,C,2014_05_PA027DE00_NIBRS,
6577035,16468,6,2014,U,,,N,F,,C,2014_06_PA027DE00_NIBRS,
6599485,16468,7,2014,U,,,N,F,,C,2014_07_PA027DE00_NIBRS,
6621935,16468,8,2014,U,,,N,F,,C,2014_08_PA027DE00_NIBRS,
6644385,16468,9,2014,U,,,N,F,,C,2014_09_PA027DE00_NIBRS,
6666835,16468,10,2014,U,,,N,F,,C,2014_10_PA027DE00_NIBRS,
6689285,16468,11,2014,U,,,N,F,,C,2014_11_PA027DE00_NIBRS,
6711735,16468,12,2014,U,,,N,F,,C,2014_12_PA027DE00_NIBRS,
6464786,16469,1,2014,U,,,N,F,,C,2014_01_PA027SP00_NIBRS,
6487236,16469,2,2014,U,,,N,F,,C,2014_02_PA027SP00_NIBRS,
6509686,16469,3,2014,U,,,N,F,,C,2014_03_PA027SP00_NIBRS,
6532136,16469,4,2014,U,,,N,F,,C,2014_04_PA027SP00_NIBRS,
6554586,16469,5,2014,U,,,N,F,,C,2014_05_PA027SP00_NIBRS,
6577036,16469,6,2014,U,,,N,F,,C,2014_06_PA027SP00_NIBRS,
6599486,16469,7,2014,U,,,N,F,,C,2014_07_PA027SP00_NIBRS,
6621936,16469,8,2014,U,,,N,F,,C,2014_08_PA027SP00_NIBRS,
6644386,16469,9,2014,U,,,N,F,,C,2014_09_PA027SP00_NIBRS,
6666836,16469,10,2014,U,,,N,F,,C,2014_10_PA027SP00_NIBRS,
6689286,16469,11,2014,U,,,N,F,,C,2014_11_PA027SP00_NIBRS,
6711736,16469,12,2014,U,,,N,F,,C,2014_12_PA027SP00_NIBRS,
6464787,16470,1,2014,I,,,N,F,,C,2014_01_PA0280000_NIBRS,
6487237,16470,2,2014,I,,,N,F,,C,2014_02_PA0280000_NIBRS,
6509687,16470,3,2014,I,,,N,F,,C,2014_03_PA0280000_NIBRS,
6532137,16470,4,2014,I,,,N,F,,C,2014_04_PA0280000_NIBRS,
6554587,16470,5,2014,I,,,N,F,,C,2014_05_PA0280000_NIBRS,
6577037,16470,6,2014,Z,,,N,F,,C,2014_06_PA0280000_NIBRS,
6599487,16470,7,2014,I,,,N,F,,C,2014_07_PA0280000_NIBRS,
6621937,16470,8,2014,I,,,N,F,,C,2014_08_PA0280000_NIBRS,
6644387,16470,9,2014,I,,,N,F,,C,2014_09_PA0280000_NIBRS,
6666837,16470,10,2014,I,,,N,F,,C,2014_10_PA0280000_NIBRS,
6689287,16470,11,2014,I,,,N,F,,C,2014_11_PA0280000_NIBRS,
6711737,16470,12,2014,I,,,N,F,,C,2014_12_PA0280000_NIBRS,
6464788,16471,1,2014,U,,,N,F,,C,2014_01_PA0280100_NIBRS,
6487238,16471,2,2014,U,,,N,F,,C,2014_02_PA0280100_NIBRS,
6509688,16471,3,2014,U,,,N,F,,C,2014_03_PA0280100_NIBRS,
6532138,16471,4,2014,U,,,N,F,,C,2014_04_PA0280100_NIBRS,
6554588,16471,5,2014,U,,,N,F,,C,2014_05_PA0280100_NIBRS,
6577038,16471,6,2014,U,,,N,F,,C,2014_06_PA0280100_NIBRS,
6599488,16471,7,2014,U,,,N,F,,C,2014_07_PA0280100_NIBRS,
6621938,16471,8,2014,U,,,N,F,,C,2014_08_PA0280100_NIBRS,
6644388,16471,9,2014,U,,,N,F,,C,2014_09_PA0280100_NIBRS,
6666838,16471,10,2014,U,,,N,F,,C,2014_10_PA0280100_NIBRS,
6689288,16471,11,2014,U,,,N,F,,C,2014_11_PA0280100_NIBRS,
6711738,16471,12,2014,U,,,N,F,,C,2014_12_PA0280100_NIBRS,
6464789,16472,1,2014,I,,,N,F,,C,2014_01_PA0280200_NIBRS,
6487239,16472,2,2014,I,,,N,F,,C,2014_02_PA0280200_NIBRS,
6509689,16472,3,2014,I,,,N,F,,C,2014_03_PA0280200_NIBRS,
6532139,16472,4,2014,I,,,N,F,,C,2014_04_PA0280200_NIBRS,
6554589,16472,5,2014,I,,,N,F,,C,2014_05_PA0280200_NIBRS,
6577039,16472,6,2014,I,,,N,F,,C,2014_06_PA0280200_NIBRS,
6599489,16472,7,2014,I,,,N,F,,C,2014_07_PA0280200_NIBRS,
6621939,16472,8,2014,I,,,N,F,,C,2014_08_PA0280200_NIBRS,
6644389,16472,9,2014,I,,,N,F,,C,2014_09_PA0280200_NIBRS,
6666839,16472,10,2014,I,,,N,F,,C,2014_10_PA0280200_NIBRS,
6689289,16472,11,2014,I,,,N,F,,C,2014_11_PA0280200_NIBRS,
6711739,16472,12,2014,I,,,N,F,,C,2014_12_PA0280200_NIBRS,
6464790,16473,1,2014,I,,,N,F,,C,2014_01_PA0280300_NIBRS,
6487240,16473,2,2014,I,,,N,F,,C,2014_02_PA0280300_NIBRS,
6509690,16473,3,2014,I,,,N,F,,C,2014_03_PA0280300_NIBRS,
6532140,16473,4,2014,I,,,N,F,,C,2014_04_PA0280300_NIBRS,
6554590,16473,5,2014,I,,,N,F,,C,2014_05_PA0280300_NIBRS,
6577040,16473,6,2014,I,,,N,F,,C,2014_06_PA0280300_NIBRS,
6599490,16473,7,2014,I,,,N,F,,C,2014_07_PA0280300_NIBRS,
6621940,16473,8,2014,I,,,N,F,,C,2014_08_PA0280300_NIBRS,
6644390,16473,9,2014,I,,,N,F,,C,2014_09_PA0280300_NIBRS,
6666840,16473,10,2014,I,,,N,F,,C,2014_10_PA0280300_NIBRS,
6689290,16473,11,2014,I,,,N,F,,C,2014_11_PA0280300_NIBRS,
6711740,16473,12,2014,I,,,N,F,,C,2014_12_PA0280300_NIBRS,
6464791,16474,1,2014,I,,,N,F,,C,2014_01_PA0280400_NIBRS,
6487241,16474,2,2014,I,,,N,F,,C,2014_02_PA0280400_NIBRS,
6509691,16474,3,2014,I,,,N,F,,C,2014_03_PA0280400_NIBRS,
6532141,16474,4,2014,I,,,N,F,,C,2014_04_PA0280400_NIBRS,
6554591,16474,5,2014,I,,,N,F,,C,2014_05_PA0280400_NIBRS,
6577041,16474,6,2014,I,,,N,F,,C,2014_06_PA0280400_NIBRS,
6599491,16474,7,2014,I,,,N,F,,C,2014_07_PA0280400_NIBRS,
6621941,16474,8,2014,I,,,N,F,,C,2014_08_PA0280400_NIBRS,
6644391,16474,9,2014,I,,,N,F,,C,2014_09_PA0280400_NIBRS,
6666841,16474,10,2014,I,,,N,F,,C,2014_10_PA0280400_NIBRS,
6689291,16474,11,2014,I,,,N,F,,C,2014_11_PA0280400_NIBRS,
6711741,16474,12,2014,I,,,N,F,,C,2014_12_PA0280400_NIBRS,
6464792,16475,1,2014,U,,,N,F,,C,2014_01_PA0280500_NIBRS,
6487242,16475,2,2014,U,,,N,F,,C,2014_02_PA0280500_NIBRS,
6509692,16475,3,2014,U,,,N,F,,C,2014_03_PA0280500_NIBRS,
6532142,16475,4,2014,U,,,N,F,,C,2014_04_PA0280500_NIBRS,
6554592,16475,5,2014,U,,,N,F,,C,2014_05_PA0280500_NIBRS,
6577042,16475,6,2014,U,,,N,F,,C,2014_06_PA0280500_NIBRS,
6599492,16475,7,2014,U,,,N,F,,C,2014_07_PA0280500_NIBRS,
6621942,16475,8,2014,U,,,N,F,,C,2014_08_PA0280500_NIBRS,
6644392,16475,9,2014,U,,,N,F,,C,2014_09_PA0280500_NIBRS,
6666842,16475,10,2014,U,,,N,F,,C,2014_10_PA0280500_NIBRS,
6689292,16475,11,2014,U,,,N,F,,C,2014_11_PA0280500_NIBRS,
6711742,16475,12,2014,U,,,N,F,,C,2014_12_PA0280500_NIBRS,
6464793,16476,1,2014,I,,,N,F,,C,2014_01_PA0280600_NIBRS,
6487243,16476,2,2014,I,,,N,F,,C,2014_02_PA0280600_NIBRS,
6509693,16476,3,2014,I,,,N,F,,C,2014_03_PA0280600_NIBRS,
6532143,16476,4,2014,I,,,N,F,,C,2014_04_PA0280600_NIBRS,
6554593,16476,5,2014,I,,,N,F,,C,2014_05_PA0280600_NIBRS,
6577043,16476,6,2014,I,,,N,F,,C,2014_06_PA0280600_NIBRS,
6599493,16476,7,2014,I,,,N,F,,C,2014_07_PA0280600_NIBRS,
6621943,16476,8,2014,I,,,N,F,,C,2014_08_PA0280600_NIBRS,
6644393,16476,9,2014,I,,,N,F,,C,2014_09_PA0280600_NIBRS,
6666843,16476,10,2014,I,,,N,F,,C,2014_10_PA0280600_NIBRS,
6689293,16476,11,2014,I,,,N,F,,C,2014_11_PA0280600_NIBRS,
6711743,16476,12,2014,I,,,N,F,,C,2014_12_PA0280600_NIBRS,
6464794,16477,1,2014,U,,,N,F,,C,2014_01_PA0281000_NIBRS,
6487244,16477,2,2014,U,,,N,F,,C,2014_02_PA0281000_NIBRS,
6509694,16477,3,2014,U,,,N,F,,C,2014_03_PA0281000_NIBRS,
6532144,16477,4,2014,U,,,N,F,,C,2014_04_PA0281000_NIBRS,
6554594,16477,5,2014,U,,,N,F,,C,2014_05_PA0281000_NIBRS,
6577044,16477,6,2014,U,,,N,F,,C,2014_06_PA0281000_NIBRS,
6599494,16477,7,2014,U,,,N,F,,C,2014_07_PA0281000_NIBRS,
6621944,16477,8,2014,U,,,N,F,,C,2014_08_PA0281000_NIBRS,
6644394,16477,9,2014,U,,,N,F,,C,2014_09_PA0281000_NIBRS,
6666844,16477,10,2014,U,,,N,F,,C,2014_10_PA0281000_NIBRS,
6689294,16477,11,2014,U,,,N,F,,C,2014_11_PA0281000_NIBRS,
6711744,16477,12,2014,U,,,N,F,,C,2014_12_PA0281000_NIBRS,
6470430,23226,1,2014,U,,,N,F,,C,2014_01_PA0281100_NIBRS,
6492880,23226,2,2014,U,,,N,F,,C,2014_02_PA0281100_NIBRS,
6515330,23226,3,2014,U,,,N,F,,C,2014_03_PA0281100_NIBRS,
6537780,23226,4,2014,U,,,N,F,,C,2014_04_PA0281100_NIBRS,
6560230,23226,5,2014,U,,,N,F,,C,2014_05_PA0281100_NIBRS,
6582680,23226,6,2014,U,,,N,F,,C,2014_06_PA0281100_NIBRS,
6605130,23226,7,2014,U,,,N,F,,C,2014_07_PA0281100_NIBRS,
6627580,23226,8,2014,U,,,N,F,,C,2014_08_PA0281100_NIBRS,
6650030,23226,9,2014,U,,,N,F,,C,2014_09_PA0281100_NIBRS,
6672480,23226,10,2014,U,,,N,F,,C,2014_10_PA0281100_NIBRS,
6694930,23226,11,2014,U,,,N,F,,C,2014_11_PA0281100_NIBRS,
6717380,23226,12,2014,U,,,N,F,,C,2014_12_PA0281100_NIBRS,
6464795,16478,1,2014,U,,,N,F,,C,2014_01_PA028BF00_NIBRS,
6487245,16478,2,2014,U,,,N,F,,C,2014_02_PA028BF00_NIBRS,
6509695,16478,3,2014,U,,,N,F,,C,2014_03_PA028BF00_NIBRS,
6532145,16478,4,2014,U,,,N,F,,C,2014_04_PA028BF00_NIBRS,
6554595,16478,5,2014,U,,,N,F,,C,2014_05_PA028BF00_NIBRS,
6577045,16478,6,2014,U,,,N,F,,C,2014_06_PA028BF00_NIBRS,
6599495,16478,7,2014,U,,,N,F,,C,2014_07_PA028BF00_NIBRS,
6621945,16478,8,2014,U,,,N,F,,C,2014_08_PA028BF00_NIBRS,
6644395,16478,9,2014,U,,,N,F,,C,2014_09_PA028BF00_NIBRS,
6666845,16478,10,2014,U,,,N,F,,C,2014_10_PA028BF00_NIBRS,
6689295,16478,11,2014,U,,,N,F,,C,2014_11_PA028BF00_NIBRS,
6711745,16478,12,2014,U,,,N,F,,C,2014_12_PA028BF00_NIBRS,
6464796,16479,1,2014,U,,,N,F,,C,2014_01_PA028DE00_NIBRS,
6487246,16479,2,2014,U,,,N,F,,C,2014_02_PA028DE00_NIBRS,
6509696,16479,3,2014,U,,,N,F,,C,2014_03_PA028DE00_NIBRS,
6532146,16479,4,2014,U,,,N,F,,C,2014_04_PA028DE00_NIBRS,
6554596,16479,5,2014,U,,,N,F,,C,2014_05_PA028DE00_NIBRS,
6577046,16479,6,2014,U,,,N,F,,C,2014_06_PA028DE00_NIBRS,
6599496,16479,7,2014,U,,,N,F,,C,2014_07_PA028DE00_NIBRS,
6621946,16479,8,2014,U,,,N,F,,C,2014_08_PA028DE00_NIBRS,
6644396,16479,9,2014,U,,,N,F,,C,2014_09_PA028DE00_NIBRS,
6666846,16479,10,2014,U,,,N,F,,C,2014_10_PA028DE00_NIBRS,
6689296,16479,11,2014,U,,,N,F,,C,2014_11_PA028DE00_NIBRS,
6711746,16479,12,2014,U,,,N,F,,C,2014_12_PA028DE00_NIBRS,
6464797,16480,1,2014,U,,,N,F,,C,2014_01_PA028SP00_NIBRS,
6487247,16480,2,2014,U,,,N,F,,C,2014_02_PA028SP00_NIBRS,
6509697,16480,3,2014,U,,,N,F,,C,2014_03_PA028SP00_NIBRS,
6532147,16480,4,2014,U,,,N,F,,C,2014_04_PA028SP00_NIBRS,
6554597,16480,5,2014,U,,,N,F,,C,2014_05_PA028SP00_NIBRS,
6577047,16480,6,2014,U,,,N,F,,C,2014_06_PA028SP00_NIBRS,
6599497,16480,7,2014,U,,,N,F,,C,2014_07_PA028SP00_NIBRS,
6621947,16480,8,2014,U,,,N,F,,C,2014_08_PA028SP00_NIBRS,
6644397,16480,9,2014,U,,,N,F,,C,2014_09_PA028SP00_NIBRS,
6666847,16480,10,2014,U,,,N,F,,C,2014_10_PA028SP00_NIBRS,
6689297,16480,11,2014,U,,,N,F,,C,2014_11_PA028SP00_NIBRS,
6711747,16480,12,2014,U,,,N,F,,C,2014_12_PA028SP00_NIBRS,
6464455,16138,1,2014,U,,,N,F,,C,2014_01_PA0140500_NIBRS,
6486905,16138,2,2014,U,,,N,F,,C,2014_02_PA0140500_NIBRS,
6509355,16138,3,2014,U,,,N,F,,C,2014_03_PA0140500_NIBRS,
6531805,16138,4,2014,U,,,N,F,,C,2014_04_PA0140500_NIBRS,
6554255,16138,5,2014,U,,,N,F,,C,2014_05_PA0140500_NIBRS,
6576705,16138,6,2014,U,,,N,F,,C,2014_06_PA0140500_NIBRS,
6599155,16138,7,2014,U,,,N,F,,C,2014_07_PA0140500_NIBRS,
6621605,16138,8,2014,U,,,N,F,,C,2014_08_PA0140500_NIBRS,
6644055,16138,9,2014,U,,,N,F,,C,2014_09_PA0140500_NIBRS,
6666505,16138,10,2014,U,,,N,F,,C,2014_10_PA0140500_NIBRS,
6688955,16138,11,2014,U,,,N,F,,C,2014_11_PA0140500_NIBRS,
6711405,16138,12,2014,U,,,N,F,,C,2014_12_PA0140500_NIBRS,
6464456,16139,1,2014,U,,,N,F,,C,2014_01_PA0140600_NIBRS,
6486906,16139,2,2014,U,,,N,F,,C,2014_02_PA0140600_NIBRS,
6509356,16139,3,2014,U,,,N,F,,C,2014_03_PA0140600_NIBRS,
6531806,16139,4,2014,U,,,N,F,,C,2014_04_PA0140600_NIBRS,
6554256,16139,5,2014,U,,,N,F,,C,2014_05_PA0140600_NIBRS,
6576706,16139,6,2014,U,,,N,F,,C,2014_06_PA0140600_NIBRS,
6599156,16139,7,2014,U,,,N,F,,C,2014_07_PA0140600_NIBRS,
6621606,16139,8,2014,U,,,N,F,,C,2014_08_PA0140600_NIBRS,
6644056,16139,9,2014,U,,,N,F,,C,2014_09_PA0140600_NIBRS,
6666506,16139,10,2014,U,,,N,F,,C,2014_10_PA0140600_NIBRS,
6688956,16139,11,2014,U,,,N,F,,C,2014_11_PA0140600_NIBRS,
6711406,16139,12,2014,U,,,N,F,,C,2014_12_PA0140600_NIBRS,
6464457,16140,1,2014,U,,,N,F,,C,2014_01_PA0140700_NIBRS,
6486907,16140,2,2014,U,,,N,F,,C,2014_02_PA0140700_NIBRS,
6509357,16140,3,2014,U,,,N,F,,C,2014_03_PA0140700_NIBRS,
6531807,16140,4,2014,U,,,N,F,,C,2014_04_PA0140700_NIBRS,
6554257,16140,5,2014,U,,,N,F,,C,2014_05_PA0140700_NIBRS,
6576707,16140,6,2014,U,,,N,F,,C,2014_06_PA0140700_NIBRS,
6599157,16140,7,2014,U,,,N,F,,C,2014_07_PA0140700_NIBRS,
6621607,16140,8,2014,U,,,N,F,,C,2014_08_PA0140700_NIBRS,
6644057,16140,9,2014,U,,,N,F,,C,2014_09_PA0140700_NIBRS,
6666507,16140,10,2014,U,,,N,F,,C,2014_10_PA0140700_NIBRS,
6688957,16140,11,2014,U,,,N,F,,C,2014_11_PA0140700_NIBRS,
6711407,16140,12,2014,U,,,N,F,,C,2014_12_PA0140700_NIBRS,
6464458,16141,1,2014,U,,,N,F,,C,2014_01_PA0140800_NIBRS,
6486908,16141,2,2014,U,,,N,F,,C,2014_02_PA0140800_NIBRS,
6509358,16141,3,2014,U,,,N,F,,C,2014_03_PA0140800_NIBRS,
6531808,16141,4,2014,U,,,N,F,,C,2014_04_PA0140800_NIBRS,
6554258,16141,5,2014,U,,,N,F,,C,2014_05_PA0140800_NIBRS,
6576708,16141,6,2014,U,,,N,F,,C,2014_06_PA0140800_NIBRS,
6599158,16141,7,2014,U,,,N,F,,C,2014_07_PA0140800_NIBRS,
6621608,16141,8,2014,U,,,N,F,,C,2014_08_PA0140800_NIBRS,
6644058,16141,9,2014,U,,,N,F,,C,2014_09_PA0140800_NIBRS,
6666508,16141,10,2014,U,,,N,F,,C,2014_10_PA0140800_NIBRS,
6688958,16141,11,2014,U,,,N,F,,C,2014_11_PA0140800_NIBRS,
6711408,16141,12,2014,U,,,N,F,,C,2014_12_PA0140800_NIBRS,
6464459,16142,1,2014,U,,,N,F,,C,2014_01_PA0140900_NIBRS,
6486909,16142,2,2014,U,,,N,F,,C,2014_02_PA0140900_NIBRS,
6509359,16142,3,2014,U,,,N,F,,C,2014_03_PA0140900_NIBRS,
6531809,16142,4,2014,U,,,N,F,,C,2014_04_PA0140900_NIBRS,
6554259,16142,5,2014,U,,,N,F,,C,2014_05_PA0140900_NIBRS,
6576709,16142,6,2014,U,,,N,F,,C,2014_06_PA0140900_NIBRS,
6599159,16142,7,2014,U,,,N,F,,C,2014_07_PA0140900_NIBRS,
6621609,16142,8,2014,U,,,N,F,,C,2014_08_PA0140900_NIBRS,
6644059,16142,9,2014,U,,,N,F,,C,2014_09_PA0140900_NIBRS,
6666509,16142,10,2014,U,,,N,F,,C,2014_10_PA0140900_NIBRS,
6688959,16142,11,2014,U,,,N,F,,C,2014_11_PA0140900_NIBRS,
6711409,16142,12,2014,U,,,N,F,,C,2014_12_PA0140900_NIBRS,
6464460,16143,1,2014,U,,,N,F,,C,2014_01_PA0141100_NIBRS,
6486910,16143,2,2014,U,,,N,F,,C,2014_02_PA0141100_NIBRS,
6509360,16143,3,2014,U,,,N,F,,C,2014_03_PA0141100_NIBRS,
6531810,16143,4,2014,U,,,N,F,,C,2014_04_PA0141100_NIBRS,
6554260,16143,5,2014,U,,,N,F,,C,2014_05_PA0141100_NIBRS,
6576710,16143,6,2014,U,,,N,F,,C,2014_06_PA0141100_NIBRS,
6599160,16143,7,2014,U,,,N,F,,C,2014_07_PA0141100_NIBRS,
6621610,16143,8,2014,U,,,N,F,,C,2014_08_PA0141100_NIBRS,
6644060,16143,9,2014,U,,,N,F,,C,2014_09_PA0141100_NIBRS,
6666510,16143,10,2014,U,,,N,F,,C,2014_10_PA0141100_NIBRS,
6688960,16143,11,2014,U,,,N,F,,C,2014_11_PA0141100_NIBRS,
6711410,16143,12,2014,U,,,N,F,,C,2014_12_PA0141100_NIBRS,
6464461,16144,1,2014,U,,,N,F,,C,2014_01_PA0141200_NIBRS,
6486911,16144,2,2014,U,,,N,F,,C,2014_02_PA0141200_NIBRS,
6509361,16144,3,2014,U,,,N,F,,C,2014_03_PA0141200_NIBRS,
6531811,16144,4,2014,U,,,N,F,,C,2014_04_PA0141200_NIBRS,
6554261,16144,5,2014,U,,,N,F,,C,2014_05_PA0141200_NIBRS,
6576711,16144,6,2014,U,,,N,F,,C,2014_06_PA0141200_NIBRS,
6599161,16144,7,2014,U,,,N,F,,C,2014_07_PA0141200_NIBRS,
6621611,16144,8,2014,U,,,N,F,,C,2014_08_PA0141200_NIBRS,
6644061,16144,9,2014,U,,,N,F,,C,2014_09_PA0141200_NIBRS,
6666511,16144,10,2014,U,,,N,F,,C,2014_10_PA0141200_NIBRS,
6688961,16144,11,2014,U,,,N,F,,C,2014_11_PA0141200_NIBRS,
6711411,16144,12,2014,U,,,N,F,,C,2014_12_PA0141200_NIBRS,
6470473,23269,1,2014,U,,,N,F,,C,2014_01_PA0141700_NIBRS,
6492923,23269,2,2014,U,,,N,F,,C,2014_02_PA0141700_NIBRS,
6515373,23269,3,2014,U,,,N,F,,C,2014_03_PA0141700_NIBRS,
6537823,23269,4,2014,U,,,N,F,,C,2014_04_PA0141700_NIBRS,
6560273,23269,5,2014,U,,,N,F,,C,2014_05_PA0141700_NIBRS,
6582723,23269,6,2014,U,,,N,F,,C,2014_06_PA0141700_NIBRS,
6605173,23269,7,2014,U,,,N,F,,C,2014_07_PA0141700_NIBRS,
6627623,23269,8,2014,U,,,N,F,,C,2014_08_PA0141700_NIBRS,
6650073,23269,9,2014,U,,,N,F,,C,2014_09_PA0141700_NIBRS,
6672523,23269,10,2014,U,,,N,F,,C,2014_10_PA0141700_NIBRS,
6694973,23269,11,2014,U,,,N,F,,C,2014_11_PA0141700_NIBRS,
6717423,23269,12,2014,U,,,N,F,,C,2014_12_PA0141700_NIBRS,
6464462,16145,1,2014,U,,,N,F,,C,2014_01_PA014BF00_NIBRS,
6486912,16145,2,2014,U,,,N,F,,C,2014_02_PA014BF00_NIBRS,
6509362,16145,3,2014,U,,,N,F,,C,2014_03_PA014BF00_NIBRS,
6531812,16145,4,2014,U,,,N,F,,C,2014_04_PA014BF00_NIBRS,
6554262,16145,5,2014,U,,,N,F,,C,2014_05_PA014BF00_NIBRS,
6576712,16145,6,2014,U,,,N,F,,C,2014_06_PA014BF00_NIBRS,
6599162,16145,7,2014,U,,,N,F,,C,2014_07_PA014BF00_NIBRS,
6621612,16145,8,2014,U,,,N,F,,C,2014_08_PA014BF00_NIBRS,
6644062,16145,9,2014,U,,,N,F,,C,2014_09_PA014BF00_NIBRS,
6666512,16145,10,2014,U,,,N,F,,C,2014_10_PA014BF00_NIBRS,
6688962,16145,11,2014,U,,,N,F,,C,2014_11_PA014BF00_NIBRS,
6711412,16145,12,2014,U,,,N,F,,C,2014_12_PA014BF00_NIBRS,
6464463,16146,1,2014,U,,,N,F,,C,2014_01_PA014DE00_NIBRS,
6486913,16146,2,2014,U,,,N,F,,C,2014_02_PA014DE00_NIBRS,
6509363,16146,3,2014,U,,,N,F,,C,2014_03_PA014DE00_NIBRS,
6531813,16146,4,2014,U,,,N,F,,C,2014_04_PA014DE00_NIBRS,
6554263,16146,5,2014,U,,,N,F,,C,2014_05_PA014DE00_NIBRS,
6576713,16146,6,2014,U,,,N,F,,C,2014_06_PA014DE00_NIBRS,
6599163,16146,7,2014,U,,,N,F,,C,2014_07_PA014DE00_NIBRS,
6621613,16146,8,2014,U,,,N,F,,C,2014_08_PA014DE00_NIBRS,
6644063,16146,9,2014,U,,,N,F,,C,2014_09_PA014DE00_NIBRS,
6666513,16146,10,2014,U,,,N,F,,C,2014_10_PA014DE00_NIBRS,
6688963,16146,11,2014,U,,,N,F,,C,2014_11_PA014DE00_NIBRS,
6711413,16146,12,2014,U,,,N,F,,C,2014_12_PA014DE00_NIBRS,
6465004,16687,1,2014,U,,,N,F,,C,2014_01_PA039BF00_NIBRS,
6487454,16687,2,2014,U,,,N,F,,C,2014_02_PA039BF00_NIBRS,
6509904,16687,3,2014,U,,,N,F,,C,2014_03_PA039BF00_NIBRS,
6532354,16687,4,2014,U,,,N,F,,C,2014_04_PA039BF00_NIBRS,
6554804,16687,5,2014,U,,,N,F,,C,2014_05_PA039BF00_NIBRS,
6577254,16687,6,2014,U,,,N,F,,C,2014_06_PA039BF00_NIBRS,
6599704,16687,7,2014,U,,,N,F,,C,2014_07_PA039BF00_NIBRS,
6622154,16687,8,2014,U,,,N,F,,C,2014_08_PA039BF00_NIBRS,
6644604,16687,9,2014,U,,,N,F,,C,2014_09_PA039BF00_NIBRS,
6667054,16687,10,2014,U,,,N,F,,C,2014_10_PA039BF00_NIBRS,
6689504,16687,11,2014,U,,,N,F,,C,2014_11_PA039BF00_NIBRS,
6711954,16687,12,2014,U,,,N,F,,C,2014_12_PA039BF00_NIBRS,
6465005,16688,1,2014,U,,,N,F,,C,2014_01_PA039DE00_NIBRS,
6487455,16688,2,2014,U,,,N,F,,C,2014_02_PA039DE00_NIBRS,
6509905,16688,3,2014,U,,,N,F,,C,2014_03_PA039DE00_NIBRS,
6532355,16688,4,2014,U,,,N,F,,C,2014_04_PA039DE00_NIBRS,
6554805,16688,5,2014,U,,,N,F,,C,2014_05_PA039DE00_NIBRS,
6577255,16688,6,2014,U,,,N,F,,C,2014_06_PA039DE00_NIBRS,
6599705,16688,7,2014,U,,,N,F,,C,2014_07_PA039DE00_NIBRS,
6622155,16688,8,2014,U,,,N,F,,C,2014_08_PA039DE00_NIBRS,
6644605,16688,9,2014,U,,,N,F,,C,2014_09_PA039DE00_NIBRS,
6667055,16688,10,2014,U,,,N,F,,C,2014_10_PA039DE00_NIBRS,
6689505,16688,11,2014,U,,,N,F,,C,2014_11_PA039DE00_NIBRS,
6711955,16688,12,2014,U,,,N,F,,C,2014_12_PA039DE00_NIBRS,
6465006,16689,1,2014,U,,,N,F,,C,2014_01_PA039SP00_NIBRS,
6487456,16689,2,2014,U,,,N,F,,C,2014_02_PA039SP00_NIBRS,
6509906,16689,3,2014,U,,,N,F,,C,2014_03_PA039SP00_NIBRS,
6532356,16689,4,2014,U,,,N,F,,C,2014_04_PA039SP00_NIBRS,
6554806,16689,5,2014,U,,,N,F,,C,2014_05_PA039SP00_NIBRS,
6577256,16689,6,2014,U,,,N,F,,C,2014_06_PA039SP00_NIBRS,
6599706,16689,7,2014,U,,,N,F,,C,2014_07_PA039SP00_NIBRS,
6622156,16689,8,2014,U,,,N,F,,C,2014_08_PA039SP00_NIBRS,
6644606,16689,9,2014,U,,,N,F,,C,2014_09_PA039SP00_NIBRS,
6667056,16689,10,2014,U,,,N,F,,C,2014_10_PA039SP00_NIBRS,
6689506,16689,11,2014,U,,,N,F,,C,2014_11_PA039SP00_NIBRS,
6711956,16689,12,2014,U,,,N,F,,C,2014_12_PA039SP00_NIBRS,
6465007,16690,1,2014,U,,,N,F,,C,2014_01_PA03BCI0X_NIBRS,
6487457,16690,2,2014,U,,,N,F,,C,2014_02_PA03BCI0X_NIBRS,
6509907,16690,3,2014,U,,,N,F,,C,2014_03_PA03BCI0X_NIBRS,
6532357,16690,4,2014,U,,,N,F,,C,2014_04_PA03BCI0X_NIBRS,
6554807,16690,5,2014,U,,,N,F,,C,2014_05_PA03BCI0X_NIBRS,
6577257,16690,6,2014,U,,,N,F,,C,2014_06_PA03BCI0X_NIBRS,
6599707,16690,7,2014,U,,,N,F,,C,2014_07_PA03BCI0X_NIBRS,
6622157,16690,8,2014,U,,,N,F,,C,2014_08_PA03BCI0X_NIBRS,
6644607,16690,9,2014,U,,,N,F,,C,2014_09_PA03BCI0X_NIBRS,
6667057,16690,10,2014,U,,,N,F,,C,2014_10_PA03BCI0X_NIBRS,
6689507,16690,11,2014,U,,,N,F,,C,2014_11_PA03BCI0X_NIBRS,
6711957,16690,12,2014,U,,,N,F,,C,2014_12_PA03BCI0X_NIBRS,
6465008,16691,1,2014,U,,,N,F,,C,2014_01_PA0400000_NIBRS,
6487458,16691,2,2014,U,,,N,F,,C,2014_02_PA0400000_NIBRS,
6509908,16691,3,2014,U,,,N,F,,C,2014_03_PA0400000_NIBRS,
6532358,16691,4,2014,U,,,N,F,,C,2014_04_PA0400000_NIBRS,
6554808,16691,5,2014,U,,,N,F,,C,2014_05_PA0400000_NIBRS,
6577258,16691,6,2014,U,,,N,F,,C,2014_06_PA0400000_NIBRS,
6599708,16691,7,2014,U,,,N,F,,C,2014_07_PA0400000_NIBRS,
6622158,16691,8,2014,U,,,N,F,,C,2014_08_PA0400000_NIBRS,
6644608,16691,9,2014,U,,,N,F,,C,2014_09_PA0400000_NIBRS,
6667058,16691,10,2014,U,,,N,F,,C,2014_10_PA0400000_NIBRS,
6689508,16691,11,2014,U,,,N,F,,C,2014_11_PA0400000_NIBRS,
6711958,16691,12,2014,U,,,N,F,,C,2014_12_PA0400000_NIBRS,
6465009,16692,1,2014,I,,,N,F,,C,2014_01_PA0400100_NIBRS,
6487459,16692,2,2014,I,,,N,F,,C,2014_02_PA0400100_NIBRS,
6509909,16692,3,2014,I,,,N,F,,C,2014_03_PA0400100_NIBRS,
6532359,16692,4,2014,I,,,N,F,,C,2014_04_PA0400100_NIBRS,
6554809,16692,5,2014,I,,,N,F,,C,2014_05_PA0400100_NIBRS,
6577259,16692,6,2014,I,,,N,F,,C,2014_06_PA0400100_NIBRS,
6599709,16692,7,2014,I,,,N,F,,C,2014_07_PA0400100_NIBRS,
6622159,16692,8,2014,I,,,N,F,,C,2014_08_PA0400100_NIBRS,
6644609,16692,9,2014,I,,,N,F,,C,2014_09_PA0400100_NIBRS,
6667059,16692,10,2014,I,,,N,F,,C,2014_10_PA0400100_NIBRS,
6689509,16692,11,2014,I,,,N,F,,C,2014_11_PA0400100_NIBRS,
6711959,16692,12,2014,I,,,N,F,,C,2014_12_PA0400100_NIBRS,
6465010,16693,1,2014,U,,,N,F,,C,2014_01_PA0400200_NIBRS,
6487460,16693,2,2014,U,,,N,F,,C,2014_02_PA0400200_NIBRS,
6509910,16693,3,2014,U,,,N,F,,C,2014_03_PA0400200_NIBRS,
6532360,16693,4,2014,U,,,N,F,,C,2014_04_PA0400200_NIBRS,
6554810,16693,5,2014,U,,,N,F,,C,2014_05_PA0400200_NIBRS,
6577260,16693,6,2014,U,,,N,F,,C,2014_06_PA0400200_NIBRS,
6599710,16693,7,2014,U,,,N,F,,C,2014_07_PA0400200_NIBRS,
6622160,16693,8,2014,U,,,N,F,,C,2014_08_PA0400200_NIBRS,
6644610,16693,9,2014,U,,,N,F,,C,2014_09_PA0400200_NIBRS,
6667060,16693,10,2014,U,,,N,F,,C,2014_10_PA0400200_NIBRS,
6689510,16693,11,2014,U,,,N,F,,C,2014_11_PA0400200_NIBRS,
6711960,16693,12,2014,U,,,N,F,,C,2014_12_PA0400200_NIBRS,
6465011,16694,1,2014,U,,,N,F,,C,2014_01_PA0400300_NIBRS,
6487461,16694,2,2014,U,,,N,F,,C,2014_02_PA0400300_NIBRS,
6509911,16694,3,2014,U,,,N,F,,C,2014_03_PA0400300_NIBRS,
6532361,16694,4,2014,U,,,N,F,,C,2014_04_PA0400300_NIBRS,
6554811,16694,5,2014,U,,,N,F,,C,2014_05_PA0400300_NIBRS,
6577261,16694,6,2014,U,,,N,F,,C,2014_06_PA0400300_NIBRS,
6599711,16694,7,2014,U,,,N,F,,C,2014_07_PA0400300_NIBRS,
6622161,16694,8,2014,U,,,N,F,,C,2014_08_PA0400300_NIBRS,
6644611,16694,9,2014,U,,,N,F,,C,2014_09_PA0400300_NIBRS,
6667061,16694,10,2014,U,,,N,F,,C,2014_10_PA0400300_NIBRS,
6689511,16694,11,2014,U,,,N,F,,C,2014_11_PA0400300_NIBRS,
6711961,16694,12,2014,U,,,N,F,,C,2014_12_PA0400300_NIBRS,
6465012,16695,1,2014,U,,,N,F,,C,2014_01_PA0400400_NIBRS,
6487462,16695,2,2014,U,,,N,F,,C,2014_02_PA0400400_NIBRS,
6509912,16695,3,2014,U,,,N,F,,C,2014_03_PA0400400_NIBRS,
6532362,16695,4,2014,U,,,N,F,,C,2014_04_PA0400400_NIBRS,
6554812,16695,5,2014,U,,,N,F,,C,2014_05_PA0400400_NIBRS,
6577262,16695,6,2014,U,,,N,F,,C,2014_06_PA0400400_NIBRS,
6599712,16695,7,2014,U,,,N,F,,C,2014_07_PA0400400_NIBRS,
6622162,16695,8,2014,U,,,N,F,,C,2014_08_PA0400400_NIBRS,
6644612,16695,9,2014,U,,,N,F,,C,2014_09_PA0400400_NIBRS,
6667062,16695,10,2014,U,,,N,F,,C,2014_10_PA0400400_NIBRS,
6689512,16695,11,2014,U,,,N,F,,C,2014_11_PA0400400_NIBRS,
6711962,16695,12,2014,U,,,N,F,,C,2014_12_PA0400400_NIBRS,
6465013,16696,1,2014,U,,,N,F,,C,2014_01_PA0400500_NIBRS,
6487463,16696,2,2014,U,,,N,F,,C,2014_02_PA0400500_NIBRS,
6509913,16696,3,2014,U,,,N,F,,C,2014_03_PA0400500_NIBRS,
6532363,16696,4,2014,U,,,N,F,,C,2014_04_PA0400500_NIBRS,
6554813,16696,5,2014,U,,,N,F,,C,2014_05_PA0400500_NIBRS,
6577263,16696,6,2014,U,,,N,F,,C,2014_06_PA0400500_NIBRS,
6599713,16696,7,2014,U,,,N,F,,C,2014_07_PA0400500_NIBRS,
6622163,16696,8,2014,U,,,N,F,,C,2014_08_PA0400500_NIBRS,
6644613,16696,9,2014,U,,,N,F,,C,2014_09_PA0400500_NIBRS,
6667063,16696,10,2014,U,,,N,F,,C,2014_10_PA0400500_NIBRS,
6689513,16696,11,2014,U,,,N,F,,C,2014_11_PA0400500_NIBRS,
6711963,16696,12,2014,U,,,N,F,,C,2014_12_PA0400500_NIBRS,
6465014,16697,1,2014,U,,,N,F,,C,2014_01_PA0400600_NIBRS,
6487464,16697,2,2014,U,,,N,F,,C,2014_02_PA0400600_NIBRS,
6509914,16697,3,2014,U,,,N,F,,C,2014_03_PA0400600_NIBRS,
6532364,16697,4,2014,U,,,N,F,,C,2014_04_PA0400600_NIBRS,
6554814,16697,5,2014,U,,,N,F,,C,2014_05_PA0400600_NIBRS,
6577264,16697,6,2014,U,,,N,F,,C,2014_06_PA0400600_NIBRS,
6599714,16697,7,2014,U,,,N,F,,C,2014_07_PA0400600_NIBRS,
6622164,16697,8,2014,U,,,N,F,,C,2014_08_PA0400600_NIBRS,
6644614,16697,9,2014,U,,,N,F,,C,2014_09_PA0400600_NIBRS,
6667064,16697,10,2014,U,,,N,F,,C,2014_10_PA0400600_NIBRS,
6689514,16697,11,2014,U,,,N,F,,C,2014_11_PA0400600_NIBRS,
6711964,16697,12,2014,U,,,N,F,,C,2014_12_PA0400600_NIBRS,
6465015,16698,1,2014,U,,,N,F,,C,2014_01_PA0400700_NIBRS,
6487465,16698,2,2014,U,,,N,F,,C,2014_02_PA0400700_NIBRS,
6509915,16698,3,2014,U,,,N,F,,C,2014_03_PA0400700_NIBRS,
6532365,16698,4,2014,U,,,N,F,,C,2014_04_PA0400700_NIBRS,
6554815,16698,5,2014,U,,,N,F,,C,2014_05_PA0400700_NIBRS,
6577265,16698,6,2014,U,,,N,F,,C,2014_06_PA0400700_NIBRS,
6599715,16698,7,2014,U,,,N,F,,C,2014_07_PA0400700_NIBRS,
6622165,16698,8,2014,U,,,N,F,,C,2014_08_PA0400700_NIBRS,
6644615,16698,9,2014,U,,,N,F,,C,2014_09_PA0400700_NIBRS,
6667065,16698,10,2014,U,,,N,F,,C,2014_10_PA0400700_NIBRS,
6689515,16698,11,2014,U,,,N,F,,C,2014_11_PA0400700_NIBRS,
6711965,16698,12,2014,U,,,N,F,,C,2014_12_PA0400700_NIBRS,
6465016,16699,1,2014,U,,,N,F,,C,2014_01_PA0400800_NIBRS,
6487466,16699,2,2014,U,,,N,F,,C,2014_02_PA0400800_NIBRS,
6509916,16699,3,2014,U,,,N,F,,C,2014_03_PA0400800_NIBRS,
6532366,16699,4,2014,U,,,N,F,,C,2014_04_PA0400800_NIBRS,
6554816,16699,5,2014,U,,,N,F,,C,2014_05_PA0400800_NIBRS,
6577266,16699,6,2014,U,,,N,F,,C,2014_06_PA0400800_NIBRS,
6599716,16699,7,2014,U,,,N,F,,C,2014_07_PA0400800_NIBRS,
6622166,16699,8,2014,U,,,N,F,,C,2014_08_PA0400800_NIBRS,
6644616,16699,9,2014,U,,,N,F,,C,2014_09_PA0400800_NIBRS,
6667066,16699,10,2014,U,,,N,F,,C,2014_10_PA0400800_NIBRS,
6689516,16699,11,2014,U,,,N,F,,C,2014_11_PA0400800_NIBRS,
6711966,16699,12,2014,U,,,N,F,,C,2014_12_PA0400800_NIBRS,
6465017,16700,1,2014,U,,,N,F,,C,2014_01_PA0400900_NIBRS,
6487467,16700,2,2014,U,,,N,F,,C,2014_02_PA0400900_NIBRS,
6509917,16700,3,2014,U,,,N,F,,C,2014_03_PA0400900_NIBRS,
6532367,16700,4,2014,U,,,N,F,,C,2014_04_PA0400900_NIBRS,
6554817,16700,5,2014,U,,,N,F,,C,2014_05_PA0400900_NIBRS,
6577267,16700,6,2014,U,,,N,F,,C,2014_06_PA0400900_NIBRS,
6599717,16700,7,2014,U,,,N,F,,C,2014_07_PA0400900_NIBRS,
6622167,16700,8,2014,U,,,N,F,,C,2014_08_PA0400900_NIBRS,
6644617,16700,9,2014,U,,,N,F,,C,2014_09_PA0400900_NIBRS,
6667067,16700,10,2014,U,,,N,F,,C,2014_10_PA0400900_NIBRS,
6689517,16700,11,2014,U,,,N,F,,C,2014_11_PA0400900_NIBRS,
6711967,16700,12,2014,U,,,N,F,,C,2014_12_PA0400900_NIBRS,
6465018,16701,1,2014,U,,,N,F,,C,2014_01_PA0401000_NIBRS,
6487468,16701,2,2014,U,,,N,F,,C,2014_02_PA0401000_NIBRS,
6509918,16701,3,2014,U,,,N,F,,C,2014_03_PA0401000_NIBRS,
6532368,16701,4,2014,U,,,N,F,,C,2014_04_PA0401000_NIBRS,
6554818,16701,5,2014,U,,,N,F,,C,2014_05_PA0401000_NIBRS,
6577268,16701,6,2014,U,,,N,F,,C,2014_06_PA0401000_NIBRS,
6599718,16701,7,2014,U,,,N,F,,C,2014_07_PA0401000_NIBRS,
6622168,16701,8,2014,U,,,N,F,,C,2014_08_PA0401000_NIBRS,
6644618,16701,9,2014,U,,,N,F,,C,2014_09_PA0401000_NIBRS,
6667068,16701,10,2014,U,,,N,F,,C,2014_10_PA0401000_NIBRS,
6689518,16701,11,2014,U,,,N,F,,C,2014_11_PA0401000_NIBRS,
6711968,16701,12,2014,U,,,N,F,,C,2014_12_PA0401000_NIBRS,
6465019,16702,1,2014,U,,,N,F,,C,2014_01_PA0401100_NIBRS,
6487469,16702,2,2014,U,,,N,F,,C,2014_02_PA0401100_NIBRS,
6509919,16702,3,2014,U,,,N,F,,C,2014_03_PA0401100_NIBRS,
6532369,16702,4,2014,U,,,N,F,,C,2014_04_PA0401100_NIBRS,
6554819,16702,5,2014,U,,,N,F,,C,2014_05_PA0401100_NIBRS,
6577269,16702,6,2014,U,,,N,F,,C,2014_06_PA0401100_NIBRS,
6599719,16702,7,2014,U,,,N,F,,C,2014_07_PA0401100_NIBRS,
6622169,16702,8,2014,U,,,N,F,,C,2014_08_PA0401100_NIBRS,
6644619,16702,9,2014,U,,,N,F,,C,2014_09_PA0401100_NIBRS,
6667069,16702,10,2014,U,,,N,F,,C,2014_10_PA0401100_NIBRS,
6689519,16702,11,2014,U,,,N,F,,C,2014_11_PA0401100_NIBRS,
6711969,16702,12,2014,U,,,N,F,,C,2014_12_PA0401100_NIBRS,
6465020,16703,1,2014,U,,,N,F,,C,2014_01_PA0401200_NIBRS,
6487470,16703,2,2014,U,,,N,F,,C,2014_02_PA0401200_NIBRS,
6509920,16703,3,2014,U,,,N,F,,C,2014_03_PA0401200_NIBRS,
6532370,16703,4,2014,U,,,N,F,,C,2014_04_PA0401200_NIBRS,
6554820,16703,5,2014,U,,,N,F,,C,2014_05_PA0401200_NIBRS,
6577270,16703,6,2014,U,,,N,F,,C,2014_06_PA0401200_NIBRS,
6599720,16703,7,2014,U,,,N,F,,C,2014_07_PA0401200_NIBRS,
6622170,16703,8,2014,U,,,N,F,,C,2014_08_PA0401200_NIBRS,
6644620,16703,9,2014,U,,,N,F,,C,2014_09_PA0401200_NIBRS,
6667070,16703,10,2014,U,,,N,F,,C,2014_10_PA0401200_NIBRS,
6689520,16703,11,2014,U,,,N,F,,C,2014_11_PA0401200_NIBRS,
6711970,16703,12,2014,U,,,N,F,,C,2014_12_PA0401200_NIBRS,
6465021,16704,1,2014,U,,,N,F,,C,2014_01_PA0401300_NIBRS,
6487471,16704,2,2014,U,,,N,F,,C,2014_02_PA0401300_NIBRS,
6509921,16704,3,2014,U,,,N,F,,C,2014_03_PA0401300_NIBRS,
6532371,16704,4,2014,U,,,N,F,,C,2014_04_PA0401300_NIBRS,
6554821,16704,5,2014,U,,,N,F,,C,2014_05_PA0401300_NIBRS,
6577271,16704,6,2014,U,,,N,F,,C,2014_06_PA0401300_NIBRS,
6599721,16704,7,2014,U,,,N,F,,C,2014_07_PA0401300_NIBRS,
6622171,16704,8,2014,U,,,N,F,,C,2014_08_PA0401300_NIBRS,
6644621,16704,9,2014,U,,,N,F,,C,2014_09_PA0401300_NIBRS,
6667071,16704,10,2014,U,,,N,F,,C,2014_10_PA0401300_NIBRS,
6689521,16704,11,2014,U,,,N,F,,C,2014_11_PA0401300_NIBRS,
6711971,16704,12,2014,U,,,N,F,,C,2014_12_PA0401300_NIBRS,
6465022,16705,1,2014,U,,,N,F,,C,2014_01_PA0401400_NIBRS,
6487472,16705,2,2014,U,,,N,F,,C,2014_02_PA0401400_NIBRS,
6509922,16705,3,2014,U,,,N,F,,C,2014_03_PA0401400_NIBRS,
6532372,16705,4,2014,U,,,N,F,,C,2014_04_PA0401400_NIBRS,
6554822,16705,5,2014,U,,,N,F,,C,2014_05_PA0401400_NIBRS,
6577272,16705,6,2014,U,,,N,F,,C,2014_06_PA0401400_NIBRS,
6599722,16705,7,2014,U,,,N,F,,C,2014_07_PA0401400_NIBRS,
6622172,16705,8,2014,U,,,N,F,,C,2014_08_PA0401400_NIBRS,
6644622,16705,9,2014,U,,,N,F,,C,2014_09_PA0401400_NIBRS,
6667072,16705,10,2014,U,,,N,F,,C,2014_10_PA0401400_NIBRS,
6689522,16705,11,2014,U,,,N,F,,C,2014_11_PA0401400_NIBRS,
6711972,16705,12,2014,U,,,N,F,,C,2014_12_PA0401400_NIBRS,
6465023,16706,1,2014,U,,,N,F,,C,2014_01_PA0401500_NIBRS,
6487473,16706,2,2014,U,,,N,F,,C,2014_02_PA0401500_NIBRS,
6509923,16706,3,2014,U,,,N,F,,C,2014_03_PA0401500_NIBRS,
6532373,16706,4,2014,U,,,N,F,,C,2014_04_PA0401500_NIBRS,
6554823,16706,5,2014,U,,,N,F,,C,2014_05_PA0401500_NIBRS,
6577273,16706,6,2014,U,,,N,F,,C,2014_06_PA0401500_NIBRS,
6599723,16706,7,2014,U,,,N,F,,C,2014_07_PA0401500_NIBRS,
6622173,16706,8,2014,U,,,N,F,,C,2014_08_PA0401500_NIBRS,
6644623,16706,9,2014,U,,,N,F,,C,2014_09_PA0401500_NIBRS,
6667073,16706,10,2014,U,,,N,F,,C,2014_10_PA0401500_NIBRS,
6689523,16706,11,2014,U,,,N,F,,C,2014_11_PA0401500_NIBRS,
6711973,16706,12,2014,U,,,N,F,,C,2014_12_PA0401500_NIBRS,
6465024,16707,1,2014,U,,,N,F,,C,2014_01_PA0401600_NIBRS,
6487474,16707,2,2014,U,,,N,F,,C,2014_02_PA0401600_NIBRS,
6509924,16707,3,2014,U,,,N,F,,C,2014_03_PA0401600_NIBRS,
6532374,16707,4,2014,U,,,N,F,,C,2014_04_PA0401600_NIBRS,
6554824,16707,5,2014,U,,,N,F,,C,2014_05_PA0401600_NIBRS,
6577274,16707,6,2014,U,,,N,F,,C,2014_06_PA0401600_NIBRS,
6599724,16707,7,2014,U,,,N,F,,C,2014_07_PA0401600_NIBRS,
6622174,16707,8,2014,U,,,N,F,,C,2014_08_PA0401600_NIBRS,
6644624,16707,9,2014,U,,,N,F,,C,2014_09_PA0401600_NIBRS,
6667074,16707,10,2014,U,,,N,F,,C,2014_10_PA0401600_NIBRS,
6689524,16707,11,2014,U,,,N,F,,C,2014_11_PA0401600_NIBRS,
6711974,16707,12,2014,U,,,N,F,,C,2014_12_PA0401600_NIBRS,
6465025,16708,1,2014,U,,,N,F,,C,2014_01_PA0401700_NIBRS,
6487475,16708,2,2014,U,,,N,F,,C,2014_02_PA0401700_NIBRS,
6509925,16708,3,2014,U,,,N,F,,C,2014_03_PA0401700_NIBRS,
6532375,16708,4,2014,U,,,N,F,,C,2014_04_PA0401700_NIBRS,
6554825,16708,5,2014,U,,,N,F,,C,2014_05_PA0401700_NIBRS,
6577275,16708,6,2014,U,,,N,F,,C,2014_06_PA0401700_NIBRS,
6599725,16708,7,2014,U,,,N,F,,C,2014_07_PA0401700_NIBRS,
6622175,16708,8,2014,U,,,N,F,,C,2014_08_PA0401700_NIBRS,
6644625,16708,9,2014,U,,,N,F,,C,2014_09_PA0401700_NIBRS,
6667075,16708,10,2014,U,,,N,F,,C,2014_10_PA0401700_NIBRS,
6689525,16708,11,2014,U,,,N,F,,C,2014_11_PA0401700_NIBRS,
6711975,16708,12,2014,U,,,N,F,,C,2014_12_PA0401700_NIBRS,
6465026,16709,1,2014,U,,,N,F,,C,2014_01_PA0401800_NIBRS,
6487476,16709,2,2014,U,,,N,F,,C,2014_02_PA0401800_NIBRS,
6509926,16709,3,2014,U,,,N,F,,C,2014_03_PA0401800_NIBRS,
6532376,16709,4,2014,U,,,N,F,,C,2014_04_PA0401800_NIBRS,
6554826,16709,5,2014,U,,,N,F,,C,2014_05_PA0401800_NIBRS,
6577276,16709,6,2014,U,,,N,F,,C,2014_06_PA0401800_NIBRS,
6599726,16709,7,2014,U,,,N,F,,C,2014_07_PA0401800_NIBRS,
6622176,16709,8,2014,U,,,N,F,,C,2014_08_PA0401800_NIBRS,
6644626,16709,9,2014,U,,,N,F,,C,2014_09_PA0401800_NIBRS,
6667076,16709,10,2014,U,,,N,F,,C,2014_10_PA0401800_NIBRS,
6689526,16709,11,2014,U,,,N,F,,C,2014_11_PA0401800_NIBRS,
6711976,16709,12,2014,U,,,N,F,,C,2014_12_PA0401800_NIBRS,
6465027,16710,1,2014,U,,,N,F,,C,2014_01_PA0401900_NIBRS,
6487477,16710,2,2014,U,,,N,F,,C,2014_02_PA0401900_NIBRS,
6509927,16710,3,2014,U,,,N,F,,C,2014_03_PA0401900_NIBRS,
6532377,16710,4,2014,U,,,N,F,,C,2014_04_PA0401900_NIBRS,
6554827,16710,5,2014,U,,,N,F,,C,2014_05_PA0401900_NIBRS,
6577277,16710,6,2014,U,,,N,F,,C,2014_06_PA0401900_NIBRS,
6599727,16710,7,2014,U,,,N,F,,C,2014_07_PA0401900_NIBRS,
6622177,16710,8,2014,U,,,N,F,,C,2014_08_PA0401900_NIBRS,
6644627,16710,9,2014,U,,,N,F,,C,2014_09_PA0401900_NIBRS,
6667077,16710,10,2014,U,,,N,F,,C,2014_10_PA0401900_NIBRS,
6689527,16710,11,2014,U,,,N,F,,C,2014_11_PA0401900_NIBRS,
6711977,16710,12,2014,U,,,N,F,,C,2014_12_PA0401900_NIBRS,
6465028,16711,1,2014,U,,,N,F,,C,2014_01_PA0402000_NIBRS,
6487478,16711,2,2014,U,,,N,F,,C,2014_02_PA0402000_NIBRS,
6509928,16711,3,2014,U,,,N,F,,C,2014_03_PA0402000_NIBRS,
6532378,16711,4,2014,U,,,N,F,,C,2014_04_PA0402000_NIBRS,
6554828,16711,5,2014,U,,,N,F,,C,2014_05_PA0402000_NIBRS,
6577278,16711,6,2014,U,,,N,F,,C,2014_06_PA0402000_NIBRS,
6599728,16711,7,2014,U,,,N,F,,C,2014_07_PA0402000_NIBRS,
6622178,16711,8,2014,U,,,N,F,,C,2014_08_PA0402000_NIBRS,
6644628,16711,9,2014,U,,,N,F,,C,2014_09_PA0402000_NIBRS,
6667078,16711,10,2014,U,,,N,F,,C,2014_10_PA0402000_NIBRS,
6689528,16711,11,2014,U,,,N,F,,C,2014_11_PA0402000_NIBRS,
6711978,16711,12,2014,U,,,N,F,,C,2014_12_PA0402000_NIBRS,
6465029,16712,1,2014,U,,,N,F,,C,2014_01_PA0402100_NIBRS,
6487479,16712,2,2014,U,,,N,F,,C,2014_02_PA0402100_NIBRS,
6509929,16712,3,2014,U,,,N,F,,C,2014_03_PA0402100_NIBRS,
6532379,16712,4,2014,U,,,N,F,,C,2014_04_PA0402100_NIBRS,
6554829,16712,5,2014,U,,,N,F,,C,2014_05_PA0402100_NIBRS,
6577279,16712,6,2014,U,,,N,F,,C,2014_06_PA0402100_NIBRS,
6599729,16712,7,2014,U,,,N,F,,C,2014_07_PA0402100_NIBRS,
6622179,16712,8,2014,U,,,N,F,,C,2014_08_PA0402100_NIBRS,
6644629,16712,9,2014,U,,,N,F,,C,2014_09_PA0402100_NIBRS,
6667079,16712,10,2014,U,,,N,F,,C,2014_10_PA0402100_NIBRS,
6689529,16712,11,2014,U,,,N,F,,C,2014_11_PA0402100_NIBRS,
6711979,16712,12,2014,U,,,N,F,,C,2014_12_PA0402100_NIBRS,
6465030,16713,1,2014,U,,,N,F,,C,2014_01_PA0402200_NIBRS,
6487480,16713,2,2014,U,,,N,F,,C,2014_02_PA0402200_NIBRS,
6509930,16713,3,2014,U,,,N,F,,C,2014_03_PA0402200_NIBRS,
6532380,16713,4,2014,U,,,N,F,,C,2014_04_PA0402200_NIBRS,
6554830,16713,5,2014,U,,,N,F,,C,2014_05_PA0402200_NIBRS,
6577280,16713,6,2014,U,,,N,F,,C,2014_06_PA0402200_NIBRS,
6599730,16713,7,2014,U,,,N,F,,C,2014_07_PA0402200_NIBRS,
6622180,16713,8,2014,U,,,N,F,,C,2014_08_PA0402200_NIBRS,
6644630,16713,9,2014,U,,,N,F,,C,2014_09_PA0402200_NIBRS,
6667080,16713,10,2014,U,,,N,F,,C,2014_10_PA0402200_NIBRS,
6689530,16713,11,2014,U,,,N,F,,C,2014_11_PA0402200_NIBRS,
6711980,16713,12,2014,U,,,N,F,,C,2014_12_PA0402200_NIBRS,
6465031,16714,1,2014,U,,,N,F,,C,2014_01_PA0402300_NIBRS,
6487481,16714,2,2014,U,,,N,F,,C,2014_02_PA0402300_NIBRS,
6509931,16714,3,2014,U,,,N,F,,C,2014_03_PA0402300_NIBRS,
6532381,16714,4,2014,U,,,N,F,,C,2014_04_PA0402300_NIBRS,
6554831,16714,5,2014,U,,,N,F,,C,2014_05_PA0402300_NIBRS,
6577281,16714,6,2014,U,,,N,F,,C,2014_06_PA0402300_NIBRS,
6599731,16714,7,2014,U,,,N,F,,C,2014_07_PA0402300_NIBRS,
6622181,16714,8,2014,U,,,N,F,,C,2014_08_PA0402300_NIBRS,
6644631,16714,9,2014,U,,,N,F,,C,2014_09_PA0402300_NIBRS,
6667081,16714,10,2014,U,,,N,F,,C,2014_10_PA0402300_NIBRS,
6689531,16714,11,2014,U,,,N,F,,C,2014_11_PA0402300_NIBRS,
6711981,16714,12,2014,U,,,N,F,,C,2014_12_PA0402300_NIBRS,
6465032,16715,1,2014,U,,,N,F,,C,2014_01_PA0402400_NIBRS,
6487482,16715,2,2014,U,,,N,F,,C,2014_02_PA0402400_NIBRS,
6509932,16715,3,2014,U,,,N,F,,C,2014_03_PA0402400_NIBRS,
6532382,16715,4,2014,U,,,N,F,,C,2014_04_PA0402400_NIBRS,
6554832,16715,5,2014,U,,,N,F,,C,2014_05_PA0402400_NIBRS,
6577282,16715,6,2014,U,,,N,F,,C,2014_06_PA0402400_NIBRS,
6599732,16715,7,2014,U,,,N,F,,C,2014_07_PA0402400_NIBRS,
6622182,16715,8,2014,U,,,N,F,,C,2014_08_PA0402400_NIBRS,
6644632,16715,9,2014,U,,,N,F,,C,2014_09_PA0402400_NIBRS,
6667082,16715,10,2014,U,,,N,F,,C,2014_10_PA0402400_NIBRS,
6689532,16715,11,2014,U,,,N,F,,C,2014_11_PA0402400_NIBRS,
6711982,16715,12,2014,U,,,N,F,,C,2014_12_PA0402400_NIBRS,
6465033,16716,1,2014,U,,,N,F,,C,2014_01_PA0402500_NIBRS,
6487483,16716,2,2014,U,,,N,F,,C,2014_02_PA0402500_NIBRS,
6509933,16716,3,2014,U,,,N,F,,C,2014_03_PA0402500_NIBRS,
6532383,16716,4,2014,U,,,N,F,,C,2014_04_PA0402500_NIBRS,
6554833,16716,5,2014,U,,,N,F,,C,2014_05_PA0402500_NIBRS,
6577283,16716,6,2014,U,,,N,F,,C,2014_06_PA0402500_NIBRS,
6599733,16716,7,2014,U,,,N,F,,C,2014_07_PA0402500_NIBRS,
6622183,16716,8,2014,U,,,N,F,,C,2014_08_PA0402500_NIBRS,
6644633,16716,9,2014,U,,,N,F,,C,2014_09_PA0402500_NIBRS,
6667083,16716,10,2014,U,,,N,F,,C,2014_10_PA0402500_NIBRS,
6689533,16716,11,2014,U,,,N,F,,C,2014_11_PA0402500_NIBRS,
6711983,16716,12,2014,U,,,N,F,,C,2014_12_PA0402500_NIBRS,
6465034,16717,1,2014,U,,,N,F,,C,2014_01_PA0402600_NIBRS,
6487484,16717,2,2014,U,,,N,F,,C,2014_02_PA0402600_NIBRS,
6509934,16717,3,2014,U,,,N,F,,C,2014_03_PA0402600_NIBRS,
6532384,16717,4,2014,U,,,N,F,,C,2014_04_PA0402600_NIBRS,
6554834,16717,5,2014,U,,,N,F,,C,2014_05_PA0402600_NIBRS,
6577284,16717,6,2014,U,,,N,F,,C,2014_06_PA0402600_NIBRS,
6599734,16717,7,2014,U,,,N,F,,C,2014_07_PA0402600_NIBRS,
6622184,16717,8,2014,U,,,N,F,,C,2014_08_PA0402600_NIBRS,
6644634,16717,9,2014,U,,,N,F,,C,2014_09_PA0402600_NIBRS,
6667084,16717,10,2014,U,,,N,F,,C,2014_10_PA0402600_NIBRS,
6689534,16717,11,2014,U,,,N,F,,C,2014_11_PA0402600_NIBRS,
6711984,16717,12,2014,U,,,N,F,,C,2014_12_PA0402600_NIBRS,
6465035,16718,1,2014,U,,,N,F,,C,2014_01_PA0402700_NIBRS,
6487485,16718,2,2014,U,,,N,F,,C,2014_02_PA0402700_NIBRS,
6509935,16718,3,2014,U,,,N,F,,C,2014_03_PA0402700_NIBRS,
6532385,16718,4,2014,U,,,N,F,,C,2014_04_PA0402700_NIBRS,
6554835,16718,5,2014,U,,,N,F,,C,2014_05_PA0402700_NIBRS,
6577285,16718,6,2014,U,,,N,F,,C,2014_06_PA0402700_NIBRS,
6599735,16718,7,2014,U,,,N,F,,C,2014_07_PA0402700_NIBRS,
6622185,16718,8,2014,U,,,N,F,,C,2014_08_PA0402700_NIBRS,
6644635,16718,9,2014,U,,,N,F,,C,2014_09_PA0402700_NIBRS,
6667085,16718,10,2014,U,,,N,F,,C,2014_10_PA0402700_NIBRS,
6689535,16718,11,2014,U,,,N,F,,C,2014_11_PA0402700_NIBRS,
6711985,16718,12,2014,U,,,N,F,,C,2014_12_PA0402700_NIBRS,
6465036,16719,1,2014,U,,,N,F,,C,2014_01_PA0402900_NIBRS,
6487486,16719,2,2014,U,,,N,F,,C,2014_02_PA0402900_NIBRS,
6509936,16719,3,2014,U,,,N,F,,C,2014_03_PA0402900_NIBRS,
6532386,16719,4,2014,U,,,N,F,,C,2014_04_PA0402900_NIBRS,
6554836,16719,5,2014,U,,,N,F,,C,2014_05_PA0402900_NIBRS,
6577286,16719,6,2014,U,,,N,F,,C,2014_06_PA0402900_NIBRS,
6599736,16719,7,2014,U,,,N,F,,C,2014_07_PA0402900_NIBRS,
6622186,16719,8,2014,U,,,N,F,,C,2014_08_PA0402900_NIBRS,
6644636,16719,9,2014,U,,,N,F,,C,2014_09_PA0402900_NIBRS,
6667086,16719,10,2014,U,,,N,F,,C,2014_10_PA0402900_NIBRS,
6689536,16719,11,2014,U,,,N,F,,C,2014_11_PA0402900_NIBRS,
6711986,16719,12,2014,U,,,N,F,,C,2014_12_PA0402900_NIBRS,
6465037,16720,1,2014,U,,,N,F,,C,2014_01_PA0403100_NIBRS,
6487487,16720,2,2014,U,,,N,F,,C,2014_02_PA0403100_NIBRS,
6509937,16720,3,2014,U,,,N,F,,C,2014_03_PA0403100_NIBRS,
6532387,16720,4,2014,U,,,N,F,,C,2014_04_PA0403100_NIBRS,
6554837,16720,5,2014,U,,,N,F,,C,2014_05_PA0403100_NIBRS,
6577287,16720,6,2014,U,,,N,F,,C,2014_06_PA0403100_NIBRS,
6599737,16720,7,2014,U,,,N,F,,C,2014_07_PA0403100_NIBRS,
6622187,16720,8,2014,U,,,N,F,,C,2014_08_PA0403100_NIBRS,
6644637,16720,9,2014,U,,,N,F,,C,2014_09_PA0403100_NIBRS,
6667087,16720,10,2014,U,,,N,F,,C,2014_10_PA0403100_NIBRS,
6689537,16720,11,2014,U,,,N,F,,C,2014_11_PA0403100_NIBRS,
6711987,16720,12,2014,U,,,N,F,,C,2014_12_PA0403100_NIBRS,
6465038,16721,1,2014,U,,,N,F,,C,2014_01_PA0403200_NIBRS,
6487488,16721,2,2014,U,,,N,F,,C,2014_02_PA0403200_NIBRS,
6509938,16721,3,2014,U,,,N,F,,C,2014_03_PA0403200_NIBRS,
6532388,16721,4,2014,U,,,N,F,,C,2014_04_PA0403200_NIBRS,
6554838,16721,5,2014,U,,,N,F,,C,2014_05_PA0403200_NIBRS,
6577288,16721,6,2014,U,,,N,F,,C,2014_06_PA0403200_NIBRS,
6599738,16721,7,2014,U,,,N,F,,C,2014_07_PA0403200_NIBRS,
6622188,16721,8,2014,U,,,N,F,,C,2014_08_PA0403200_NIBRS,
6644638,16721,9,2014,U,,,N,F,,C,2014_09_PA0403200_NIBRS,
6667088,16721,10,2014,U,,,N,F,,C,2014_10_PA0403200_NIBRS,
6689538,16721,11,2014,U,,,N,F,,C,2014_11_PA0403200_NIBRS,
6711988,16721,12,2014,U,,,N,F,,C,2014_12_PA0403200_NIBRS,
6465039,16722,1,2014,U,,,N,F,,C,2014_01_PA0403300_NIBRS,
6487489,16722,2,2014,U,,,N,F,,C,2014_02_PA0403300_NIBRS,
6509939,16722,3,2014,U,,,N,F,,C,2014_03_PA0403300_NIBRS,
6532389,16722,4,2014,U,,,N,F,,C,2014_04_PA0403300_NIBRS,
6554839,16722,5,2014,U,,,N,F,,C,2014_05_PA0403300_NIBRS,
6577289,16722,6,2014,U,,,N,F,,C,2014_06_PA0403300_NIBRS,
6599739,16722,7,2014,U,,,N,F,,C,2014_07_PA0403300_NIBRS,
6622189,16722,8,2014,U,,,N,F,,C,2014_08_PA0403300_NIBRS,
6644639,16722,9,2014,U,,,N,F,,C,2014_09_PA0403300_NIBRS,
6667089,16722,10,2014,U,,,N,F,,C,2014_10_PA0403300_NIBRS,
6689539,16722,11,2014,U,,,N,F,,C,2014_11_PA0403300_NIBRS,
6711989,16722,12,2014,U,,,N,F,,C,2014_12_PA0403300_NIBRS,
6465040,16723,1,2014,U,,,N,F,,C,2014_01_PA0403400_NIBRS,
6487490,16723,2,2014,U,,,N,F,,C,2014_02_PA0403400_NIBRS,
6509940,16723,3,2014,U,,,N,F,,C,2014_03_PA0403400_NIBRS,
6532390,16723,4,2014,U,,,N,F,,C,2014_04_PA0403400_NIBRS,
6554840,16723,5,2014,U,,,N,F,,C,2014_05_PA0403400_NIBRS,
6577290,16723,6,2014,U,,,N,F,,C,2014_06_PA0403400_NIBRS,
6599740,16723,7,2014,U,,,N,F,,C,2014_07_PA0403400_NIBRS,
6622190,16723,8,2014,U,,,N,F,,C,2014_08_PA0403400_NIBRS,
6644640,16723,9,2014,U,,,N,F,,C,2014_09_PA0403400_NIBRS,
6667090,16723,10,2014,U,,,N,F,,C,2014_10_PA0403400_NIBRS,
6689540,16723,11,2014,U,,,N,F,,C,2014_11_PA0403400_NIBRS,
6711990,16723,12,2014,U,,,N,F,,C,2014_12_PA0403400_NIBRS,
6465041,16724,1,2014,U,,,N,F,,C,2014_01_PA0403500_NIBRS,
6487491,16724,2,2014,U,,,N,F,,C,2014_02_PA0403500_NIBRS,
6509941,16724,3,2014,U,,,N,F,,C,2014_03_PA0403500_NIBRS,
6532391,16724,4,2014,U,,,N,F,,C,2014_04_PA0403500_NIBRS,
6554841,16724,5,2014,U,,,N,F,,C,2014_05_PA0403500_NIBRS,
6577291,16724,6,2014,U,,,N,F,,C,2014_06_PA0403500_NIBRS,
6599741,16724,7,2014,U,,,N,F,,C,2014_07_PA0403500_NIBRS,
6622191,16724,8,2014,U,,,N,F,,C,2014_08_PA0403500_NIBRS,
6644641,16724,9,2014,U,,,N,F,,C,2014_09_PA0403500_NIBRS,
6667091,16724,10,2014,U,,,N,F,,C,2014_10_PA0403500_NIBRS,
6689541,16724,11,2014,U,,,N,F,,C,2014_11_PA0403500_NIBRS,
6711991,16724,12,2014,U,,,N,F,,C,2014_12_PA0403500_NIBRS,
6465042,16725,1,2014,U,,,N,F,,C,2014_01_PA0403700_NIBRS,
6487492,16725,2,2014,U,,,N,F,,C,2014_02_PA0403700_NIBRS,
6509942,16725,3,2014,U,,,N,F,,C,2014_03_PA0403700_NIBRS,
6532392,16725,4,2014,U,,,N,F,,C,2014_04_PA0403700_NIBRS,
6554842,16725,5,2014,U,,,N,F,,C,2014_05_PA0403700_NIBRS,
6577292,16725,6,2014,U,,,N,F,,C,2014_06_PA0403700_NIBRS,
6599742,16725,7,2014,U,,,N,F,,C,2014_07_PA0403700_NIBRS,
6622192,16725,8,2014,U,,,N,F,,C,2014_08_PA0403700_NIBRS,
6644642,16725,9,2014,U,,,N,F,,C,2014_09_PA0403700_NIBRS,
6667092,16725,10,2014,U,,,N,F,,C,2014_10_PA0403700_NIBRS,
6689542,16725,11,2014,U,,,N,F,,C,2014_11_PA0403700_NIBRS,
6711992,16725,12,2014,U,,,N,F,,C,2014_12_PA0403700_NIBRS,
6465043,16726,1,2014,U,,,N,F,,C,2014_01_PA0403800_NIBRS,
6487493,16726,2,2014,U,,,N,F,,C,2014_02_PA0403800_NIBRS,
6509943,16726,3,2014,U,,,N,F,,C,2014_03_PA0403800_NIBRS,
6532393,16726,4,2014,U,,,N,F,,C,2014_04_PA0403800_NIBRS,
6554843,16726,5,2014,U,,,N,F,,C,2014_05_PA0403800_NIBRS,
6577293,16726,6,2014,U,,,N,F,,C,2014_06_PA0403800_NIBRS,
6599743,16726,7,2014,U,,,N,F,,C,2014_07_PA0403800_NIBRS,
6622193,16726,8,2014,U,,,N,F,,C,2014_08_PA0403800_NIBRS,
6644643,16726,9,2014,U,,,N,F,,C,2014_09_PA0403800_NIBRS,
6667093,16726,10,2014,U,,,N,F,,C,2014_10_PA0403800_NIBRS,
6689543,16726,11,2014,U,,,N,F,,C,2014_11_PA0403800_NIBRS,
6711993,16726,12,2014,U,,,N,F,,C,2014_12_PA0403800_NIBRS,
6464533,16216,1,2014,U,,,N,F,,C,2014_01_PA0170100_NIBRS,
6486983,16216,2,2014,U,,,N,F,,C,2014_02_PA0170100_NIBRS,
6509433,16216,3,2014,U,,,N,F,,C,2014_03_PA0170100_NIBRS,
6531883,16216,4,2014,U,,,N,F,,C,2014_04_PA0170100_NIBRS,
6554333,16216,5,2014,U,,,N,F,,C,2014_05_PA0170100_NIBRS,
6576783,16216,6,2014,U,,,N,F,,C,2014_06_PA0170100_NIBRS,
6599233,16216,7,2014,U,,,N,F,,C,2014_07_PA0170100_NIBRS,
6621683,16216,8,2014,U,,,N,F,,C,2014_08_PA0170100_NIBRS,
6644133,16216,9,2014,U,,,N,F,,C,2014_09_PA0170100_NIBRS,
6666583,16216,10,2014,U,,,N,F,,C,2014_10_PA0170100_NIBRS,
6689033,16216,11,2014,U,,,N,F,,C,2014_11_PA0170100_NIBRS,
6711483,16216,12,2014,U,,,N,F,,C,2014_12_PA0170100_NIBRS,
6464618,16301,1,2014,U,,,N,F,,C,2014_01_PA0210300_NIBRS,
6487068,16301,2,2014,U,,,N,F,,C,2014_02_PA0210300_NIBRS,
6509518,16301,3,2014,U,,,N,F,,C,2014_03_PA0210300_NIBRS,
6531968,16301,4,2014,U,,,N,F,,C,2014_04_PA0210300_NIBRS,
6554418,16301,5,2014,U,,,N,F,,C,2014_05_PA0210300_NIBRS,
6576868,16301,6,2014,U,,,N,F,,C,2014_06_PA0210300_NIBRS,
6599318,16301,7,2014,U,,,N,F,,C,2014_07_PA0210300_NIBRS,
6621768,16301,8,2014,U,,,N,F,,C,2014_08_PA0210300_NIBRS,
6644218,16301,9,2014,U,,,N,F,,C,2014_09_PA0210300_NIBRS,
6666668,16301,10,2014,U,,,N,F,,C,2014_10_PA0210300_NIBRS,
6689118,16301,11,2014,U,,,N,F,,C,2014_11_PA0210300_NIBRS,
6711568,16301,12,2014,U,,,N,F,,C,2014_12_PA0210300_NIBRS,
6464253,15936,1,2014,U,,,N,F,,C,2014_01_PA0065500_NIBRS,
6486703,15936,2,2014,U,,,N,F,,C,2014_02_PA0065500_NIBRS,
6509153,15936,3,2014,U,,,N,F,,C,2014_03_PA0065500_NIBRS,
6531603,15936,4,2014,U,,,N,F,,C,2014_04_PA0065500_NIBRS,
6554053,15936,5,2014,U,,,N,F,,C,2014_05_PA0065500_NIBRS,
6576503,15936,6,2014,U,,,N,F,,C,2014_06_PA0065500_NIBRS,
6598953,15936,7,2014,U,,,N,F,,C,2014_07_PA0065500_NIBRS,
6621403,15936,8,2014,U,,,N,F,,C,2014_08_PA0065500_NIBRS,
6643853,15936,9,2014,U,,,N,F,,C,2014_09_PA0065500_NIBRS,
6666303,15936,10,2014,U,,,N,F,,C,2014_10_PA0065500_NIBRS,
6688753,15936,11,2014,U,,,N,F,,C,2014_11_PA0065500_NIBRS,
6711203,15936,12,2014,U,,,N,F,,C,2014_12_PA0065500_NIBRS,
6464254,15937,1,2014,U,,,N,F,,C,2014_01_PA0065700_NIBRS,
6486704,15937,2,2014,U,,,N,F,,C,2014_02_PA0065700_NIBRS,
6509154,15937,3,2014,U,,,N,F,,C,2014_03_PA0065700_NIBRS,
6531604,15937,4,2014,U,,,N,F,,C,2014_04_PA0065700_NIBRS,
6554054,15937,5,2014,U,,,N,F,,C,2014_05_PA0065700_NIBRS,
6576504,15937,6,2014,U,,,N,F,,C,2014_06_PA0065700_NIBRS,
6598954,15937,7,2014,U,,,N,F,,C,2014_07_PA0065700_NIBRS,
6621404,15937,8,2014,U,,,N,F,,C,2014_08_PA0065700_NIBRS,
6643854,15937,9,2014,U,,,N,F,,C,2014_09_PA0065700_NIBRS,
6666304,15937,10,2014,U,,,N,F,,C,2014_10_PA0065700_NIBRS,
6688754,15937,11,2014,U,,,N,F,,C,2014_11_PA0065700_NIBRS,
6711204,15937,12,2014,U,,,N,F,,C,2014_12_PA0065700_NIBRS,
6464255,15938,1,2014,U,,,N,F,,C,2014_01_PA0065900_NIBRS,
6486705,15938,2,2014,U,,,N,F,,C,2014_02_PA0065900_NIBRS,
6509155,15938,3,2014,U,,,N,F,,C,2014_03_PA0065900_NIBRS,
6531605,15938,4,2014,U,,,N,F,,C,2014_04_PA0065900_NIBRS,
6554055,15938,5,2014,U,,,N,F,,C,2014_05_PA0065900_NIBRS,
6576505,15938,6,2014,U,,,N,F,,C,2014_06_PA0065900_NIBRS,
6598955,15938,7,2014,U,,,N,F,,C,2014_07_PA0065900_NIBRS,
6621405,15938,8,2014,U,,,N,F,,C,2014_08_PA0065900_NIBRS,
6643855,15938,9,2014,U,,,N,F,,C,2014_09_PA0065900_NIBRS,
6666305,15938,10,2014,U,,,N,F,,C,2014_10_PA0065900_NIBRS,
6688755,15938,11,2014,U,,,N,F,,C,2014_11_PA0065900_NIBRS,
6711205,15938,12,2014,U,,,N,F,,C,2014_12_PA0065900_NIBRS,
6464256,15939,1,2014,U,,,N,F,,C,2014_01_PA0066000_NIBRS,
6486706,15939,2,2014,U,,,N,F,,C,2014_02_PA0066000_NIBRS,
6509156,15939,3,2014,U,,,N,F,,C,2014_03_PA0066000_NIBRS,
6531606,15939,4,2014,U,,,N,F,,C,2014_04_PA0066000_NIBRS,
6554056,15939,5,2014,U,,,N,F,,C,2014_05_PA0066000_NIBRS,
6576506,15939,6,2014,U,,,N,F,,C,2014_06_PA0066000_NIBRS,
6598956,15939,7,2014,U,,,N,F,,C,2014_07_PA0066000_NIBRS,
6621406,15939,8,2014,U,,,N,F,,C,2014_08_PA0066000_NIBRS,
6643856,15939,9,2014,U,,,N,F,,C,2014_09_PA0066000_NIBRS,
6666306,15939,10,2014,U,,,N,F,,C,2014_10_PA0066000_NIBRS,
6688756,15939,11,2014,U,,,N,F,,C,2014_11_PA0066000_NIBRS,
6711206,15939,12,2014,U,,,N,F,,C,2014_12_PA0066000_NIBRS,
6464257,15940,1,2014,U,,,N,F,,C,2014_01_PA0066200_NIBRS,
6486707,15940,2,2014,U,,,N,F,,C,2014_02_PA0066200_NIBRS,
6509157,15940,3,2014,U,,,N,F,,C,2014_03_PA0066200_NIBRS,
6531607,15940,4,2014,U,,,N,F,,C,2014_04_PA0066200_NIBRS,
6554057,15940,5,2014,U,,,N,F,,C,2014_05_PA0066200_NIBRS,
6576507,15940,6,2014,U,,,N,F,,C,2014_06_PA0066200_NIBRS,
6598957,15940,7,2014,U,,,N,F,,C,2014_07_PA0066200_NIBRS,
6621407,15940,8,2014,U,,,N,F,,C,2014_08_PA0066200_NIBRS,
6643857,15940,9,2014,U,,,N,F,,C,2014_09_PA0066200_NIBRS,
6666307,15940,10,2014,U,,,N,F,,C,2014_10_PA0066200_NIBRS,
6688757,15940,11,2014,U,,,N,F,,C,2014_11_PA0066200_NIBRS,
6711207,15940,12,2014,U,,,N,F,,C,2014_12_PA0066200_NIBRS,
6470520,23497,1,2014,U,,,N,F,,C,2014_01_PA0066500_NIBRS,
6492970,23497,2,2014,U,,,N,F,,C,2014_02_PA0066500_NIBRS,
6515420,23497,3,2014,U,,,N,F,,C,2014_03_PA0066500_NIBRS,
6537870,23497,4,2014,U,,,N,F,,C,2014_04_PA0066500_NIBRS,
6560320,23497,5,2014,U,,,N,F,,C,2014_05_PA0066500_NIBRS,
6582770,23497,6,2014,U,,,N,F,,C,2014_06_PA0066500_NIBRS,
6605220,23497,7,2014,U,,,N,F,,C,2014_07_PA0066500_NIBRS,
6627670,23497,8,2014,U,,,N,F,,C,2014_08_PA0066500_NIBRS,
6650120,23497,9,2014,U,,,N,F,,C,2014_09_PA0066500_NIBRS,
6672570,23497,10,2014,U,,,N,F,,C,2014_10_PA0066500_NIBRS,
6695020,23497,11,2014,U,,,N,F,,C,2014_11_PA0066500_NIBRS,
6717470,23497,12,2014,U,,,N,F,,C,2014_12_PA0066500_NIBRS,
6464258,15941,1,2014,U,,,N,F,,C,2014_01_PA006BF00_NIBRS,
6486708,15941,2,2014,U,,,N,F,,C,2014_02_PA006BF00_NIBRS,
6509158,15941,3,2014,U,,,N,F,,C,2014_03_PA006BF00_NIBRS,
6531608,15941,4,2014,U,,,N,F,,C,2014_04_PA006BF00_NIBRS,
6554058,15941,5,2014,U,,,N,F,,C,2014_05_PA006BF00_NIBRS,
6576508,15941,6,2014,U,,,N,F,,C,2014_06_PA006BF00_NIBRS,
6598958,15941,7,2014,U,,,N,F,,C,2014_07_PA006BF00_NIBRS,
6621408,15941,8,2014,U,,,N,F,,C,2014_08_PA006BF00_NIBRS,
6643858,15941,9,2014,U,,,N,F,,C,2014_09_PA006BF00_NIBRS,
6666308,15941,10,2014,U,,,N,F,,C,2014_10_PA006BF00_NIBRS,
6688758,15941,11,2014,U,,,N,F,,C,2014_11_PA006BF00_NIBRS,
6711208,15941,12,2014,U,,,N,F,,C,2014_12_PA006BF00_NIBRS,
6464259,15942,1,2014,U,,,N,F,,C,2014_01_PA006DE00_NIBRS,
6486709,15942,2,2014,U,,,N,F,,C,2014_02_PA006DE00_NIBRS,
6509159,15942,3,2014,U,,,N,F,,C,2014_03_PA006DE00_NIBRS,
6531609,15942,4,2014,U,,,N,F,,C,2014_04_PA006DE00_NIBRS,
6554059,15942,5,2014,U,,,N,F,,C,2014_05_PA006DE00_NIBRS,
6576509,15942,6,2014,U,,,N,F,,C,2014_06_PA006DE00_NIBRS,
6598959,15942,7,2014,U,,,N,F,,C,2014_07_PA006DE00_NIBRS,
6621409,15942,8,2014,U,,,N,F,,C,2014_08_PA006DE00_NIBRS,
6643859,15942,9,2014,U,,,N,F,,C,2014_09_PA006DE00_NIBRS,
6666309,15942,10,2014,U,,,N,F,,C,2014_10_PA006DE00_NIBRS,
6688759,15942,11,2014,U,,,N,F,,C,2014_11_PA006DE00_NIBRS,
6711209,15942,12,2014,U,,,N,F,,C,2014_12_PA006DE00_NIBRS,
6464262,15945,1,2014,U,,,N,F,,C,2014_01_PA0070100_NIBRS,
6486712,15945,2,2014,U,,,N,F,,C,2014_02_PA0070100_NIBRS,
6509162,15945,3,2014,U,,,N,F,,C,2014_03_PA0070100_NIBRS,
6531612,15945,4,2014,U,,,N,F,,C,2014_04_PA0070100_NIBRS,
6554062,15945,5,2014,U,,,N,F,,C,2014_05_PA0070100_NIBRS,
6576512,15945,6,2014,U,,,N,F,,C,2014_06_PA0070100_NIBRS,
6598962,15945,7,2014,U,,,N,F,,C,2014_07_PA0070100_NIBRS,
6621412,15945,8,2014,U,,,N,F,,C,2014_08_PA0070100_NIBRS,
6643862,15945,9,2014,U,,,N,F,,C,2014_09_PA0070100_NIBRS,
6666312,15945,10,2014,U,,,N,F,,C,2014_10_PA0070100_NIBRS,
6688762,15945,11,2014,U,,,N,F,,C,2014_11_PA0070100_NIBRS,
6711212,15945,12,2014,U,,,N,F,,C,2014_12_PA0070100_NIBRS,
6464263,15946,1,2014,U,,,N,F,,C,2014_01_PA0070200_NIBRS,
6486713,15946,2,2014,U,,,N,F,,C,2014_02_PA0070200_NIBRS,
6509163,15946,3,2014,U,,,N,F,,C,2014_03_PA0070200_NIBRS,
6531613,15946,4,2014,U,,,N,F,,C,2014_04_PA0070200_NIBRS,
6554063,15946,5,2014,U,,,N,F,,C,2014_05_PA0070200_NIBRS,
6576513,15946,6,2014,U,,,N,F,,C,2014_06_PA0070200_NIBRS,
6598963,15946,7,2014,U,,,N,F,,C,2014_07_PA0070200_NIBRS,
6621413,15946,8,2014,U,,,N,F,,C,2014_08_PA0070200_NIBRS,
6643863,15946,9,2014,U,,,N,F,,C,2014_09_PA0070200_NIBRS,
6666313,15946,10,2014,U,,,N,F,,C,2014_10_PA0070200_NIBRS,
6688763,15946,11,2014,U,,,N,F,,C,2014_11_PA0070200_NIBRS,
6711213,15946,12,2014,U,,,N,F,,C,2014_12_PA0070200_NIBRS,
6464264,15947,1,2014,U,,,N,F,,C,2014_01_PA0070300_NIBRS,
6486714,15947,2,2014,U,,,N,F,,C,2014_02_PA0070300_NIBRS,
6509164,15947,3,2014,U,,,N,F,,C,2014_03_PA0070300_NIBRS,
6531614,15947,4,2014,U,,,N,F,,C,2014_04_PA0070300_NIBRS,
6554064,15947,5,2014,U,,,N,F,,C,2014_05_PA0070300_NIBRS,
6576514,15947,6,2014,U,,,N,F,,C,2014_06_PA0070300_NIBRS,
6598964,15947,7,2014,U,,,N,F,,C,2014_07_PA0070300_NIBRS,
6621414,15947,8,2014,U,,,N,F,,C,2014_08_PA0070300_NIBRS,
6643864,15947,9,2014,U,,,N,F,,C,2014_09_PA0070300_NIBRS,
6666314,15947,10,2014,U,,,N,F,,C,2014_10_PA0070300_NIBRS,
6688764,15947,11,2014,U,,,N,F,,C,2014_11_PA0070300_NIBRS,
6711214,15947,12,2014,U,,,N,F,,C,2014_12_PA0070300_NIBRS,
6464265,15948,1,2014,U,,,N,F,,C,2014_01_PA0070400_NIBRS,
6486715,15948,2,2014,U,,,N,F,,C,2014_02_PA0070400_NIBRS,
6509165,15948,3,2014,U,,,N,F,,C,2014_03_PA0070400_NIBRS,
6531615,15948,4,2014,U,,,N,F,,C,2014_04_PA0070400_NIBRS,
6554065,15948,5,2014,U,,,N,F,,C,2014_05_PA0070400_NIBRS,
6576515,15948,6,2014,U,,,N,F,,C,2014_06_PA0070400_NIBRS,
6598965,15948,7,2014,U,,,N,F,,C,2014_07_PA0070400_NIBRS,
6621415,15948,8,2014,U,,,N,F,,C,2014_08_PA0070400_NIBRS,
6643865,15948,9,2014,U,,,N,F,,C,2014_09_PA0070400_NIBRS,
6666315,15948,10,2014,U,,,N,F,,C,2014_10_PA0070400_NIBRS,
6688765,15948,11,2014,U,,,N,F,,C,2014_11_PA0070400_NIBRS,
6711215,15948,12,2014,U,,,N,F,,C,2014_12_PA0070400_NIBRS,
6464266,15949,1,2014,U,,,N,F,,C,2014_01_PA0070500_NIBRS,
6486716,15949,2,2014,U,,,N,F,,C,2014_02_PA0070500_NIBRS,
6509166,15949,3,2014,U,,,N,F,,C,2014_03_PA0070500_NIBRS,
6531616,15949,4,2014,U,,,N,F,,C,2014_04_PA0070500_NIBRS,
6554066,15949,5,2014,U,,,N,F,,C,2014_05_PA0070500_NIBRS,
6576516,15949,6,2014,U,,,N,F,,C,2014_06_PA0070500_NIBRS,
6598966,15949,7,2014,U,,,N,F,,C,2014_07_PA0070500_NIBRS,
6621416,15949,8,2014,U,,,N,F,,C,2014_08_PA0070500_NIBRS,
6643866,15949,9,2014,U,,,N,F,,C,2014_09_PA0070500_NIBRS,
6666316,15949,10,2014,U,,,N,F,,C,2014_10_PA0070500_NIBRS,
6688766,15949,11,2014,U,,,N,F,,C,2014_11_PA0070500_NIBRS,
6711216,15949,12,2014,U,,,N,F,,C,2014_12_PA0070500_NIBRS,
6464267,15950,1,2014,U,,,N,F,,C,2014_01_PA0070600_NIBRS,
6486717,15950,2,2014,U,,,N,F,,C,2014_02_PA0070600_NIBRS,
6509167,15950,3,2014,U,,,N,F,,C,2014_03_PA0070600_NIBRS,
6531617,15950,4,2014,U,,,N,F,,C,2014_04_PA0070600_NIBRS,
6554067,15950,5,2014,U,,,N,F,,C,2014_05_PA0070600_NIBRS,
6576517,15950,6,2014,U,,,N,F,,C,2014_06_PA0070600_NIBRS,
6598967,15950,7,2014,U,,,N,F,,C,2014_07_PA0070600_NIBRS,
6621417,15950,8,2014,U,,,N,F,,C,2014_08_PA0070600_NIBRS,
6643867,15950,9,2014,U,,,N,F,,C,2014_09_PA0070600_NIBRS,
6666317,15950,10,2014,U,,,N,F,,C,2014_10_PA0070600_NIBRS,
6688767,15950,11,2014,U,,,N,F,,C,2014_11_PA0070600_NIBRS,
6711217,15950,12,2014,U,,,N,F,,C,2014_12_PA0070600_NIBRS,
6464268,15951,1,2014,U,,,N,F,,C,2014_01_PA0070700_NIBRS,
6486718,15951,2,2014,U,,,N,F,,C,2014_02_PA0070700_NIBRS,
6509168,15951,3,2014,U,,,N,F,,C,2014_03_PA0070700_NIBRS,
6531618,15951,4,2014,U,,,N,F,,C,2014_04_PA0070700_NIBRS,
6554068,15951,5,2014,U,,,N,F,,C,2014_05_PA0070700_NIBRS,
6576518,15951,6,2014,U,,,N,F,,C,2014_06_PA0070700_NIBRS,
6598968,15951,7,2014,U,,,N,F,,C,2014_07_PA0070700_NIBRS,
6621418,15951,8,2014,U,,,N,F,,C,2014_08_PA0070700_NIBRS,
6643868,15951,9,2014,U,,,N,F,,C,2014_09_PA0070700_NIBRS,
6666318,15951,10,2014,U,,,N,F,,C,2014_10_PA0070700_NIBRS,
6688768,15951,11,2014,U,,,N,F,,C,2014_11_PA0070700_NIBRS,
6711218,15951,12,2014,U,,,N,F,,C,2014_12_PA0070700_NIBRS,
6464269,15952,1,2014,U,,,N,F,,C,2014_01_PA0070800_NIBRS,
6486719,15952,2,2014,U,,,N,F,,C,2014_02_PA0070800_NIBRS,
6509169,15952,3,2014,U,,,N,F,,C,2014_03_PA0070800_NIBRS,
6531619,15952,4,2014,U,,,N,F,,C,2014_04_PA0070800_NIBRS,
6554069,15952,5,2014,U,,,N,F,,C,2014_05_PA0070800_NIBRS,
6576519,15952,6,2014,U,,,N,F,,C,2014_06_PA0070800_NIBRS,
6598969,15952,7,2014,U,,,N,F,,C,2014_07_PA0070800_NIBRS,
6621419,15952,8,2014,U,,,N,F,,C,2014_08_PA0070800_NIBRS,
6643869,15952,9,2014,U,,,N,F,,C,2014_09_PA0070800_NIBRS,
6666319,15952,10,2014,U,,,N,F,,C,2014_10_PA0070800_NIBRS,
6688769,15952,11,2014,U,,,N,F,,C,2014_11_PA0070800_NIBRS,
6711219,15952,12,2014,U,,,N,F,,C,2014_12_PA0070800_NIBRS,
6464270,15953,1,2014,U,,,N,F,,C,2014_01_PA0070900_NIBRS,
6486720,15953,2,2014,U,,,N,F,,C,2014_02_PA0070900_NIBRS,
6509170,15953,3,2014,U,,,N,F,,C,2014_03_PA0070900_NIBRS,
6531620,15953,4,2014,U,,,N,F,,C,2014_04_PA0070900_NIBRS,
6554070,15953,5,2014,U,,,N,F,,C,2014_05_PA0070900_NIBRS,
6576520,15953,6,2014,U,,,N,F,,C,2014_06_PA0070900_NIBRS,
6598970,15953,7,2014,U,,,N,F,,C,2014_07_PA0070900_NIBRS,
6621420,15953,8,2014,U,,,N,F,,C,2014_08_PA0070900_NIBRS,
6643870,15953,9,2014,U,,,N,F,,C,2014_09_PA0070900_NIBRS,
6666320,15953,10,2014,U,,,N,F,,C,2014_10_PA0070900_NIBRS,
6688770,15953,11,2014,U,,,N,F,,C,2014_11_PA0070900_NIBRS,
6711220,15953,12,2014,U,,,N,F,,C,2014_12_PA0070900_NIBRS,
6464748,16431,1,2014,U,,,N,F,,C,2014_01_PA0252200_NIBRS,
6487198,16431,2,2014,U,,,N,F,,C,2014_02_PA0252200_NIBRS,
6509648,16431,3,2014,U,,,N,F,,C,2014_03_PA0252200_NIBRS,
6532098,16431,4,2014,U,,,N,F,,C,2014_04_PA0252200_NIBRS,
6554548,16431,5,2014,U,,,N,F,,C,2014_05_PA0252200_NIBRS,
6576998,16431,6,2014,U,,,N,F,,C,2014_06_PA0252200_NIBRS,
6599448,16431,7,2014,U,,,N,F,,C,2014_07_PA0252200_NIBRS,
6621898,16431,8,2014,U,,,N,F,,C,2014_08_PA0252200_NIBRS,
6644348,16431,9,2014,U,,,N,F,,C,2014_09_PA0252200_NIBRS,
6666798,16431,10,2014,U,,,N,F,,C,2014_10_PA0252200_NIBRS,
6689248,16431,11,2014,U,,,N,F,,C,2014_11_PA0252200_NIBRS,
6711698,16431,12,2014,U,,,N,F,,C,2014_12_PA0252200_NIBRS,
6464749,16432,1,2014,U,,,N,F,,C,2014_01_PA025240X_NIBRS,
6487199,16432,2,2014,U,,,N,F,,C,2014_02_PA025240X_NIBRS,
6509649,16432,3,2014,U,,,N,F,,C,2014_03_PA025240X_NIBRS,
6532099,16432,4,2014,U,,,N,F,,C,2014_04_PA025240X_NIBRS,
6554549,16432,5,2014,U,,,N,F,,C,2014_05_PA025240X_NIBRS,
6576999,16432,6,2014,U,,,N,F,,C,2014_06_PA025240X_NIBRS,
6599449,16432,7,2014,U,,,N,F,,C,2014_07_PA025240X_NIBRS,
6621899,16432,8,2014,U,,,N,F,,C,2014_08_PA025240X_NIBRS,
6644349,16432,9,2014,U,,,N,F,,C,2014_09_PA025240X_NIBRS,
6666799,16432,10,2014,U,,,N,F,,C,2014_10_PA025240X_NIBRS,
6689249,16432,11,2014,U,,,N,F,,C,2014_11_PA025240X_NIBRS,
6711699,16432,12,2014,U,,,N,F,,C,2014_12_PA025240X_NIBRS,
6464750,16433,1,2014,U,,,N,F,,C,2014_01_PA025BF00_NIBRS,
6487200,16433,2,2014,U,,,N,F,,C,2014_02_PA025BF00_NIBRS,
6509650,16433,3,2014,U,,,N,F,,C,2014_03_PA025BF00_NIBRS,
6532100,16433,4,2014,U,,,N,F,,C,2014_04_PA025BF00_NIBRS,
6554550,16433,5,2014,U,,,N,F,,C,2014_05_PA025BF00_NIBRS,
6577000,16433,6,2014,U,,,N,F,,C,2014_06_PA025BF00_NIBRS,
6599450,16433,7,2014,U,,,N,F,,C,2014_07_PA025BF00_NIBRS,
6621900,16433,8,2014,U,,,N,F,,C,2014_08_PA025BF00_NIBRS,
6644350,16433,9,2014,U,,,N,F,,C,2014_09_PA025BF00_NIBRS,
6666800,16433,10,2014,U,,,N,F,,C,2014_10_PA025BF00_NIBRS,
6689250,16433,11,2014,U,,,N,F,,C,2014_11_PA025BF00_NIBRS,
6711700,16433,12,2014,U,,,N,F,,C,2014_12_PA025BF00_NIBRS,
6464751,16434,1,2014,U,,,N,F,,C,2014_01_PA025DE00_NIBRS,
6487201,16434,2,2014,U,,,N,F,,C,2014_02_PA025DE00_NIBRS,
6509651,16434,3,2014,U,,,N,F,,C,2014_03_PA025DE00_NIBRS,
6532101,16434,4,2014,U,,,N,F,,C,2014_04_PA025DE00_NIBRS,
6554551,16434,5,2014,U,,,N,F,,C,2014_05_PA025DE00_NIBRS,
6577001,16434,6,2014,U,,,N,F,,C,2014_06_PA025DE00_NIBRS,
6599451,16434,7,2014,U,,,N,F,,C,2014_07_PA025DE00_NIBRS,
6621901,16434,8,2014,U,,,N,F,,C,2014_08_PA025DE00_NIBRS,
6644351,16434,9,2014,U,,,N,F,,C,2014_09_PA025DE00_NIBRS,
6666801,16434,10,2014,U,,,N,F,,C,2014_10_PA025DE00_NIBRS,
6689251,16434,11,2014,U,,,N,F,,C,2014_11_PA025DE00_NIBRS,
6711701,16434,12,2014,U,,,N,F,,C,2014_12_PA025DE00_NIBRS,
6464752,16435,1,2014,U,,,N,F,,C,2014_01_PA025SP00_NIBRS,
6487202,16435,2,2014,U,,,N,F,,C,2014_02_PA025SP00_NIBRS,
6509652,16435,3,2014,U,,,N,F,,C,2014_03_PA025SP00_NIBRS,
6532102,16435,4,2014,U,,,N,F,,C,2014_04_PA025SP00_NIBRS,
6554552,16435,5,2014,U,,,N,F,,C,2014_05_PA025SP00_NIBRS,
6577002,16435,6,2014,U,,,N,F,,C,2014_06_PA025SP00_NIBRS,
6599452,16435,7,2014,U,,,N,F,,C,2014_07_PA025SP00_NIBRS,
6621902,16435,8,2014,U,,,N,F,,C,2014_08_PA025SP00_NIBRS,
6644352,16435,9,2014,U,,,N,F,,C,2014_09_PA025SP00_NIBRS,
6666802,16435,10,2014,U,,,N,F,,C,2014_10_PA025SP00_NIBRS,
6689252,16435,11,2014,U,,,N,F,,C,2014_11_PA025SP00_NIBRS,
6711702,16435,12,2014,U,,,N,F,,C,2014_12_PA025SP00_NIBRS,
6464753,16436,1,2014,U,,,N,F,,C,2014_01_PA0260000_NIBRS,
6487203,16436,2,2014,U,,,N,F,,C,2014_02_PA0260000_NIBRS,
6509653,16436,3,2014,U,,,N,F,,C,2014_03_PA0260000_NIBRS,
6532103,16436,4,2014,U,,,N,F,,C,2014_04_PA0260000_NIBRS,
6554553,16436,5,2014,U,,,N,F,,C,2014_05_PA0260000_NIBRS,
6577003,16436,6,2014,U,,,N,F,,C,2014_06_PA0260000_NIBRS,
6599453,16436,7,2014,U,,,N,F,,C,2014_07_PA0260000_NIBRS,
6621903,16436,8,2014,U,,,N,F,,C,2014_08_PA0260000_NIBRS,
6644353,16436,9,2014,U,,,N,F,,C,2014_09_PA0260000_NIBRS,
6666803,16436,10,2014,U,,,N,F,,C,2014_10_PA0260000_NIBRS,
6689253,16436,11,2014,U,,,N,F,,C,2014_11_PA0260000_NIBRS,
6711703,16436,12,2014,U,,,N,F,,C,2014_12_PA0260000_NIBRS,
6464754,16437,1,2014,U,,,N,F,,C,2014_01_PA0260100_NIBRS,
6487204,16437,2,2014,U,,,N,F,,C,2014_02_PA0260100_NIBRS,
6509654,16437,3,2014,U,,,N,F,,C,2014_03_PA0260100_NIBRS,
6532104,16437,4,2014,U,,,N,F,,C,2014_04_PA0260100_NIBRS,
6554554,16437,5,2014,U,,,N,F,,C,2014_05_PA0260100_NIBRS,
6577004,16437,6,2014,U,,,N,F,,C,2014_06_PA0260100_NIBRS,
6599454,16437,7,2014,U,,,N,F,,C,2014_07_PA0260100_NIBRS,
6621904,16437,8,2014,U,,,N,F,,C,2014_08_PA0260100_NIBRS,
6644354,16437,9,2014,U,,,N,F,,C,2014_09_PA0260100_NIBRS,
6666804,16437,10,2014,U,,,N,F,,C,2014_10_PA0260100_NIBRS,
6689254,16437,11,2014,U,,,N,F,,C,2014_11_PA0260100_NIBRS,
6711704,16437,12,2014,U,,,N,F,,C,2014_12_PA0260100_NIBRS,
6464755,16438,1,2014,U,,,N,F,,C,2014_01_PA0260200_NIBRS,
6487205,16438,2,2014,U,,,N,F,,C,2014_02_PA0260200_NIBRS,
6509655,16438,3,2014,U,,,N,F,,C,2014_03_PA0260200_NIBRS,
6532105,16438,4,2014,U,,,N,F,,C,2014_04_PA0260200_NIBRS,
6554555,16438,5,2014,U,,,N,F,,C,2014_05_PA0260200_NIBRS,
6577005,16438,6,2014,U,,,N,F,,C,2014_06_PA0260200_NIBRS,
6599455,16438,7,2014,U,,,N,F,,C,2014_07_PA0260200_NIBRS,
6621905,16438,8,2014,U,,,N,F,,C,2014_08_PA0260200_NIBRS,
6644355,16438,9,2014,U,,,N,F,,C,2014_09_PA0260200_NIBRS,
6666805,16438,10,2014,U,,,N,F,,C,2014_10_PA0260200_NIBRS,
6689255,16438,11,2014,U,,,N,F,,C,2014_11_PA0260200_NIBRS,
6711705,16438,12,2014,U,,,N,F,,C,2014_12_PA0260200_NIBRS,
6464756,16439,1,2014,U,,,N,F,,C,2014_01_PA0260300_NIBRS,
6487206,16439,2,2014,U,,,N,F,,C,2014_02_PA0260300_NIBRS,
6509656,16439,3,2014,U,,,N,F,,C,2014_03_PA0260300_NIBRS,
6532106,16439,4,2014,U,,,N,F,,C,2014_04_PA0260300_NIBRS,
6554556,16439,5,2014,U,,,N,F,,C,2014_05_PA0260300_NIBRS,
6577006,16439,6,2014,U,,,N,F,,C,2014_06_PA0260300_NIBRS,
6599456,16439,7,2014,U,,,N,F,,C,2014_07_PA0260300_NIBRS,
6621906,16439,8,2014,U,,,N,F,,C,2014_08_PA0260300_NIBRS,
6644356,16439,9,2014,U,,,N,F,,C,2014_09_PA0260300_NIBRS,
6666806,16439,10,2014,U,,,N,F,,C,2014_10_PA0260300_NIBRS,
6689256,16439,11,2014,U,,,N,F,,C,2014_11_PA0260300_NIBRS,
6711706,16439,12,2014,U,,,N,F,,C,2014_12_PA0260300_NIBRS,
6464757,16440,1,2014,U,,,N,F,,C,2014_01_PA0260400_NIBRS,
6487207,16440,2,2014,U,,,N,F,,C,2014_02_PA0260400_NIBRS,
6509657,16440,3,2014,U,,,N,F,,C,2014_03_PA0260400_NIBRS,
6532107,16440,4,2014,U,,,N,F,,C,2014_04_PA0260400_NIBRS,
6554557,16440,5,2014,U,,,N,F,,C,2014_05_PA0260400_NIBRS,
6577007,16440,6,2014,U,,,N,F,,C,2014_06_PA0260400_NIBRS,
6599457,16440,7,2014,U,,,N,F,,C,2014_07_PA0260400_NIBRS,
6621907,16440,8,2014,U,,,N,F,,C,2014_08_PA0260400_NIBRS,
6644357,16440,9,2014,U,,,N,F,,C,2014_09_PA0260400_NIBRS,
6666807,16440,10,2014,U,,,N,F,,C,2014_10_PA0260400_NIBRS,
6689257,16440,11,2014,U,,,N,F,,C,2014_11_PA0260400_NIBRS,
6711707,16440,12,2014,U,,,N,F,,C,2014_12_PA0260400_NIBRS,
6464758,16441,1,2014,U,,,N,F,,C,2014_01_PA0260500_NIBRS,
6487208,16441,2,2014,U,,,N,F,,C,2014_02_PA0260500_NIBRS,
6509658,16441,3,2014,U,,,N,F,,C,2014_03_PA0260500_NIBRS,
6532108,16441,4,2014,U,,,N,F,,C,2014_04_PA0260500_NIBRS,
6554558,16441,5,2014,U,,,N,F,,C,2014_05_PA0260500_NIBRS,
6577008,16441,6,2014,U,,,N,F,,C,2014_06_PA0260500_NIBRS,
6599458,16441,7,2014,U,,,N,F,,C,2014_07_PA0260500_NIBRS,
6621908,16441,8,2014,U,,,N,F,,C,2014_08_PA0260500_NIBRS,
6644358,16441,9,2014,U,,,N,F,,C,2014_09_PA0260500_NIBRS,
6666808,16441,10,2014,U,,,N,F,,C,2014_10_PA0260500_NIBRS,
6689258,16441,11,2014,U,,,N,F,,C,2014_11_PA0260500_NIBRS,
6711708,16441,12,2014,U,,,N,F,,C,2014_12_PA0260500_NIBRS,
6464759,16442,1,2014,U,,,N,F,,C,2014_01_PA0260600_NIBRS,
6487209,16442,2,2014,U,,,N,F,,C,2014_02_PA0260600_NIBRS,
6509659,16442,3,2014,U,,,N,F,,C,2014_03_PA0260600_NIBRS,
6532109,16442,4,2014,U,,,N,F,,C,2014_04_PA0260600_NIBRS,
6554559,16442,5,2014,U,,,N,F,,C,2014_05_PA0260600_NIBRS,
6577009,16442,6,2014,U,,,N,F,,C,2014_06_PA0260600_NIBRS,
6599459,16442,7,2014,U,,,N,F,,C,2014_07_PA0260600_NIBRS,
6621909,16442,8,2014,U,,,N,F,,C,2014_08_PA0260600_NIBRS,
6644359,16442,9,2014,U,,,N,F,,C,2014_09_PA0260600_NIBRS,
6666809,16442,10,2014,U,,,N,F,,C,2014_10_PA0260600_NIBRS,
6689259,16442,11,2014,U,,,N,F,,C,2014_11_PA0260600_NIBRS,
6711709,16442,12,2014,U,,,N,F,,C,2014_12_PA0260600_NIBRS,
6464760,16443,1,2014,U,,,N,F,,C,2014_01_PA0260700_NIBRS,
6487210,16443,2,2014,U,,,N,F,,C,2014_02_PA0260700_NIBRS,
6509660,16443,3,2014,U,,,N,F,,C,2014_03_PA0260700_NIBRS,
6532110,16443,4,2014,U,,,N,F,,C,2014_04_PA0260700_NIBRS,
6554560,16443,5,2014,U,,,N,F,,C,2014_05_PA0260700_NIBRS,
6577010,16443,6,2014,U,,,N,F,,C,2014_06_PA0260700_NIBRS,
6599460,16443,7,2014,U,,,N,F,,C,2014_07_PA0260700_NIBRS,
6621910,16443,8,2014,U,,,N,F,,C,2014_08_PA0260700_NIBRS,
6644360,16443,9,2014,U,,,N,F,,C,2014_09_PA0260700_NIBRS,
6666810,16443,10,2014,U,,,N,F,,C,2014_10_PA0260700_NIBRS,
6689260,16443,11,2014,U,,,N,F,,C,2014_11_PA0260700_NIBRS,
6711710,16443,12,2014,U,,,N,F,,C,2014_12_PA0260700_NIBRS,
6464761,16444,1,2014,U,,,N,F,,C,2014_01_PA0260800_NIBRS,
6487211,16444,2,2014,U,,,N,F,,C,2014_02_PA0260800_NIBRS,
6509661,16444,3,2014,U,,,N,F,,C,2014_03_PA0260800_NIBRS,
6532111,16444,4,2014,U,,,N,F,,C,2014_04_PA0260800_NIBRS,
6554561,16444,5,2014,U,,,N,F,,C,2014_05_PA0260800_NIBRS,
6577011,16444,6,2014,U,,,N,F,,C,2014_06_PA0260800_NIBRS,
6599461,16444,7,2014,U,,,N,F,,C,2014_07_PA0260800_NIBRS,
6621911,16444,8,2014,U,,,N,F,,C,2014_08_PA0260800_NIBRS,
6644361,16444,9,2014,U,,,N,F,,C,2014_09_PA0260800_NIBRS,
6666811,16444,10,2014,U,,,N,F,,C,2014_10_PA0260800_NIBRS,
6689261,16444,11,2014,U,,,N,F,,C,2014_11_PA0260800_NIBRS,
6711711,16444,12,2014,U,,,N,F,,C,2014_12_PA0260800_NIBRS,
6464762,16445,1,2014,U,,,N,F,,C,2014_01_PA0260900_NIBRS,
6487212,16445,2,2014,U,,,N,F,,C,2014_02_PA0260900_NIBRS,
6509662,16445,3,2014,U,,,N,F,,C,2014_03_PA0260900_NIBRS,
6532112,16445,4,2014,U,,,N,F,,C,2014_04_PA0260900_NIBRS,
6554562,16445,5,2014,U,,,N,F,,C,2014_05_PA0260900_NIBRS,
6577012,16445,6,2014,U,,,N,F,,C,2014_06_PA0260900_NIBRS,
6599462,16445,7,2014,U,,,N,F,,C,2014_07_PA0260900_NIBRS,
6621912,16445,8,2014,U,,,N,F,,C,2014_08_PA0260900_NIBRS,
6644362,16445,9,2014,U,,,N,F,,C,2014_09_PA0260900_NIBRS,
6666812,16445,10,2014,U,,,N,F,,C,2014_10_PA0260900_NIBRS,
6689262,16445,11,2014,U,,,N,F,,C,2014_11_PA0260900_NIBRS,
6711712,16445,12,2014,U,,,N,F,,C,2014_12_PA0260900_NIBRS,
6464763,16446,1,2014,U,,,N,F,,C,2014_01_PA0261000_NIBRS,
6487213,16446,2,2014,U,,,N,F,,C,2014_02_PA0261000_NIBRS,
6509663,16446,3,2014,U,,,N,F,,C,2014_03_PA0261000_NIBRS,
6532113,16446,4,2014,U,,,N,F,,C,2014_04_PA0261000_NIBRS,
6554563,16446,5,2014,U,,,N,F,,C,2014_05_PA0261000_NIBRS,
6577013,16446,6,2014,U,,,N,F,,C,2014_06_PA0261000_NIBRS,
6599463,16446,7,2014,U,,,N,F,,C,2014_07_PA0261000_NIBRS,
6621913,16446,8,2014,U,,,N,F,,C,2014_08_PA0261000_NIBRS,
6644363,16446,9,2014,U,,,N,F,,C,2014_09_PA0261000_NIBRS,
6666813,16446,10,2014,U,,,N,F,,C,2014_10_PA0261000_NIBRS,
6689263,16446,11,2014,U,,,N,F,,C,2014_11_PA0261000_NIBRS,
6711713,16446,12,2014,U,,,N,F,,C,2014_12_PA0261000_NIBRS,
6464764,16447,1,2014,U,,,N,F,,C,2014_01_PA0261100_NIBRS,
6487214,16447,2,2014,U,,,N,F,,C,2014_02_PA0261100_NIBRS,
6509664,16447,3,2014,U,,,N,F,,C,2014_03_PA0261100_NIBRS,
6532114,16447,4,2014,U,,,N,F,,C,2014_04_PA0261100_NIBRS,
6554564,16447,5,2014,U,,,N,F,,C,2014_05_PA0261100_NIBRS,
6577014,16447,6,2014,U,,,N,F,,C,2014_06_PA0261100_NIBRS,
6599464,16447,7,2014,U,,,N,F,,C,2014_07_PA0261100_NIBRS,
6621914,16447,8,2014,U,,,N,F,,C,2014_08_PA0261100_NIBRS,
6644364,16447,9,2014,U,,,N,F,,C,2014_09_PA0261100_NIBRS,
6666814,16447,10,2014,U,,,N,F,,C,2014_10_PA0261100_NIBRS,
6689264,16447,11,2014,U,,,N,F,,C,2014_11_PA0261100_NIBRS,
6711714,16447,12,2014,U,,,N,F,,C,2014_12_PA0261100_NIBRS,
6464765,16448,1,2014,U,,,N,F,,C,2014_01_PA0261200_NIBRS,
6487215,16448,2,2014,U,,,N,F,,C,2014_02_PA0261200_NIBRS,
6509665,16448,3,2014,U,,,N,F,,C,2014_03_PA0261200_NIBRS,
6532115,16448,4,2014,U,,,N,F,,C,2014_04_PA0261200_NIBRS,
6554565,16448,5,2014,U,,,N,F,,C,2014_05_PA0261200_NIBRS,
6577015,16448,6,2014,U,,,N,F,,C,2014_06_PA0261200_NIBRS,
6599465,16448,7,2014,U,,,N,F,,C,2014_07_PA0261200_NIBRS,
6621915,16448,8,2014,U,,,N,F,,C,2014_08_PA0261200_NIBRS,
6644365,16448,9,2014,U,,,N,F,,C,2014_09_PA0261200_NIBRS,
6666815,16448,10,2014,U,,,N,F,,C,2014_10_PA0261200_NIBRS,
6689265,16448,11,2014,U,,,N,F,,C,2014_11_PA0261200_NIBRS,
6711715,16448,12,2014,U,,,N,F,,C,2014_12_PA0261200_NIBRS,
6464766,16449,1,2014,U,,,N,F,,C,2014_01_PA0261300_NIBRS,
6487216,16449,2,2014,U,,,N,F,,C,2014_02_PA0261300_NIBRS,
6509666,16449,3,2014,U,,,N,F,,C,2014_03_PA0261300_NIBRS,
6532116,16449,4,2014,U,,,N,F,,C,2014_04_PA0261300_NIBRS,
6554566,16449,5,2014,U,,,N,F,,C,2014_05_PA0261300_NIBRS,
6577016,16449,6,2014,U,,,N,F,,C,2014_06_PA0261300_NIBRS,
6599466,16449,7,2014,U,,,N,F,,C,2014_07_PA0261300_NIBRS,
6621916,16449,8,2014,U,,,N,F,,C,2014_08_PA0261300_NIBRS,
6644366,16449,9,2014,U,,,N,F,,C,2014_09_PA0261300_NIBRS,
6666816,16449,10,2014,U,,,N,F,,C,2014_10_PA0261300_NIBRS,
6689266,16449,11,2014,U,,,N,F,,C,2014_11_PA0261300_NIBRS,
6711716,16449,12,2014,U,,,N,F,,C,2014_12_PA0261300_NIBRS,
6464113,15796,1,2014,U,,,N,F,,C,2014_01_PA0029400_NIBRS,
6486563,15796,2,2014,U,,,N,F,,C,2014_02_PA0029400_NIBRS,
6509013,15796,3,2014,U,,,N,F,,C,2014_03_PA0029400_NIBRS,
6531463,15796,4,2014,U,,,N,F,,C,2014_04_PA0029400_NIBRS,
6553913,15796,5,2014,U,,,N,F,,C,2014_05_PA0029400_NIBRS,
6576363,15796,6,2014,U,,,N,F,,C,2014_06_PA0029400_NIBRS,
6598813,15796,7,2014,U,,,N,F,,C,2014_07_PA0029400_NIBRS,
6621263,15796,8,2014,U,,,N,F,,C,2014_08_PA0029400_NIBRS,
6643713,15796,9,2014,U,,,N,F,,C,2014_09_PA0029400_NIBRS,
6666163,15796,10,2014,U,,,N,F,,C,2014_10_PA0029400_NIBRS,
6688613,15796,11,2014,U,,,N,F,,C,2014_11_PA0029400_NIBRS,
6711063,15796,12,2014,U,,,N,F,,C,2014_12_PA0029400_NIBRS,
6464114,15797,1,2014,U,,,N,F,,C,2014_01_PA0029500_NIBRS,
6486564,15797,2,2014,U,,,N,F,,C,2014_02_PA0029500_NIBRS,
6509014,15797,3,2014,U,,,N,F,,C,2014_03_PA0029500_NIBRS,
6531464,15797,4,2014,U,,,N,F,,C,2014_04_PA0029500_NIBRS,
6553914,15797,5,2014,U,,,N,F,,C,2014_05_PA0029500_NIBRS,
6576364,15797,6,2014,U,,,N,F,,C,2014_06_PA0029500_NIBRS,
6598814,15797,7,2014,U,,,N,F,,C,2014_07_PA0029500_NIBRS,
6621264,15797,8,2014,U,,,N,F,,C,2014_08_PA0029500_NIBRS,
6643714,15797,9,2014,U,,,N,F,,C,2014_09_PA0029500_NIBRS,
6666164,15797,10,2014,U,,,N,F,,C,2014_10_PA0029500_NIBRS,
6688614,15797,11,2014,U,,,N,F,,C,2014_11_PA0029500_NIBRS,
6711064,15797,12,2014,U,,,N,F,,C,2014_12_PA0029500_NIBRS,
6464115,15798,1,2014,U,,,N,F,,C,2014_01_PA0029600_NIBRS,
6486565,15798,2,2014,U,,,N,F,,C,2014_02_PA0029600_NIBRS,
6509015,15798,3,2014,U,,,N,F,,C,2014_03_PA0029600_NIBRS,
6531465,15798,4,2014,U,,,N,F,,C,2014_04_PA0029600_NIBRS,
6553915,15798,5,2014,U,,,N,F,,C,2014_05_PA0029600_NIBRS,
6576365,15798,6,2014,U,,,N,F,,C,2014_06_PA0029600_NIBRS,
6598815,15798,7,2014,U,,,N,F,,C,2014_07_PA0029600_NIBRS,
6621265,15798,8,2014,U,,,N,F,,C,2014_08_PA0029600_NIBRS,
6643715,15798,9,2014,U,,,N,F,,C,2014_09_PA0029600_NIBRS,
6666165,15798,10,2014,U,,,N,F,,C,2014_10_PA0029600_NIBRS,
6688615,15798,11,2014,U,,,N,F,,C,2014_11_PA0029600_NIBRS,
6711065,15798,12,2014,U,,,N,F,,C,2014_12_PA0029600_NIBRS,
6464116,15799,1,2014,U,,,N,F,,C,2014_01_PA0029700_NIBRS,
6486566,15799,2,2014,U,,,N,F,,C,2014_02_PA0029700_NIBRS,
6509016,15799,3,2014,U,,,N,F,,C,2014_03_PA0029700_NIBRS,
6531466,15799,4,2014,U,,,N,F,,C,2014_04_PA0029700_NIBRS,
6553916,15799,5,2014,U,,,N,F,,C,2014_05_PA0029700_NIBRS,
6576366,15799,6,2014,U,,,N,F,,C,2014_06_PA0029700_NIBRS,
6598816,15799,7,2014,U,,,N,F,,C,2014_07_PA0029700_NIBRS,
6621266,15799,8,2014,U,,,N,F,,C,2014_08_PA0029700_NIBRS,
6643716,15799,9,2014,U,,,N,F,,C,2014_09_PA0029700_NIBRS,
6666166,15799,10,2014,U,,,N,F,,C,2014_10_PA0029700_NIBRS,
6688616,15799,11,2014,U,,,N,F,,C,2014_11_PA0029700_NIBRS,
6711066,15799,12,2014,U,,,N,F,,C,2014_12_PA0029700_NIBRS,
6464117,15800,1,2014,U,,,N,F,,C,2014_01_PA0029800_NIBRS,
6486567,15800,2,2014,U,,,N,F,,C,2014_02_PA0029800_NIBRS,
6509017,15800,3,2014,U,,,N,F,,C,2014_03_PA0029800_NIBRS,
6531467,15800,4,2014,U,,,N,F,,C,2014_04_PA0029800_NIBRS,
6553917,15800,5,2014,U,,,N,F,,C,2014_05_PA0029800_NIBRS,
6576367,15800,6,2014,U,,,N,F,,C,2014_06_PA0029800_NIBRS,
6598817,15800,7,2014,U,,,N,F,,C,2014_07_PA0029800_NIBRS,
6621267,15800,8,2014,U,,,N,F,,C,2014_08_PA0029800_NIBRS,
6643717,15800,9,2014,U,,,N,F,,C,2014_09_PA0029800_NIBRS,
6666167,15800,10,2014,U,,,N,F,,C,2014_10_PA0029800_NIBRS,
6688617,15800,11,2014,U,,,N,F,,C,2014_11_PA0029800_NIBRS,
6711067,15800,12,2014,U,,,N,F,,C,2014_12_PA0029800_NIBRS,
6464118,15801,1,2014,U,,,N,F,,C,2014_01_PA0029900_NIBRS,
6486568,15801,2,2014,U,,,N,F,,C,2014_02_PA0029900_NIBRS,
6509018,15801,3,2014,U,,,N,F,,C,2014_03_PA0029900_NIBRS,
6531468,15801,4,2014,U,,,N,F,,C,2014_04_PA0029900_NIBRS,
6553918,15801,5,2014,U,,,N,F,,C,2014_05_PA0029900_NIBRS,
6576368,15801,6,2014,U,,,N,F,,C,2014_06_PA0029900_NIBRS,
6598818,15801,7,2014,U,,,N,F,,C,2014_07_PA0029900_NIBRS,
6621268,15801,8,2014,U,,,N,F,,C,2014_08_PA0029900_NIBRS,
6643718,15801,9,2014,U,,,N,F,,C,2014_09_PA0029900_NIBRS,
6666168,15801,10,2014,U,,,N,F,,C,2014_10_PA0029900_NIBRS,
6688618,15801,11,2014,U,,,N,F,,C,2014_11_PA0029900_NIBRS,
6711068,15801,12,2014,U,,,N,F,,C,2014_12_PA0029900_NIBRS,
6464119,15802,1,2014,U,,,N,F,,C,2014_01_PA002BF00_NIBRS,
6486569,15802,2,2014,U,,,N,F,,C,2014_02_PA002BF00_NIBRS,
6509019,15802,3,2014,U,,,N,F,,C,2014_03_PA002BF00_NIBRS,
6531469,15802,4,2014,U,,,N,F,,C,2014_04_PA002BF00_NIBRS,
6553919,15802,5,2014,U,,,N,F,,C,2014_05_PA002BF00_NIBRS,
6576369,15802,6,2014,U,,,N,F,,C,2014_06_PA002BF00_NIBRS,
6598819,15802,7,2014,U,,,N,F,,C,2014_07_PA002BF00_NIBRS,
6621269,15802,8,2014,U,,,N,F,,C,2014_08_PA002BF00_NIBRS,
6643719,15802,9,2014,U,,,N,F,,C,2014_09_PA002BF00_NIBRS,
6666169,15802,10,2014,U,,,N,F,,C,2014_10_PA002BF00_NIBRS,
6688619,15802,11,2014,U,,,N,F,,C,2014_11_PA002BF00_NIBRS,
6711069,15802,12,2014,U,,,N,F,,C,2014_12_PA002BF00_NIBRS,
6464120,15803,1,2014,U,,,N,F,,C,2014_01_PA002DE00_NIBRS,
6486570,15803,2,2014,U,,,N,F,,C,2014_02_PA002DE00_NIBRS,
6509020,15803,3,2014,U,,,N,F,,C,2014_03_PA002DE00_NIBRS,
6531470,15803,4,2014,U,,,N,F,,C,2014_04_PA002DE00_NIBRS,
6553920,15803,5,2014,U,,,N,F,,C,2014_05_PA002DE00_NIBRS,
6576370,15803,6,2014,U,,,N,F,,C,2014_06_PA002DE00_NIBRS,
6598820,15803,7,2014,U,,,N,F,,C,2014_07_PA002DE00_NIBRS,
6621270,15803,8,2014,U,,,N,F,,C,2014_08_PA002DE00_NIBRS,
6643720,15803,9,2014,U,,,N,F,,C,2014_09_PA002DE00_NIBRS,
6666170,15803,10,2014,U,,,N,F,,C,2014_10_PA002DE00_NIBRS,
6688620,15803,11,2014,U,,,N,F,,C,2014_11_PA002DE00_NIBRS,
6711070,15803,12,2014,U,,,N,F,,C,2014_12_PA002DE00_NIBRS,
6464373,16056,1,2014,U,,,N,F,,C,2014_01_PA0110100_NIBRS,
6486823,16056,2,2014,U,,,N,F,,C,2014_02_PA0110100_NIBRS,
6509273,16056,3,2014,U,,,N,F,,C,2014_03_PA0110100_NIBRS,
6531723,16056,4,2014,U,,,N,F,,C,2014_04_PA0110100_NIBRS,
6554173,16056,5,2014,U,,,N,F,,C,2014_05_PA0110100_NIBRS,
6576623,16056,6,2014,U,,,N,F,,C,2014_06_PA0110100_NIBRS,
6599073,16056,7,2014,U,,,N,F,,C,2014_07_PA0110100_NIBRS,
6621523,16056,8,2014,U,,,N,F,,C,2014_08_PA0110100_NIBRS,
6643973,16056,9,2014,U,,,N,F,,C,2014_09_PA0110100_NIBRS,
6666423,16056,10,2014,U,,,N,F,,C,2014_10_PA0110100_NIBRS,
6688873,16056,11,2014,U,,,N,F,,C,2014_11_PA0110100_NIBRS,
6711323,16056,12,2014,U,,,N,F,,C,2014_12_PA0110100_NIBRS,
6464374,16057,1,2014,U,,,N,F,,C,2014_01_PA0110200_NIBRS,
6486824,16057,2,2014,U,,,N,F,,C,2014_02_PA0110200_NIBRS,
6509274,16057,3,2014,U,,,N,F,,C,2014_03_PA0110200_NIBRS,
6531724,16057,4,2014,U,,,N,F,,C,2014_04_PA0110200_NIBRS,
6554174,16057,5,2014,U,,,N,F,,C,2014_05_PA0110200_NIBRS,
6576624,16057,6,2014,U,,,N,F,,C,2014_06_PA0110200_NIBRS,
6599074,16057,7,2014,U,,,N,F,,C,2014_07_PA0110200_NIBRS,
6621524,16057,8,2014,U,,,N,F,,C,2014_08_PA0110200_NIBRS,
6643974,16057,9,2014,U,,,N,F,,C,2014_09_PA0110200_NIBRS,
6666424,16057,10,2014,U,,,N,F,,C,2014_10_PA0110200_NIBRS,
6688874,16057,11,2014,U,,,N,F,,C,2014_11_PA0110200_NIBRS,
6711324,16057,12,2014,U,,,N,F,,C,2014_12_PA0110200_NIBRS,
6464375,16058,1,2014,U,,,N,F,,C,2014_01_PA0110300_NIBRS,
6486825,16058,2,2014,U,,,N,F,,C,2014_02_PA0110300_NIBRS,
6509275,16058,3,2014,U,,,N,F,,C,2014_03_PA0110300_NIBRS,
6531725,16058,4,2014,U,,,N,F,,C,2014_04_PA0110300_NIBRS,
6554175,16058,5,2014,U,,,N,F,,C,2014_05_PA0110300_NIBRS,
6576625,16058,6,2014,U,,,N,F,,C,2014_06_PA0110300_NIBRS,
6599075,16058,7,2014,U,,,N,F,,C,2014_07_PA0110300_NIBRS,
6621525,16058,8,2014,U,,,N,F,,C,2014_08_PA0110300_NIBRS,
6643975,16058,9,2014,U,,,N,F,,C,2014_09_PA0110300_NIBRS,
6666425,16058,10,2014,U,,,N,F,,C,2014_10_PA0110300_NIBRS,
6688875,16058,11,2014,U,,,N,F,,C,2014_11_PA0110300_NIBRS,
6711325,16058,12,2014,U,,,N,F,,C,2014_12_PA0110300_NIBRS,
6464376,16059,1,2014,U,,,N,F,,C,2014_01_PA0110400_NIBRS,
6486826,16059,2,2014,U,,,N,F,,C,2014_02_PA0110400_NIBRS,
6509276,16059,3,2014,U,,,N,F,,C,2014_03_PA0110400_NIBRS,
6531726,16059,4,2014,U,,,N,F,,C,2014_04_PA0110400_NIBRS,
6554176,16059,5,2014,U,,,N,F,,C,2014_05_PA0110400_NIBRS,
6576626,16059,6,2014,U,,,N,F,,C,2014_06_PA0110400_NIBRS,
6599076,16059,7,2014,U,,,N,F,,C,2014_07_PA0110400_NIBRS,
6621526,16059,8,2014,U,,,N,F,,C,2014_08_PA0110400_NIBRS,
6643976,16059,9,2014,U,,,N,F,,C,2014_09_PA0110400_NIBRS,
6666426,16059,10,2014,U,,,N,F,,C,2014_10_PA0110400_NIBRS,
6688876,16059,11,2014,U,,,N,F,,C,2014_11_PA0110400_NIBRS,
6711326,16059,12,2014,U,,,N,F,,C,2014_12_PA0110400_NIBRS,
6464377,16060,1,2014,U,,,N,F,,C,2014_01_PA0110500_NIBRS,
6486827,16060,2,2014,U,,,N,F,,C,2014_02_PA0110500_NIBRS,
6509277,16060,3,2014,U,,,N,F,,C,2014_03_PA0110500_NIBRS,
6531727,16060,4,2014,U,,,N,F,,C,2014_04_PA0110500_NIBRS,
6554177,16060,5,2014,U,,,N,F,,C,2014_05_PA0110500_NIBRS,
6576627,16060,6,2014,U,,,N,F,,C,2014_06_PA0110500_NIBRS,
6599077,16060,7,2014,U,,,N,F,,C,2014_07_PA0110500_NIBRS,
6621527,16060,8,2014,U,,,N,F,,C,2014_08_PA0110500_NIBRS,
6643977,16060,9,2014,U,,,N,F,,C,2014_09_PA0110500_NIBRS,
6666427,16060,10,2014,U,,,N,F,,C,2014_10_PA0110500_NIBRS,
6688877,16060,11,2014,U,,,N,F,,C,2014_11_PA0110500_NIBRS,
6711327,16060,12,2014,U,,,N,F,,C,2014_12_PA0110500_NIBRS,
6464378,16061,1,2014,U,,,N,F,,C,2014_01_PA0110600_NIBRS,
6486828,16061,2,2014,U,,,N,F,,C,2014_02_PA0110600_NIBRS,
6509278,16061,3,2014,U,,,N,F,,C,2014_03_PA0110600_NIBRS,
6531728,16061,4,2014,U,,,N,F,,C,2014_04_PA0110600_NIBRS,
6554178,16061,5,2014,U,,,N,F,,C,2014_05_PA0110600_NIBRS,
6576628,16061,6,2014,U,,,N,F,,C,2014_06_PA0110600_NIBRS,
6599078,16061,7,2014,U,,,N,F,,C,2014_07_PA0110600_NIBRS,
6621528,16061,8,2014,U,,,N,F,,C,2014_08_PA0110600_NIBRS,
6643978,16061,9,2014,U,,,N,F,,C,2014_09_PA0110600_NIBRS,
6666428,16061,10,2014,U,,,N,F,,C,2014_10_PA0110600_NIBRS,
6688878,16061,11,2014,U,,,N,F,,C,2014_11_PA0110600_NIBRS,
6711328,16061,12,2014,U,,,N,F,,C,2014_12_PA0110600_NIBRS,
6464379,16062,1,2014,U,,,N,F,,C,2014_01_PA0110700_NIBRS,
6486829,16062,2,2014,U,,,N,F,,C,2014_02_PA0110700_NIBRS,
6509279,16062,3,2014,U,,,N,F,,C,2014_03_PA0110700_NIBRS,
6531729,16062,4,2014,U,,,N,F,,C,2014_04_PA0110700_NIBRS,
6554179,16062,5,2014,U,,,N,F,,C,2014_05_PA0110700_NIBRS,
6576629,16062,6,2014,U,,,N,F,,C,2014_06_PA0110700_NIBRS,
6599079,16062,7,2014,U,,,N,F,,C,2014_07_PA0110700_NIBRS,
6621529,16062,8,2014,U,,,N,F,,C,2014_08_PA0110700_NIBRS,
6643979,16062,9,2014,U,,,N,F,,C,2014_09_PA0110700_NIBRS,
6666429,16062,10,2014,U,,,N,F,,C,2014_10_PA0110700_NIBRS,
6688879,16062,11,2014,U,,,N,F,,C,2014_11_PA0110700_NIBRS,
6711329,16062,12,2014,U,,,N,F,,C,2014_12_PA0110700_NIBRS,
6464380,16063,1,2014,U,,,N,F,,C,2014_01_PA0110800_NIBRS,
6486830,16063,2,2014,U,,,N,F,,C,2014_02_PA0110800_NIBRS,
6509280,16063,3,2014,U,,,N,F,,C,2014_03_PA0110800_NIBRS,
6531730,16063,4,2014,U,,,N,F,,C,2014_04_PA0110800_NIBRS,
6554180,16063,5,2014,U,,,N,F,,C,2014_05_PA0110800_NIBRS,
6576630,16063,6,2014,U,,,N,F,,C,2014_06_PA0110800_NIBRS,
6599080,16063,7,2014,U,,,N,F,,C,2014_07_PA0110800_NIBRS,
6621530,16063,8,2014,U,,,N,F,,C,2014_08_PA0110800_NIBRS,
6643980,16063,9,2014,U,,,N,F,,C,2014_09_PA0110800_NIBRS,
6666430,16063,10,2014,U,,,N,F,,C,2014_10_PA0110800_NIBRS,
6688880,16063,11,2014,U,,,N,F,,C,2014_11_PA0110800_NIBRS,
6711330,16063,12,2014,U,,,N,F,,C,2014_12_PA0110800_NIBRS,
6464646,16329,1,2014,U,,,N,F,,C,2014_01_PA0220500_NIBRS,
6487096,16329,2,2014,U,,,N,F,,C,2014_02_PA0220500_NIBRS,
6509546,16329,3,2014,U,,,N,F,,C,2014_03_PA0220500_NIBRS,
6531996,16329,4,2014,U,,,N,F,,C,2014_04_PA0220500_NIBRS,
6554446,16329,5,2014,U,,,N,F,,C,2014_05_PA0220500_NIBRS,
6576896,16329,6,2014,U,,,N,F,,C,2014_06_PA0220500_NIBRS,
6599346,16329,7,2014,U,,,N,F,,C,2014_07_PA0220500_NIBRS,
6621796,16329,8,2014,U,,,N,F,,C,2014_08_PA0220500_NIBRS,
6644246,16329,9,2014,U,,,N,F,,C,2014_09_PA0220500_NIBRS,
6666696,16329,10,2014,U,,,N,F,,C,2014_10_PA0220500_NIBRS,
6689146,16329,11,2014,U,,,N,F,,C,2014_11_PA0220500_NIBRS,
6711596,16329,12,2014,U,,,N,F,,C,2014_12_PA0220500_NIBRS,
6464271,15954,1,2014,U,,,N,F,,C,2014_01_PA0071000_NIBRS,
6486721,15954,2,2014,U,,,N,F,,C,2014_02_PA0071000_NIBRS,
6509171,15954,3,2014,U,,,N,F,,C,2014_03_PA0071000_NIBRS,
6531621,15954,4,2014,U,,,N,F,,C,2014_04_PA0071000_NIBRS,
6554071,15954,5,2014,U,,,N,F,,C,2014_05_PA0071000_NIBRS,
6576521,15954,6,2014,U,,,N,F,,C,2014_06_PA0071000_NIBRS,
6598971,15954,7,2014,U,,,N,F,,C,2014_07_PA0071000_NIBRS,
6621421,15954,8,2014,U,,,N,F,,C,2014_08_PA0071000_NIBRS,
6643871,15954,9,2014,U,,,N,F,,C,2014_09_PA0071000_NIBRS,
6666321,15954,10,2014,U,,,N,F,,C,2014_10_PA0071000_NIBRS,
6688771,15954,11,2014,U,,,N,F,,C,2014_11_PA0071000_NIBRS,
6711221,15954,12,2014,U,,,N,F,,C,2014_12_PA0071000_NIBRS,
6464272,15955,1,2014,U,,,N,F,,C,2014_01_PA0071100_NIBRS,
6486722,15955,2,2014,U,,,N,F,,C,2014_02_PA0071100_NIBRS,
6509172,15955,3,2014,U,,,N,F,,C,2014_03_PA0071100_NIBRS,
6531622,15955,4,2014,U,,,N,F,,C,2014_04_PA0071100_NIBRS,
6554072,15955,5,2014,U,,,N,F,,C,2014_05_PA0071100_NIBRS,
6576522,15955,6,2014,U,,,N,F,,C,2014_06_PA0071100_NIBRS,
6598972,15955,7,2014,U,,,N,F,,C,2014_07_PA0071100_NIBRS,
6621422,15955,8,2014,U,,,N,F,,C,2014_08_PA0071100_NIBRS,
6643872,15955,9,2014,U,,,N,F,,C,2014_09_PA0071100_NIBRS,
6666322,15955,10,2014,U,,,N,F,,C,2014_10_PA0071100_NIBRS,
6688772,15955,11,2014,U,,,N,F,,C,2014_11_PA0071100_NIBRS,
6711222,15955,12,2014,U,,,N,F,,C,2014_12_PA0071100_NIBRS,
6464273,15956,1,2014,U,,,N,F,,C,2014_01_PA0071400_NIBRS,
6486723,15956,2,2014,U,,,N,F,,C,2014_02_PA0071400_NIBRS,
6509173,15956,3,2014,U,,,N,F,,C,2014_03_PA0071400_NIBRS,
6531623,15956,4,2014,U,,,N,F,,C,2014_04_PA0071400_NIBRS,
6554073,15956,5,2014,U,,,N,F,,C,2014_05_PA0071400_NIBRS,
6576523,15956,6,2014,U,,,N,F,,C,2014_06_PA0071400_NIBRS,
6598973,15956,7,2014,U,,,N,F,,C,2014_07_PA0071400_NIBRS,
6621423,15956,8,2014,U,,,N,F,,C,2014_08_PA0071400_NIBRS,
6643873,15956,9,2014,U,,,N,F,,C,2014_09_PA0071400_NIBRS,
6666323,15956,10,2014,U,,,N,F,,C,2014_10_PA0071400_NIBRS,
6688773,15956,11,2014,U,,,N,F,,C,2014_11_PA0071400_NIBRS,
6711223,15956,12,2014,U,,,N,F,,C,2014_12_PA0071400_NIBRS,
6464274,15957,1,2014,U,,,N,F,,C,2014_01_PA0071500_NIBRS,
6486724,15957,2,2014,U,,,N,F,,C,2014_02_PA0071500_NIBRS,
6509174,15957,3,2014,U,,,N,F,,C,2014_03_PA0071500_NIBRS,
6531624,15957,4,2014,U,,,N,F,,C,2014_04_PA0071500_NIBRS,
6554074,15957,5,2014,U,,,N,F,,C,2014_05_PA0071500_NIBRS,
6576524,15957,6,2014,U,,,N,F,,C,2014_06_PA0071500_NIBRS,
6598974,15957,7,2014,U,,,N,F,,C,2014_07_PA0071500_NIBRS,
6621424,15957,8,2014,U,,,N,F,,C,2014_08_PA0071500_NIBRS,
6643874,15957,9,2014,U,,,N,F,,C,2014_09_PA0071500_NIBRS,
6666324,15957,10,2014,U,,,N,F,,C,2014_10_PA0071500_NIBRS,
6688774,15957,11,2014,U,,,N,F,,C,2014_11_PA0071500_NIBRS,
6711224,15957,12,2014,U,,,N,F,,C,2014_12_PA0071500_NIBRS,
6464275,15958,1,2014,U,,,N,F,,C,2014_01_PA0071600_NIBRS,
6486725,15958,2,2014,U,,,N,F,,C,2014_02_PA0071600_NIBRS,
6509175,15958,3,2014,U,,,N,F,,C,2014_03_PA0071600_NIBRS,
6531625,15958,4,2014,U,,,N,F,,C,2014_04_PA0071600_NIBRS,
6554075,15958,5,2014,U,,,N,F,,C,2014_05_PA0071600_NIBRS,
6576525,15958,6,2014,U,,,N,F,,C,2014_06_PA0071600_NIBRS,
6598975,15958,7,2014,U,,,N,F,,C,2014_07_PA0071600_NIBRS,
6621425,15958,8,2014,U,,,N,F,,C,2014_08_PA0071600_NIBRS,
6643875,15958,9,2014,U,,,N,F,,C,2014_09_PA0071600_NIBRS,
6666325,15958,10,2014,U,,,N,F,,C,2014_10_PA0071600_NIBRS,
6688775,15958,11,2014,U,,,N,F,,C,2014_11_PA0071600_NIBRS,
6711225,15958,12,2014,U,,,N,F,,C,2014_12_PA0071600_NIBRS,
6470269,23044,1,2014,U,,,N,F,,C,2014_01_PA0071700_NIBRS,
6492719,23044,2,2014,U,,,N,F,,C,2014_02_PA0071700_NIBRS,
6515169,23044,3,2014,U,,,N,F,,C,2014_03_PA0071700_NIBRS,
6537619,23044,4,2014,U,,,N,F,,C,2014_04_PA0071700_NIBRS,
6560069,23044,5,2014,U,,,N,F,,C,2014_05_PA0071700_NIBRS,
6582519,23044,6,2014,U,,,N,F,,C,2014_06_PA0071700_NIBRS,
6604969,23044,7,2014,U,,,N,F,,C,2014_07_PA0071700_NIBRS,
6627419,23044,8,2014,U,,,N,F,,C,2014_08_PA0071700_NIBRS,
6649869,23044,9,2014,U,,,N,F,,C,2014_09_PA0071700_NIBRS,
6672319,23044,10,2014,U,,,N,F,,C,2014_10_PA0071700_NIBRS,
6694769,23044,11,2014,U,,,N,F,,C,2014_11_PA0071700_NIBRS,
6717219,23044,12,2014,U,,,N,F,,C,2014_12_PA0071700_NIBRS,
6464276,15959,1,2014,U,,,N,F,,C,2014_01_PA0071800_NIBRS,
6486726,15959,2,2014,U,,,N,F,,C,2014_02_PA0071800_NIBRS,
6509176,15959,3,2014,U,,,N,F,,C,2014_03_PA0071800_NIBRS,
6531626,15959,4,2014,U,,,N,F,,C,2014_04_PA0071800_NIBRS,
6554076,15959,5,2014,U,,,N,F,,C,2014_05_PA0071800_NIBRS,
6576526,15959,6,2014,U,,,N,F,,C,2014_06_PA0071800_NIBRS,
6598976,15959,7,2014,U,,,N,F,,C,2014_07_PA0071800_NIBRS,
6621426,15959,8,2014,U,,,N,F,,C,2014_08_PA0071800_NIBRS,
6643876,15959,9,2014,U,,,N,F,,C,2014_09_PA0071800_NIBRS,
6666326,15959,10,2014,U,,,N,F,,C,2014_10_PA0071800_NIBRS,
6688776,15959,11,2014,U,,,N,F,,C,2014_11_PA0071800_NIBRS,
6711226,15959,12,2014,U,,,N,F,,C,2014_12_PA0071800_NIBRS,
6464277,15960,1,2014,U,,,N,F,,C,2014_01_PA0072000_NIBRS,
6486727,15960,2,2014,U,,,N,F,,C,2014_02_PA0072000_NIBRS,
6509177,15960,3,2014,U,,,N,F,,C,2014_03_PA0072000_NIBRS,
6531627,15960,4,2014,U,,,N,F,,C,2014_04_PA0072000_NIBRS,
6554077,15960,5,2014,U,,,N,F,,C,2014_05_PA0072000_NIBRS,
6576527,15960,6,2014,U,,,N,F,,C,2014_06_PA0072000_NIBRS,
6598977,15960,7,2014,U,,,N,F,,C,2014_07_PA0072000_NIBRS,
6621427,15960,8,2014,U,,,N,F,,C,2014_08_PA0072000_NIBRS,
6643877,15960,9,2014,U,,,N,F,,C,2014_09_PA0072000_NIBRS,
6666327,15960,10,2014,U,,,N,F,,C,2014_10_PA0072000_NIBRS,
6688777,15960,11,2014,U,,,N,F,,C,2014_11_PA0072000_NIBRS,
6711227,15960,12,2014,U,,,N,F,,C,2014_12_PA0072000_NIBRS,
6464278,15961,1,2014,U,,,N,F,,C,2014_01_PA007A19P_NIBRS,
6486728,15961,2,2014,U,,,N,F,,C,2014_02_PA007A19P_NIBRS,
6509178,15961,3,2014,U,,,N,F,,C,2014_03_PA007A19P_NIBRS,
6531628,15961,4,2014,U,,,N,F,,C,2014_04_PA007A19P_NIBRS,
6554078,15961,5,2014,U,,,N,F,,C,2014_05_PA007A19P_NIBRS,
6576528,15961,6,2014,U,,,N,F,,C,2014_06_PA007A19P_NIBRS,
6598978,15961,7,2014,U,,,N,F,,C,2014_07_PA007A19P_NIBRS,
6621428,15961,8,2014,U,,,N,F,,C,2014_08_PA007A19P_NIBRS,
6643878,15961,9,2014,U,,,N,F,,C,2014_09_PA007A19P_NIBRS,
6666328,15961,10,2014,U,,,N,F,,C,2014_10_PA007A19P_NIBRS,
6688778,15961,11,2014,U,,,N,F,,C,2014_11_PA007A19P_NIBRS,
6711228,15961,12,2014,U,,,N,F,,C,2014_12_PA007A19P_NIBRS,
6464279,15962,1,2014,U,,,N,F,,C,2014_01_PA007BF00_NIBRS,
6486729,15962,2,2014,U,,,N,F,,C,2014_02_PA007BF00_NIBRS,
6509179,15962,3,2014,U,,,N,F,,C,2014_03_PA007BF00_NIBRS,
6531629,15962,4,2014,U,,,N,F,,C,2014_04_PA007BF00_NIBRS,
6554079,15962,5,2014,U,,,N,F,,C,2014_05_PA007BF00_NIBRS,
6576529,15962,6,2014,U,,,N,F,,C,2014_06_PA007BF00_NIBRS,
6598979,15962,7,2014,U,,,N,F,,C,2014_07_PA007BF00_NIBRS,
6621429,15962,8,2014,U,,,N,F,,C,2014_08_PA007BF00_NIBRS,
6643879,15962,9,2014,U,,,N,F,,C,2014_09_PA007BF00_NIBRS,
6666329,15962,10,2014,U,,,N,F,,C,2014_10_PA007BF00_NIBRS,
6688779,15962,11,2014,U,,,N,F,,C,2014_11_PA007BF00_NIBRS,
6711229,15962,12,2014,U,,,N,F,,C,2014_12_PA007BF00_NIBRS,
6464280,15963,1,2014,U,,,N,F,,C,2014_01_PA007DE00_NIBRS,
6486730,15963,2,2014,U,,,N,F,,C,2014_02_PA007DE00_NIBRS,
6509180,15963,3,2014,U,,,N,F,,C,2014_03_PA007DE00_NIBRS,
6531630,15963,4,2014,U,,,N,F,,C,2014_04_PA007DE00_NIBRS,
6554080,15963,5,2014,U,,,N,F,,C,2014_05_PA007DE00_NIBRS,
6576530,15963,6,2014,U,,,N,F,,C,2014_06_PA007DE00_NIBRS,
6598980,15963,7,2014,U,,,N,F,,C,2014_07_PA007DE00_NIBRS,
6621430,15963,8,2014,U,,,N,F,,C,2014_08_PA007DE00_NIBRS,
6643880,15963,9,2014,U,,,N,F,,C,2014_09_PA007DE00_NIBRS,
6666330,15963,10,2014,U,,,N,F,,C,2014_10_PA007DE00_NIBRS,
6688780,15963,11,2014,U,,,N,F,,C,2014_11_PA007DE00_NIBRS,
6711230,15963,12,2014,U,,,N,F,,C,2014_12_PA007DE00_NIBRS,
6464281,15964,1,2014,U,,,N,F,,C,2014_01_PA007SP00_NIBRS,
6486731,15964,2,2014,U,,,N,F,,C,2014_02_PA007SP00_NIBRS,
6509181,15964,3,2014,U,,,N,F,,C,2014_03_PA007SP00_NIBRS,
6531631,15964,4,2014,U,,,N,F,,C,2014_04_PA007SP00_NIBRS,
6554081,15964,5,2014,U,,,N,F,,C,2014_05_PA007SP00_NIBRS,
6576531,15964,6,2014,U,,,N,F,,C,2014_06_PA007SP00_NIBRS,
6598981,15964,7,2014,U,,,N,F,,C,2014_07_PA007SP00_NIBRS,
6621431,15964,8,2014,U,,,N,F,,C,2014_08_PA007SP00_NIBRS,
6643881,15964,9,2014,U,,,N,F,,C,2014_09_PA007SP00_NIBRS,
6666331,15964,10,2014,U,,,N,F,,C,2014_10_PA007SP00_NIBRS,
6688781,15964,11,2014,U,,,N,F,,C,2014_11_PA007SP00_NIBRS,
6711231,15964,12,2014,U,,,N,F,,C,2014_12_PA007SP00_NIBRS,
6464282,15965,1,2014,U,,,N,F,,C,2014_01_PA0080000_NIBRS,
6486732,15965,2,2014,U,,,N,F,,C,2014_02_PA0080000_NIBRS,
6509182,15965,3,2014,U,,,N,F,,C,2014_03_PA0080000_NIBRS,
6531632,15965,4,2014,U,,,N,F,,C,2014_04_PA0080000_NIBRS,
6554082,15965,5,2014,U,,,N,F,,C,2014_05_PA0080000_NIBRS,
6576532,15965,6,2014,U,,,N,F,,C,2014_06_PA0080000_NIBRS,
6598982,15965,7,2014,U,,,N,F,,C,2014_07_PA0080000_NIBRS,
6621432,15965,8,2014,U,,,N,F,,C,2014_08_PA0080000_NIBRS,
6643882,15965,9,2014,U,,,N,F,,C,2014_09_PA0080000_NIBRS,
6666332,15965,10,2014,U,,,N,F,,C,2014_10_PA0080000_NIBRS,
6688782,15965,11,2014,U,,,N,F,,C,2014_11_PA0080000_NIBRS,
6711232,15965,12,2014,U,,,N,F,,C,2014_12_PA0080000_NIBRS,
6464283,15966,1,2014,U,,,N,F,,C,2014_01_PA0080100_NIBRS,
6486733,15966,2,2014,U,,,N,F,,C,2014_02_PA0080100_NIBRS,
6509183,15966,3,2014,U,,,N,F,,C,2014_03_PA0080100_NIBRS,
6531633,15966,4,2014,U,,,N,F,,C,2014_04_PA0080100_NIBRS,
6554083,15966,5,2014,U,,,N,F,,C,2014_05_PA0080100_NIBRS,
6576533,15966,6,2014,U,,,N,F,,C,2014_06_PA0080100_NIBRS,
6598983,15966,7,2014,U,,,N,F,,C,2014_07_PA0080100_NIBRS,
6621433,15966,8,2014,U,,,N,F,,C,2014_08_PA0080100_NIBRS,
6643883,15966,9,2014,U,,,N,F,,C,2014_09_PA0080100_NIBRS,
6666333,15966,10,2014,U,,,N,F,,C,2014_10_PA0080100_NIBRS,
6688783,15966,11,2014,U,,,N,F,,C,2014_11_PA0080100_NIBRS,
6711233,15966,12,2014,U,,,N,F,,C,2014_12_PA0080100_NIBRS,
6464284,15967,1,2014,U,,,N,F,,C,2014_01_PA0080200_NIBRS,
6486734,15967,2,2014,U,,,N,F,,C,2014_02_PA0080200_NIBRS,
6509184,15967,3,2014,U,,,N,F,,C,2014_03_PA0080200_NIBRS,
6531634,15967,4,2014,U,,,N,F,,C,2014_04_PA0080200_NIBRS,
6554084,15967,5,2014,U,,,N,F,,C,2014_05_PA0080200_NIBRS,
6576534,15967,6,2014,U,,,N,F,,C,2014_06_PA0080200_NIBRS,
6598984,15967,7,2014,U,,,N,F,,C,2014_07_PA0080200_NIBRS,
6621434,15967,8,2014,U,,,N,F,,C,2014_08_PA0080200_NIBRS,
6643884,15967,9,2014,U,,,N,F,,C,2014_09_PA0080200_NIBRS,
6666334,15967,10,2014,U,,,N,F,,C,2014_10_PA0080200_NIBRS,
6688784,15967,11,2014,U,,,N,F,,C,2014_11_PA0080200_NIBRS,
6711234,15967,12,2014,U,,,N,F,,C,2014_12_PA0080200_NIBRS,
6464285,15968,1,2014,U,,,N,F,,C,2014_01_PA0080300_NIBRS,
6486735,15968,2,2014,U,,,N,F,,C,2014_02_PA0080300_NIBRS,
6509185,15968,3,2014,U,,,N,F,,C,2014_03_PA0080300_NIBRS,
6531635,15968,4,2014,U,,,N,F,,C,2014_04_PA0080300_NIBRS,
6554085,15968,5,2014,U,,,N,F,,C,2014_05_PA0080300_NIBRS,
6576535,15968,6,2014,U,,,N,F,,C,2014_06_PA0080300_NIBRS,
6598985,15968,7,2014,U,,,N,F,,C,2014_07_PA0080300_NIBRS,
6621435,15968,8,2014,U,,,N,F,,C,2014_08_PA0080300_NIBRS,
6643885,15968,9,2014,U,,,N,F,,C,2014_09_PA0080300_NIBRS,
6666335,15968,10,2014,U,,,N,F,,C,2014_10_PA0080300_NIBRS,
6688785,15968,11,2014,U,,,N,F,,C,2014_11_PA0080300_NIBRS,
6711235,15968,12,2014,U,,,N,F,,C,2014_12_PA0080300_NIBRS,
6464286,15969,1,2014,U,,,N,F,,C,2014_01_PA0080400_NIBRS,
6486736,15969,2,2014,U,,,N,F,,C,2014_02_PA0080400_NIBRS,
6509186,15969,3,2014,U,,,N,F,,C,2014_03_PA0080400_NIBRS,
6531636,15969,4,2014,U,,,N,F,,C,2014_04_PA0080400_NIBRS,
6554086,15969,5,2014,U,,,N,F,,C,2014_05_PA0080400_NIBRS,
6576536,15969,6,2014,U,,,N,F,,C,2014_06_PA0080400_NIBRS,
6598986,15969,7,2014,U,,,N,F,,C,2014_07_PA0080400_NIBRS,
6621436,15969,8,2014,U,,,N,F,,C,2014_08_PA0080400_NIBRS,
6643886,15969,9,2014,U,,,N,F,,C,2014_09_PA0080400_NIBRS,
6666336,15969,10,2014,U,,,N,F,,C,2014_10_PA0080400_NIBRS,
6688786,15969,11,2014,U,,,N,F,,C,2014_11_PA0080400_NIBRS,
6711236,15969,12,2014,U,,,N,F,,C,2014_12_PA0080400_NIBRS,
6464287,15970,1,2014,U,,,N,F,,C,2014_01_PA0080500_NIBRS,
6486737,15970,2,2014,U,,,N,F,,C,2014_02_PA0080500_NIBRS,
6509187,15970,3,2014,U,,,N,F,,C,2014_03_PA0080500_NIBRS,
6531637,15970,4,2014,U,,,N,F,,C,2014_04_PA0080500_NIBRS,
6554087,15970,5,2014,U,,,N,F,,C,2014_05_PA0080500_NIBRS,
6576537,15970,6,2014,U,,,N,F,,C,2014_06_PA0080500_NIBRS,
6598987,15970,7,2014,U,,,N,F,,C,2014_07_PA0080500_NIBRS,
6621437,15970,8,2014,U,,,N,F,,C,2014_08_PA0080500_NIBRS,
6643887,15970,9,2014,U,,,N,F,,C,2014_09_PA0080500_NIBRS,
6666337,15970,10,2014,U,,,N,F,,C,2014_10_PA0080500_NIBRS,
6688787,15970,11,2014,U,,,N,F,,C,2014_11_PA0080500_NIBRS,
6711237,15970,12,2014,U,,,N,F,,C,2014_12_PA0080500_NIBRS,
6464288,15971,1,2014,U,,,N,F,,C,2014_01_PA0080700_NIBRS,
6486738,15971,2,2014,U,,,N,F,,C,2014_02_PA0080700_NIBRS,
6509188,15971,3,2014,U,,,N,F,,C,2014_03_PA0080700_NIBRS,
6531638,15971,4,2014,U,,,N,F,,C,2014_04_PA0080700_NIBRS,
6554088,15971,5,2014,U,,,N,F,,C,2014_05_PA0080700_NIBRS,
6576538,15971,6,2014,U,,,N,F,,C,2014_06_PA0080700_NIBRS,
6598988,15971,7,2014,U,,,N,F,,C,2014_07_PA0080700_NIBRS,
6621438,15971,8,2014,U,,,N,F,,C,2014_08_PA0080700_NIBRS,
6643888,15971,9,2014,U,,,N,F,,C,2014_09_PA0080700_NIBRS,
6666338,15971,10,2014,U,,,N,F,,C,2014_10_PA0080700_NIBRS,
6688788,15971,11,2014,U,,,N,F,,C,2014_11_PA0080700_NIBRS,
6711238,15971,12,2014,U,,,N,F,,C,2014_12_PA0080700_NIBRS,
6464289,15972,1,2014,U,,,N,F,,C,2014_01_PA0080800_NIBRS,
6486739,15972,2,2014,U,,,N,F,,C,2014_02_PA0080800_NIBRS,
6509189,15972,3,2014,U,,,N,F,,C,2014_03_PA0080800_NIBRS,
6531639,15972,4,2014,U,,,N,F,,C,2014_04_PA0080800_NIBRS,
6554089,15972,5,2014,U,,,N,F,,C,2014_05_PA0080800_NIBRS,
6576539,15972,6,2014,U,,,N,F,,C,2014_06_PA0080800_NIBRS,
6598989,15972,7,2014,U,,,N,F,,C,2014_07_PA0080800_NIBRS,
6621439,15972,8,2014,U,,,N,F,,C,2014_08_PA0080800_NIBRS,
6643889,15972,9,2014,U,,,N,F,,C,2014_09_PA0080800_NIBRS,
6666339,15972,10,2014,U,,,N,F,,C,2014_10_PA0080800_NIBRS,
6688789,15972,11,2014,U,,,N,F,,C,2014_11_PA0080800_NIBRS,
6711239,15972,12,2014,U,,,N,F,,C,2014_12_PA0080800_NIBRS,
6464290,15973,1,2014,U,,,N,F,,C,2014_01_PA0081200_NIBRS,
6486740,15973,2,2014,U,,,N,F,,C,2014_02_PA0081200_NIBRS,
6509190,15973,3,2014,U,,,N,F,,C,2014_03_PA0081200_NIBRS,
6531640,15973,4,2014,U,,,N,F,,C,2014_04_PA0081200_NIBRS,
6554090,15973,5,2014,U,,,N,F,,C,2014_05_PA0081200_NIBRS,
6576540,15973,6,2014,U,,,N,F,,C,2014_06_PA0081200_NIBRS,
6598990,15973,7,2014,U,,,N,F,,C,2014_07_PA0081200_NIBRS,
6621440,15973,8,2014,U,,,N,F,,C,2014_08_PA0081200_NIBRS,
6643890,15973,9,2014,U,,,N,F,,C,2014_09_PA0081200_NIBRS,
6666340,15973,10,2014,U,,,N,F,,C,2014_10_PA0081200_NIBRS,
6688790,15973,11,2014,U,,,N,F,,C,2014_11_PA0081200_NIBRS,
6711240,15973,12,2014,U,,,N,F,,C,2014_12_PA0081200_NIBRS,
6464291,15974,1,2014,U,,,N,F,,C,2014_01_PA0081800_NIBRS,
6486741,15974,2,2014,U,,,N,F,,C,2014_02_PA0081800_NIBRS,
6509191,15974,3,2014,U,,,N,F,,C,2014_03_PA0081800_NIBRS,
6531641,15974,4,2014,U,,,N,F,,C,2014_04_PA0081800_NIBRS,
6554091,15974,5,2014,U,,,N,F,,C,2014_05_PA0081800_NIBRS,
6576541,15974,6,2014,U,,,N,F,,C,2014_06_PA0081800_NIBRS,
6598991,15974,7,2014,U,,,N,F,,C,2014_07_PA0081800_NIBRS,
6621441,15974,8,2014,U,,,N,F,,C,2014_08_PA0081800_NIBRS,
6643891,15974,9,2014,U,,,N,F,,C,2014_09_PA0081800_NIBRS,
6666341,15974,10,2014,U,,,N,F,,C,2014_10_PA0081800_NIBRS,
6688791,15974,11,2014,U,,,N,F,,C,2014_11_PA0081800_NIBRS,
6711241,15974,12,2014,U,,,N,F,,C,2014_12_PA0081800_NIBRS,
6464292,15975,1,2014,U,,,N,F,,C,2014_01_PA008BF00_NIBRS,
6486742,15975,2,2014,U,,,N,F,,C,2014_02_PA008BF00_NIBRS,
6509192,15975,3,2014,U,,,N,F,,C,2014_03_PA008BF00_NIBRS,
6531642,15975,4,2014,U,,,N,F,,C,2014_04_PA008BF00_NIBRS,
6554092,15975,5,2014,U,,,N,F,,C,2014_05_PA008BF00_NIBRS,
6576542,15975,6,2014,U,,,N,F,,C,2014_06_PA008BF00_NIBRS,
6598992,15975,7,2014,U,,,N,F,,C,2014_07_PA008BF00_NIBRS,
6621442,15975,8,2014,U,,,N,F,,C,2014_08_PA008BF00_NIBRS,
6643892,15975,9,2014,U,,,N,F,,C,2014_09_PA008BF00_NIBRS,
6666342,15975,10,2014,U,,,N,F,,C,2014_10_PA008BF00_NIBRS,
6688792,15975,11,2014,U,,,N,F,,C,2014_11_PA008BF00_NIBRS,
6711242,15975,12,2014,U,,,N,F,,C,2014_12_PA008BF00_NIBRS,
6464293,15976,1,2014,U,,,N,F,,C,2014_01_PA008DE00_NIBRS,
6486743,15976,2,2014,U,,,N,F,,C,2014_02_PA008DE00_NIBRS,
6509193,15976,3,2014,U,,,N,F,,C,2014_03_PA008DE00_NIBRS,
6531643,15976,4,2014,U,,,N,F,,C,2014_04_PA008DE00_NIBRS,
6554093,15976,5,2014,U,,,N,F,,C,2014_05_PA008DE00_NIBRS,
6576543,15976,6,2014,U,,,N,F,,C,2014_06_PA008DE00_NIBRS,
6598993,15976,7,2014,U,,,N,F,,C,2014_07_PA008DE00_NIBRS,
6621443,15976,8,2014,U,,,N,F,,C,2014_08_PA008DE00_NIBRS,
6643893,15976,9,2014,U,,,N,F,,C,2014_09_PA008DE00_NIBRS,
6666343,15976,10,2014,U,,,N,F,,C,2014_10_PA008DE00_NIBRS,
6688793,15976,11,2014,U,,,N,F,,C,2014_11_PA008DE00_NIBRS,
6711243,15976,12,2014,U,,,N,F,,C,2014_12_PA008DE00_NIBRS,
6464294,15977,1,2014,U,,,N,F,,C,2014_01_PA008SP00_NIBRS,
6486744,15977,2,2014,U,,,N,F,,C,2014_02_PA008SP00_NIBRS,
6509194,15977,3,2014,U,,,N,F,,C,2014_03_PA008SP00_NIBRS,
6531644,15977,4,2014,U,,,N,F,,C,2014_04_PA008SP00_NIBRS,
6554094,15977,5,2014,U,,,N,F,,C,2014_05_PA008SP00_NIBRS,
6576544,15977,6,2014,U,,,N,F,,C,2014_06_PA008SP00_NIBRS,
6598994,15977,7,2014,U,,,N,F,,C,2014_07_PA008SP00_NIBRS,
6621444,15977,8,2014,U,,,N,F,,C,2014_08_PA008SP00_NIBRS,
6643894,15977,9,2014,U,,,N,F,,C,2014_09_PA008SP00_NIBRS,
6666344,15977,10,2014,U,,,N,F,,C,2014_10_PA008SP00_NIBRS,
6688794,15977,11,2014,U,,,N,F,,C,2014_11_PA008SP00_NIBRS,
6711244,15977,12,2014,U,,,N,F,,C,2014_12_PA008SP00_NIBRS,
6464295,15978,1,2014,U,,,N,F,,C,2014_01_PA0090000_NIBRS,
6486745,15978,2,2014,U,,,N,F,,C,2014_02_PA0090000_NIBRS,
6509195,15978,3,2014,U,,,N,F,,C,2014_03_PA0090000_NIBRS,
6531645,15978,4,2014,U,,,N,F,,C,2014_04_PA0090000_NIBRS,
6554095,15978,5,2014,U,,,N,F,,C,2014_05_PA0090000_NIBRS,
6576545,15978,6,2014,U,,,N,F,,C,2014_06_PA0090000_NIBRS,
6598995,15978,7,2014,U,,,N,F,,C,2014_07_PA0090000_NIBRS,
6621445,15978,8,2014,U,,,N,F,,C,2014_08_PA0090000_NIBRS,
6643895,15978,9,2014,U,,,N,F,,C,2014_09_PA0090000_NIBRS,
6666345,15978,10,2014,U,,,N,F,,C,2014_10_PA0090000_NIBRS,
6688795,15978,11,2014,U,,,N,F,,C,2014_11_PA0090000_NIBRS,
6711245,15978,12,2014,U,,,N,F,,C,2014_12_PA0090000_NIBRS,
6464296,15979,1,2014,U,,,N,F,,C,2014_01_PA0090100_NIBRS,
6486746,15979,2,2014,U,,,N,F,,C,2014_02_PA0090100_NIBRS,
6509196,15979,3,2014,U,,,N,F,,C,2014_03_PA0090100_NIBRS,
6531646,15979,4,2014,U,,,N,F,,C,2014_04_PA0090100_NIBRS,
6554096,15979,5,2014,U,,,N,F,,C,2014_05_PA0090100_NIBRS,
6576546,15979,6,2014,U,,,N,F,,C,2014_06_PA0090100_NIBRS,
6598996,15979,7,2014,U,,,N,F,,C,2014_07_PA0090100_NIBRS,
6621446,15979,8,2014,U,,,N,F,,C,2014_08_PA0090100_NIBRS,
6643896,15979,9,2014,U,,,N,F,,C,2014_09_PA0090100_NIBRS,
6666346,15979,10,2014,U,,,N,F,,C,2014_10_PA0090100_NIBRS,
6688796,15979,11,2014,U,,,N,F,,C,2014_11_PA0090100_NIBRS,
6711246,15979,12,2014,U,,,N,F,,C,2014_12_PA0090100_NIBRS,
6464297,15980,1,2014,U,,,N,F,,C,2014_01_PA0090200_NIBRS,
6486747,15980,2,2014,U,,,N,F,,C,2014_02_PA0090200_NIBRS,
6509197,15980,3,2014,U,,,N,F,,C,2014_03_PA0090200_NIBRS,
6531647,15980,4,2014,U,,,N,F,,C,2014_04_PA0090200_NIBRS,
6554097,15980,5,2014,U,,,N,F,,C,2014_05_PA0090200_NIBRS,
6576547,15980,6,2014,U,,,N,F,,C,2014_06_PA0090200_NIBRS,
6598997,15980,7,2014,U,,,N,F,,C,2014_07_PA0090200_NIBRS,
6621447,15980,8,2014,U,,,N,F,,C,2014_08_PA0090200_NIBRS,
6643897,15980,9,2014,U,,,N,F,,C,2014_09_PA0090200_NIBRS,
6666347,15980,10,2014,U,,,N,F,,C,2014_10_PA0090200_NIBRS,
6688797,15980,11,2014,U,,,N,F,,C,2014_11_PA0090200_NIBRS,
6711247,15980,12,2014,U,,,N,F,,C,2014_12_PA0090200_NIBRS,
6464298,15981,1,2014,U,,,N,F,,C,2014_01_PA0090300_NIBRS,
6486748,15981,2,2014,U,,,N,F,,C,2014_02_PA0090300_NIBRS,
6509198,15981,3,2014,U,,,N,F,,C,2014_03_PA0090300_NIBRS,
6531648,15981,4,2014,U,,,N,F,,C,2014_04_PA0090300_NIBRS,
6554098,15981,5,2014,U,,,N,F,,C,2014_05_PA0090300_NIBRS,
6576548,15981,6,2014,U,,,N,F,,C,2014_06_PA0090300_NIBRS,
6598998,15981,7,2014,U,,,N,F,,C,2014_07_PA0090300_NIBRS,
6621448,15981,8,2014,U,,,N,F,,C,2014_08_PA0090300_NIBRS,
6643898,15981,9,2014,U,,,N,F,,C,2014_09_PA0090300_NIBRS,
6666348,15981,10,2014,U,,,N,F,,C,2014_10_PA0090300_NIBRS,
6688798,15981,11,2014,U,,,N,F,,C,2014_11_PA0090300_NIBRS,
6711248,15981,12,2014,U,,,N,F,,C,2014_12_PA0090300_NIBRS,
6464299,15982,1,2014,U,,,N,F,,C,2014_01_PA0090400_NIBRS,
6486749,15982,2,2014,U,,,N,F,,C,2014_02_PA0090400_NIBRS,
6509199,15982,3,2014,U,,,N,F,,C,2014_03_PA0090400_NIBRS,
6531649,15982,4,2014,U,,,N,F,,C,2014_04_PA0090400_NIBRS,
6554099,15982,5,2014,U,,,N,F,,C,2014_05_PA0090400_NIBRS,
6576549,15982,6,2014,U,,,N,F,,C,2014_06_PA0090400_NIBRS,
6598999,15982,7,2014,U,,,N,F,,C,2014_07_PA0090400_NIBRS,
6621449,15982,8,2014,U,,,N,F,,C,2014_08_PA0090400_NIBRS,
6643899,15982,9,2014,U,,,N,F,,C,2014_09_PA0090400_NIBRS,
6666349,15982,10,2014,U,,,N,F,,C,2014_10_PA0090400_NIBRS,
6688799,15982,11,2014,U,,,N,F,,C,2014_11_PA0090400_NIBRS,
6711249,15982,12,2014,U,,,N,F,,C,2014_12_PA0090400_NIBRS,
6464300,15983,1,2014,U,,,N,F,,C,2014_01_PA0090500_NIBRS,
6486750,15983,2,2014,U,,,N,F,,C,2014_02_PA0090500_NIBRS,
6509200,15983,3,2014,U,,,N,F,,C,2014_03_PA0090500_NIBRS,
6531650,15983,4,2014,U,,,N,F,,C,2014_04_PA0090500_NIBRS,
6554100,15983,5,2014,U,,,N,F,,C,2014_05_PA0090500_NIBRS,
6576550,15983,6,2014,U,,,N,F,,C,2014_06_PA0090500_NIBRS,
6599000,15983,7,2014,U,,,N,F,,C,2014_07_PA0090500_NIBRS,
6621450,15983,8,2014,U,,,N,F,,C,2014_08_PA0090500_NIBRS,
6643900,15983,9,2014,U,,,N,F,,C,2014_09_PA0090500_NIBRS,
6666350,15983,10,2014,U,,,N,F,,C,2014_10_PA0090500_NIBRS,
6688800,15983,11,2014,U,,,N,F,,C,2014_11_PA0090500_NIBRS,
6711250,15983,12,2014,U,,,N,F,,C,2014_12_PA0090500_NIBRS,
6464121,15804,1,2014,U,,,N,F,,C,2014_01_PA002SP00_NIBRS,
6486571,15804,2,2014,U,,,N,F,,C,2014_02_PA002SP00_NIBRS,
6509021,15804,3,2014,U,,,N,F,,C,2014_03_PA002SP00_NIBRS,
6531471,15804,4,2014,U,,,N,F,,C,2014_04_PA002SP00_NIBRS,
6553921,15804,5,2014,U,,,N,F,,C,2014_05_PA002SP00_NIBRS,
6576371,15804,6,2014,U,,,N,F,,C,2014_06_PA002SP00_NIBRS,
6598821,15804,7,2014,U,,,N,F,,C,2014_07_PA002SP00_NIBRS,
6621271,15804,8,2014,U,,,N,F,,C,2014_08_PA002SP00_NIBRS,
6643721,15804,9,2014,U,,,N,F,,C,2014_09_PA002SP00_NIBRS,
6666171,15804,10,2014,U,,,N,F,,C,2014_10_PA002SP00_NIBRS,
6688621,15804,11,2014,U,,,N,F,,C,2014_11_PA002SP00_NIBRS,
6711071,15804,12,2014,U,,,N,F,,C,2014_12_PA002SP00_NIBRS,
6464122,15805,1,2014,U,,,N,F,,C,2014_01_PA0030000_NIBRS,
6486572,15805,2,2014,U,,,N,F,,C,2014_02_PA0030000_NIBRS,
6509022,15805,3,2014,U,,,N,F,,C,2014_03_PA0030000_NIBRS,
6531472,15805,4,2014,U,,,N,F,,C,2014_04_PA0030000_NIBRS,
6553922,15805,5,2014,U,,,N,F,,C,2014_05_PA0030000_NIBRS,
6576372,15805,6,2014,U,,,N,F,,C,2014_06_PA0030000_NIBRS,
6598822,15805,7,2014,U,,,N,F,,C,2014_07_PA0030000_NIBRS,
6621272,15805,8,2014,U,,,N,F,,C,2014_08_PA0030000_NIBRS,
6643722,15805,9,2014,U,,,N,F,,C,2014_09_PA0030000_NIBRS,
6666172,15805,10,2014,U,,,N,F,,C,2014_10_PA0030000_NIBRS,
6688622,15805,11,2014,U,,,N,F,,C,2014_11_PA0030000_NIBRS,
6711072,15805,12,2014,U,,,N,F,,C,2014_12_PA0030000_NIBRS,
6464123,15806,1,2014,U,,,N,F,,C,2014_01_PA0030100_NIBRS,
6486573,15806,2,2014,U,,,N,F,,C,2014_02_PA0030100_NIBRS,
6509023,15806,3,2014,U,,,N,F,,C,2014_03_PA0030100_NIBRS,
6531473,15806,4,2014,U,,,N,F,,C,2014_04_PA0030100_NIBRS,
6553923,15806,5,2014,U,,,N,F,,C,2014_05_PA0030100_NIBRS,
6576373,15806,6,2014,U,,,N,F,,C,2014_06_PA0030100_NIBRS,
6598823,15806,7,2014,U,,,N,F,,C,2014_07_PA0030100_NIBRS,
6621273,15806,8,2014,U,,,N,F,,C,2014_08_PA0030100_NIBRS,
6643723,15806,9,2014,U,,,N,F,,C,2014_09_PA0030100_NIBRS,
6666173,15806,10,2014,U,,,N,F,,C,2014_10_PA0030100_NIBRS,
6688623,15806,11,2014,U,,,N,F,,C,2014_11_PA0030100_NIBRS,
6711073,15806,12,2014,U,,,N,F,,C,2014_12_PA0030100_NIBRS,
6464124,15807,1,2014,U,,,N,F,,C,2014_01_PA0030200_NIBRS,
6486574,15807,2,2014,U,,,N,F,,C,2014_02_PA0030200_NIBRS,
6509024,15807,3,2014,U,,,N,F,,C,2014_03_PA0030200_NIBRS,
6531474,15807,4,2014,U,,,N,F,,C,2014_04_PA0030200_NIBRS,
6553924,15807,5,2014,U,,,N,F,,C,2014_05_PA0030200_NIBRS,
6576374,15807,6,2014,U,,,N,F,,C,2014_06_PA0030200_NIBRS,
6598824,15807,7,2014,U,,,N,F,,C,2014_07_PA0030200_NIBRS,
6621274,15807,8,2014,U,,,N,F,,C,2014_08_PA0030200_NIBRS,
6643724,15807,9,2014,U,,,N,F,,C,2014_09_PA0030200_NIBRS,
6666174,15807,10,2014,U,,,N,F,,C,2014_10_PA0030200_NIBRS,
6688624,15807,11,2014,U,,,N,F,,C,2014_11_PA0030200_NIBRS,
6711074,15807,12,2014,U,,,N,F,,C,2014_12_PA0030200_NIBRS,
6464125,15808,1,2014,U,,,N,F,,C,2014_01_PA0030300_NIBRS,
6486575,15808,2,2014,U,,,N,F,,C,2014_02_PA0030300_NIBRS,
6509025,15808,3,2014,U,,,N,F,,C,2014_03_PA0030300_NIBRS,
6531475,15808,4,2014,U,,,N,F,,C,2014_04_PA0030300_NIBRS,
6553925,15808,5,2014,U,,,N,F,,C,2014_05_PA0030300_NIBRS,
6576375,15808,6,2014,U,,,N,F,,C,2014_06_PA0030300_NIBRS,
6598825,15808,7,2014,U,,,N,F,,C,2014_07_PA0030300_NIBRS,
6621275,15808,8,2014,U,,,N,F,,C,2014_08_PA0030300_NIBRS,
6643725,15808,9,2014,U,,,N,F,,C,2014_09_PA0030300_NIBRS,
6666175,15808,10,2014,U,,,N,F,,C,2014_10_PA0030300_NIBRS,
6688625,15808,11,2014,U,,,N,F,,C,2014_11_PA0030300_NIBRS,
6711075,15808,12,2014,U,,,N,F,,C,2014_12_PA0030300_NIBRS,
6464126,15809,1,2014,U,,,N,F,,C,2014_01_PA0030400_NIBRS,
6486576,15809,2,2014,U,,,N,F,,C,2014_02_PA0030400_NIBRS,
6509026,15809,3,2014,U,,,N,F,,C,2014_03_PA0030400_NIBRS,
6531476,15809,4,2014,U,,,N,F,,C,2014_04_PA0030400_NIBRS,
6553926,15809,5,2014,U,,,N,F,,C,2014_05_PA0030400_NIBRS,
6576376,15809,6,2014,U,,,N,F,,C,2014_06_PA0030400_NIBRS,
6598826,15809,7,2014,U,,,N,F,,C,2014_07_PA0030400_NIBRS,
6621276,15809,8,2014,U,,,N,F,,C,2014_08_PA0030400_NIBRS,
6643726,15809,9,2014,U,,,N,F,,C,2014_09_PA0030400_NIBRS,
6666176,15809,10,2014,U,,,N,F,,C,2014_10_PA0030400_NIBRS,
6688626,15809,11,2014,U,,,N,F,,C,2014_11_PA0030400_NIBRS,
6711076,15809,12,2014,U,,,N,F,,C,2014_12_PA0030400_NIBRS,
6464127,15810,1,2014,U,,,N,F,,C,2014_01_PA0030500_NIBRS,
6486577,15810,2,2014,U,,,N,F,,C,2014_02_PA0030500_NIBRS,
6509027,15810,3,2014,U,,,N,F,,C,2014_03_PA0030500_NIBRS,
6531477,15810,4,2014,U,,,N,F,,C,2014_04_PA0030500_NIBRS,
6553927,15810,5,2014,U,,,N,F,,C,2014_05_PA0030500_NIBRS,
6576377,15810,6,2014,U,,,N,F,,C,2014_06_PA0030500_NIBRS,
6598827,15810,7,2014,U,,,N,F,,C,2014_07_PA0030500_NIBRS,
6621277,15810,8,2014,U,,,N,F,,C,2014_08_PA0030500_NIBRS,
6643727,15810,9,2014,U,,,N,F,,C,2014_09_PA0030500_NIBRS,
6666177,15810,10,2014,U,,,N,F,,C,2014_10_PA0030500_NIBRS,
6688627,15810,11,2014,U,,,N,F,,C,2014_11_PA0030500_NIBRS,
6711077,15810,12,2014,U,,,N,F,,C,2014_12_PA0030500_NIBRS,
6464128,15811,1,2014,U,,,N,F,,C,2014_01_PA0030800_NIBRS,
6486578,15811,2,2014,U,,,N,F,,C,2014_02_PA0030800_NIBRS,
6509028,15811,3,2014,U,,,N,F,,C,2014_03_PA0030800_NIBRS,
6531478,15811,4,2014,U,,,N,F,,C,2014_04_PA0030800_NIBRS,
6553928,15811,5,2014,U,,,N,F,,C,2014_05_PA0030800_NIBRS,
6576378,15811,6,2014,U,,,N,F,,C,2014_06_PA0030800_NIBRS,
6598828,15811,7,2014,U,,,N,F,,C,2014_07_PA0030800_NIBRS,
6621278,15811,8,2014,U,,,N,F,,C,2014_08_PA0030800_NIBRS,
6643728,15811,9,2014,U,,,N,F,,C,2014_09_PA0030800_NIBRS,
6666178,15811,10,2014,U,,,N,F,,C,2014_10_PA0030800_NIBRS,
6688628,15811,11,2014,U,,,N,F,,C,2014_11_PA0030800_NIBRS,
6711078,15811,12,2014,U,,,N,F,,C,2014_12_PA0030800_NIBRS,
6464129,15812,1,2014,U,,,N,F,,C,2014_01_PA0030900_NIBRS,
6486579,15812,2,2014,U,,,N,F,,C,2014_02_PA0030900_NIBRS,
6509029,15812,3,2014,U,,,N,F,,C,2014_03_PA0030900_NIBRS,
6531479,15812,4,2014,U,,,N,F,,C,2014_04_PA0030900_NIBRS,
6553929,15812,5,2014,U,,,N,F,,C,2014_05_PA0030900_NIBRS,
6576379,15812,6,2014,U,,,N,F,,C,2014_06_PA0030900_NIBRS,
6598829,15812,7,2014,U,,,N,F,,C,2014_07_PA0030900_NIBRS,
6621279,15812,8,2014,U,,,N,F,,C,2014_08_PA0030900_NIBRS,
6643729,15812,9,2014,U,,,N,F,,C,2014_09_PA0030900_NIBRS,
6666179,15812,10,2014,U,,,N,F,,C,2014_10_PA0030900_NIBRS,
6688629,15812,11,2014,U,,,N,F,,C,2014_11_PA0030900_NIBRS,
6711079,15812,12,2014,U,,,N,F,,C,2014_12_PA0030900_NIBRS,
6464130,15813,1,2014,U,,,N,F,,C,2014_01_PA0031000_NIBRS,
6486580,15813,2,2014,U,,,N,F,,C,2014_02_PA0031000_NIBRS,
6509030,15813,3,2014,U,,,N,F,,C,2014_03_PA0031000_NIBRS,
6531480,15813,4,2014,U,,,N,F,,C,2014_04_PA0031000_NIBRS,
6553930,15813,5,2014,U,,,N,F,,C,2014_05_PA0031000_NIBRS,
6576380,15813,6,2014,U,,,N,F,,C,2014_06_PA0031000_NIBRS,
6598830,15813,7,2014,U,,,N,F,,C,2014_07_PA0031000_NIBRS,
6621280,15813,8,2014,U,,,N,F,,C,2014_08_PA0031000_NIBRS,
6643730,15813,9,2014,U,,,N,F,,C,2014_09_PA0031000_NIBRS,
6666180,15813,10,2014,U,,,N,F,,C,2014_10_PA0031000_NIBRS,
6688630,15813,11,2014,U,,,N,F,,C,2014_11_PA0031000_NIBRS,
6711080,15813,12,2014,U,,,N,F,,C,2014_12_PA0031000_NIBRS,
6464131,15814,1,2014,U,,,N,F,,C,2014_01_PA0031100_NIBRS,
6486581,15814,2,2014,U,,,N,F,,C,2014_02_PA0031100_NIBRS,
6509031,15814,3,2014,U,,,N,F,,C,2014_03_PA0031100_NIBRS,
6531481,15814,4,2014,U,,,N,F,,C,2014_04_PA0031100_NIBRS,
6553931,15814,5,2014,U,,,N,F,,C,2014_05_PA0031100_NIBRS,
6576381,15814,6,2014,U,,,N,F,,C,2014_06_PA0031100_NIBRS,
6598831,15814,7,2014,U,,,N,F,,C,2014_07_PA0031100_NIBRS,
6621281,15814,8,2014,U,,,N,F,,C,2014_08_PA0031100_NIBRS,
6643731,15814,9,2014,U,,,N,F,,C,2014_09_PA0031100_NIBRS,
6666181,15814,10,2014,U,,,N,F,,C,2014_10_PA0031100_NIBRS,
6688631,15814,11,2014,U,,,N,F,,C,2014_11_PA0031100_NIBRS,
6711081,15814,12,2014,U,,,N,F,,C,2014_12_PA0031100_NIBRS,
6464132,15815,1,2014,U,,,N,F,,C,2014_01_PA0031200_NIBRS,
6486582,15815,2,2014,U,,,N,F,,C,2014_02_PA0031200_NIBRS,
6509032,15815,3,2014,U,,,N,F,,C,2014_03_PA0031200_NIBRS,
6531482,15815,4,2014,U,,,N,F,,C,2014_04_PA0031200_NIBRS,
6553932,15815,5,2014,U,,,N,F,,C,2014_05_PA0031200_NIBRS,
6576382,15815,6,2014,U,,,N,F,,C,2014_06_PA0031200_NIBRS,
6598832,15815,7,2014,U,,,N,F,,C,2014_07_PA0031200_NIBRS,
6621282,15815,8,2014,U,,,N,F,,C,2014_08_PA0031200_NIBRS,
6643732,15815,9,2014,U,,,N,F,,C,2014_09_PA0031200_NIBRS,
6666182,15815,10,2014,U,,,N,F,,C,2014_10_PA0031200_NIBRS,
6688632,15815,11,2014,U,,,N,F,,C,2014_11_PA0031200_NIBRS,
6711082,15815,12,2014,U,,,N,F,,C,2014_12_PA0031200_NIBRS,
6464133,15816,1,2014,U,,,N,F,,C,2014_01_PA0031300_NIBRS,
6486583,15816,2,2014,U,,,N,F,,C,2014_02_PA0031300_NIBRS,
6509033,15816,3,2014,U,,,N,F,,C,2014_03_PA0031300_NIBRS,
6531483,15816,4,2014,U,,,N,F,,C,2014_04_PA0031300_NIBRS,
6553933,15816,5,2014,U,,,N,F,,C,2014_05_PA0031300_NIBRS,
6576383,15816,6,2014,U,,,N,F,,C,2014_06_PA0031300_NIBRS,
6598833,15816,7,2014,U,,,N,F,,C,2014_07_PA0031300_NIBRS,
6621283,15816,8,2014,U,,,N,F,,C,2014_08_PA0031300_NIBRS,
6643733,15816,9,2014,U,,,N,F,,C,2014_09_PA0031300_NIBRS,
6666183,15816,10,2014,U,,,N,F,,C,2014_10_PA0031300_NIBRS,
6688633,15816,11,2014,U,,,N,F,,C,2014_11_PA0031300_NIBRS,
6711083,15816,12,2014,U,,,N,F,,C,2014_12_PA0031300_NIBRS,
6464134,15817,1,2014,U,,,N,F,,C,2014_01_PA0031400_NIBRS,
6486584,15817,2,2014,U,,,N,F,,C,2014_02_PA0031400_NIBRS,
6509034,15817,3,2014,U,,,N,F,,C,2014_03_PA0031400_NIBRS,
6531484,15817,4,2014,U,,,N,F,,C,2014_04_PA0031400_NIBRS,
6553934,15817,5,2014,U,,,N,F,,C,2014_05_PA0031400_NIBRS,
6576384,15817,6,2014,U,,,N,F,,C,2014_06_PA0031400_NIBRS,
6598834,15817,7,2014,U,,,N,F,,C,2014_07_PA0031400_NIBRS,
6621284,15817,8,2014,U,,,N,F,,C,2014_08_PA0031400_NIBRS,
6643734,15817,9,2014,U,,,N,F,,C,2014_09_PA0031400_NIBRS,
6666184,15817,10,2014,U,,,N,F,,C,2014_10_PA0031400_NIBRS,
6688634,15817,11,2014,U,,,N,F,,C,2014_11_PA0031400_NIBRS,
6711084,15817,12,2014,U,,,N,F,,C,2014_12_PA0031400_NIBRS,
6464135,15818,1,2014,U,,,N,F,,C,2014_01_PA0031500_NIBRS,
6486585,15818,2,2014,U,,,N,F,,C,2014_02_PA0031500_NIBRS,
6509035,15818,3,2014,U,,,N,F,,C,2014_03_PA0031500_NIBRS,
6531485,15818,4,2014,U,,,N,F,,C,2014_04_PA0031500_NIBRS,
6553935,15818,5,2014,U,,,N,F,,C,2014_05_PA0031500_NIBRS,
6576385,15818,6,2014,U,,,N,F,,C,2014_06_PA0031500_NIBRS,
6598835,15818,7,2014,U,,,N,F,,C,2014_07_PA0031500_NIBRS,
6621285,15818,8,2014,U,,,N,F,,C,2014_08_PA0031500_NIBRS,
6643735,15818,9,2014,U,,,N,F,,C,2014_09_PA0031500_NIBRS,
6666185,15818,10,2014,U,,,N,F,,C,2014_10_PA0031500_NIBRS,
6688635,15818,11,2014,U,,,N,F,,C,2014_11_PA0031500_NIBRS,
6711085,15818,12,2014,U,,,N,F,,C,2014_12_PA0031500_NIBRS,
6464136,15819,1,2014,U,,,N,F,,C,2014_01_PA0031800_NIBRS,
6486586,15819,2,2014,U,,,N,F,,C,2014_02_PA0031800_NIBRS,
6509036,15819,3,2014,U,,,N,F,,C,2014_03_PA0031800_NIBRS,
6531486,15819,4,2014,U,,,N,F,,C,2014_04_PA0031800_NIBRS,
6553936,15819,5,2014,U,,,N,F,,C,2014_05_PA0031800_NIBRS,
6576386,15819,6,2014,U,,,N,F,,C,2014_06_PA0031800_NIBRS,
6598836,15819,7,2014,U,,,N,F,,C,2014_07_PA0031800_NIBRS,
6621286,15819,8,2014,U,,,N,F,,C,2014_08_PA0031800_NIBRS,
6643736,15819,9,2014,U,,,N,F,,C,2014_09_PA0031800_NIBRS,
6666186,15819,10,2014,U,,,N,F,,C,2014_10_PA0031800_NIBRS,
6688636,15819,11,2014,U,,,N,F,,C,2014_11_PA0031800_NIBRS,
6711086,15819,12,2014,U,,,N,F,,C,2014_12_PA0031800_NIBRS,
6464137,15820,1,2014,U,,,N,F,,C,2014_01_PA0032000_NIBRS,
6486587,15820,2,2014,U,,,N,F,,C,2014_02_PA0032000_NIBRS,
6509037,15820,3,2014,U,,,N,F,,C,2014_03_PA0032000_NIBRS,
6531487,15820,4,2014,U,,,N,F,,C,2014_04_PA0032000_NIBRS,
6553937,15820,5,2014,U,,,N,F,,C,2014_05_PA0032000_NIBRS,
6576387,15820,6,2014,U,,,N,F,,C,2014_06_PA0032000_NIBRS,
6598837,15820,7,2014,U,,,N,F,,C,2014_07_PA0032000_NIBRS,
6621287,15820,8,2014,U,,,N,F,,C,2014_08_PA0032000_NIBRS,
6643737,15820,9,2014,U,,,N,F,,C,2014_09_PA0032000_NIBRS,
6666187,15820,10,2014,U,,,N,F,,C,2014_10_PA0032000_NIBRS,
6688637,15820,11,2014,U,,,N,F,,C,2014_11_PA0032000_NIBRS,
6711087,15820,12,2014,U,,,N,F,,C,2014_12_PA0032000_NIBRS,
6464138,15821,1,2014,U,,,N,F,,C,2014_01_PA0032100_NIBRS,
6486588,15821,2,2014,U,,,N,F,,C,2014_02_PA0032100_NIBRS,
6509038,15821,3,2014,U,,,N,F,,C,2014_03_PA0032100_NIBRS,
6531488,15821,4,2014,U,,,N,F,,C,2014_04_PA0032100_NIBRS,
6553938,15821,5,2014,U,,,N,F,,C,2014_05_PA0032100_NIBRS,
6576388,15821,6,2014,U,,,N,F,,C,2014_06_PA0032100_NIBRS,
6598838,15821,7,2014,U,,,N,F,,C,2014_07_PA0032100_NIBRS,
6621288,15821,8,2014,U,,,N,F,,C,2014_08_PA0032100_NIBRS,
6643738,15821,9,2014,U,,,N,F,,C,2014_09_PA0032100_NIBRS,
6666188,15821,10,2014,U,,,N,F,,C,2014_10_PA0032100_NIBRS,
6688638,15821,11,2014,U,,,N,F,,C,2014_11_PA0032100_NIBRS,
6711088,15821,12,2014,U,,,N,F,,C,2014_12_PA0032100_NIBRS,
6464139,15822,1,2014,U,,,N,F,,C,2014_01_PA0032200_NIBRS,
6486589,15822,2,2014,U,,,N,F,,C,2014_02_PA0032200_NIBRS,
6509039,15822,3,2014,U,,,N,F,,C,2014_03_PA0032200_NIBRS,
6531489,15822,4,2014,U,,,N,F,,C,2014_04_PA0032200_NIBRS,
6553939,15822,5,2014,U,,,N,F,,C,2014_05_PA0032200_NIBRS,
6576389,15822,6,2014,U,,,N,F,,C,2014_06_PA0032200_NIBRS,
6598839,15822,7,2014,U,,,N,F,,C,2014_07_PA0032200_NIBRS,
6621289,15822,8,2014,U,,,N,F,,C,2014_08_PA0032200_NIBRS,
6643739,15822,9,2014,U,,,N,F,,C,2014_09_PA0032200_NIBRS,
6666189,15822,10,2014,U,,,N,F,,C,2014_10_PA0032200_NIBRS,
6688639,15822,11,2014,U,,,N,F,,C,2014_11_PA0032200_NIBRS,
6711089,15822,12,2014,U,,,N,F,,C,2014_12_PA0032200_NIBRS,
6464140,15823,1,2014,U,,,N,F,,C,2014_01_PA0032300_NIBRS,
6486590,15823,2,2014,U,,,N,F,,C,2014_02_PA0032300_NIBRS,
6509040,15823,3,2014,U,,,N,F,,C,2014_03_PA0032300_NIBRS,
6531490,15823,4,2014,U,,,N,F,,C,2014_04_PA0032300_NIBRS,
6553940,15823,5,2014,U,,,N,F,,C,2014_05_PA0032300_NIBRS,
6576390,15823,6,2014,U,,,N,F,,C,2014_06_PA0032300_NIBRS,
6598840,15823,7,2014,U,,,N,F,,C,2014_07_PA0032300_NIBRS,
6621290,15823,8,2014,U,,,N,F,,C,2014_08_PA0032300_NIBRS,
6643740,15823,9,2014,U,,,N,F,,C,2014_09_PA0032300_NIBRS,
6666190,15823,10,2014,U,,,N,F,,C,2014_10_PA0032300_NIBRS,
6688640,15823,11,2014,U,,,N,F,,C,2014_11_PA0032300_NIBRS,
6711090,15823,12,2014,U,,,N,F,,C,2014_12_PA0032300_NIBRS,
6464141,15824,1,2014,U,,,N,F,,C,2014_01_PA0032500_NIBRS,
6486591,15824,2,2014,U,,,N,F,,C,2014_02_PA0032500_NIBRS,
6509041,15824,3,2014,U,,,N,F,,C,2014_03_PA0032500_NIBRS,
6531491,15824,4,2014,U,,,N,F,,C,2014_04_PA0032500_NIBRS,
6553941,15824,5,2014,U,,,N,F,,C,2014_05_PA0032500_NIBRS,
6576391,15824,6,2014,U,,,N,F,,C,2014_06_PA0032500_NIBRS,
6598841,15824,7,2014,U,,,N,F,,C,2014_07_PA0032500_NIBRS,
6621291,15824,8,2014,U,,,N,F,,C,2014_08_PA0032500_NIBRS,
6643741,15824,9,2014,U,,,N,F,,C,2014_09_PA0032500_NIBRS,
6666191,15824,10,2014,U,,,N,F,,C,2014_10_PA0032500_NIBRS,
6688641,15824,11,2014,U,,,N,F,,C,2014_11_PA0032500_NIBRS,
6711091,15824,12,2014,U,,,N,F,,C,2014_12_PA0032500_NIBRS,
6470523,23500,1,2014,U,,,N,F,,C,2014_01_PA0032800_NIBRS,
6492973,23500,2,2014,U,,,N,F,,C,2014_02_PA0032800_NIBRS,
6515423,23500,3,2014,U,,,N,F,,C,2014_03_PA0032800_NIBRS,
6537873,23500,4,2014,U,,,N,F,,C,2014_04_PA0032800_NIBRS,
6560323,23500,5,2014,U,,,N,F,,C,2014_05_PA0032800_NIBRS,
6582773,23500,6,2014,U,,,N,F,,C,2014_06_PA0032800_NIBRS,
6605223,23500,7,2014,U,,,N,F,,C,2014_07_PA0032800_NIBRS,
6627673,23500,8,2014,U,,,N,F,,C,2014_08_PA0032800_NIBRS,
6650123,23500,9,2014,U,,,N,F,,C,2014_09_PA0032800_NIBRS,
6672573,23500,10,2014,U,,,N,F,,C,2014_10_PA0032800_NIBRS,
6695023,23500,11,2014,U,,,N,F,,C,2014_11_PA0032800_NIBRS,
6717473,23500,12,2014,U,,,N,F,,C,2014_12_PA0032800_NIBRS,
6464142,15825,1,2014,U,,,N,F,,C,2014_01_PA003BF00_NIBRS,
6486592,15825,2,2014,U,,,N,F,,C,2014_02_PA003BF00_NIBRS,
6509042,15825,3,2014,U,,,N,F,,C,2014_03_PA003BF00_NIBRS,
6531492,15825,4,2014,U,,,N,F,,C,2014_04_PA003BF00_NIBRS,
6553942,15825,5,2014,U,,,N,F,,C,2014_05_PA003BF00_NIBRS,
6576392,15825,6,2014,U,,,N,F,,C,2014_06_PA003BF00_NIBRS,
6598842,15825,7,2014,U,,,N,F,,C,2014_07_PA003BF00_NIBRS,
6621292,15825,8,2014,U,,,N,F,,C,2014_08_PA003BF00_NIBRS,
6643742,15825,9,2014,U,,,N,F,,C,2014_09_PA003BF00_NIBRS,
6666192,15825,10,2014,U,,,N,F,,C,2014_10_PA003BF00_NIBRS,
6688642,15825,11,2014,U,,,N,F,,C,2014_11_PA003BF00_NIBRS,
6711092,15825,12,2014,U,,,N,F,,C,2014_12_PA003BF00_NIBRS,
6464143,15826,1,2014,U,,,N,F,,C,2014_01_PA003DE00_NIBRS,
6486593,15826,2,2014,U,,,N,F,,C,2014_02_PA003DE00_NIBRS,
6509043,15826,3,2014,U,,,N,F,,C,2014_03_PA003DE00_NIBRS,
6531493,15826,4,2014,U,,,N,F,,C,2014_04_PA003DE00_NIBRS,
6553943,15826,5,2014,U,,,N,F,,C,2014_05_PA003DE00_NIBRS,
6576393,15826,6,2014,U,,,N,F,,C,2014_06_PA003DE00_NIBRS,
6598843,15826,7,2014,U,,,N,F,,C,2014_07_PA003DE00_NIBRS,
6621293,15826,8,2014,U,,,N,F,,C,2014_08_PA003DE00_NIBRS,
6643743,15826,9,2014,U,,,N,F,,C,2014_09_PA003DE00_NIBRS,
6666193,15826,10,2014,U,,,N,F,,C,2014_10_PA003DE00_NIBRS,
6688643,15826,11,2014,U,,,N,F,,C,2014_11_PA003DE00_NIBRS,
6711093,15826,12,2014,U,,,N,F,,C,2014_12_PA003DE00_NIBRS,
6464144,15827,1,2014,U,,,N,F,,C,2014_01_PA003SP00_NIBRS,
6486594,15827,2,2014,U,,,N,F,,C,2014_02_PA003SP00_NIBRS,
6509044,15827,3,2014,U,,,N,F,,C,2014_03_PA003SP00_NIBRS,
6531494,15827,4,2014,U,,,N,F,,C,2014_04_PA003SP00_NIBRS,
6553944,15827,5,2014,U,,,N,F,,C,2014_05_PA003SP00_NIBRS,
6576394,15827,6,2014,U,,,N,F,,C,2014_06_PA003SP00_NIBRS,
6598844,15827,7,2014,U,,,N,F,,C,2014_07_PA003SP00_NIBRS,
6621294,15827,8,2014,U,,,N,F,,C,2014_08_PA003SP00_NIBRS,
6643744,15827,9,2014,U,,,N,F,,C,2014_09_PA003SP00_NIBRS,
6666194,15827,10,2014,U,,,N,F,,C,2014_10_PA003SP00_NIBRS,
6688644,15827,11,2014,U,,,N,F,,C,2014_11_PA003SP00_NIBRS,
6711094,15827,12,2014,U,,,N,F,,C,2014_12_PA003SP00_NIBRS,
6464145,15828,1,2014,U,,,N,F,,C,2014_01_PA0040000_NIBRS,
6486595,15828,2,2014,U,,,N,F,,C,2014_02_PA0040000_NIBRS,
6509045,15828,3,2014,U,,,N,F,,C,2014_03_PA0040000_NIBRS,
6531495,15828,4,2014,U,,,N,F,,C,2014_04_PA0040000_NIBRS,
6553945,15828,5,2014,U,,,N,F,,C,2014_05_PA0040000_NIBRS,
6576395,15828,6,2014,U,,,N,F,,C,2014_06_PA0040000_NIBRS,
6598845,15828,7,2014,U,,,N,F,,C,2014_07_PA0040000_NIBRS,
6621295,15828,8,2014,U,,,N,F,,C,2014_08_PA0040000_NIBRS,
6643745,15828,9,2014,U,,,N,F,,C,2014_09_PA0040000_NIBRS,
6666195,15828,10,2014,U,,,N,F,,C,2014_10_PA0040000_NIBRS,
6688645,15828,11,2014,U,,,N,F,,C,2014_11_PA0040000_NIBRS,
6711095,15828,12,2014,U,,,N,F,,C,2014_12_PA0040000_NIBRS,
6464146,15829,1,2014,U,,,N,F,,C,2014_01_PA0040100_NIBRS,
6486596,15829,2,2014,U,,,N,F,,C,2014_02_PA0040100_NIBRS,
6509046,15829,3,2014,U,,,N,F,,C,2014_03_PA0040100_NIBRS,
6531496,15829,4,2014,U,,,N,F,,C,2014_04_PA0040100_NIBRS,
6553946,15829,5,2014,U,,,N,F,,C,2014_05_PA0040100_NIBRS,
6576396,15829,6,2014,U,,,N,F,,C,2014_06_PA0040100_NIBRS,
6598846,15829,7,2014,U,,,N,F,,C,2014_07_PA0040100_NIBRS,
6621296,15829,8,2014,U,,,N,F,,C,2014_08_PA0040100_NIBRS,
6643746,15829,9,2014,U,,,N,F,,C,2014_09_PA0040100_NIBRS,
6666196,15829,10,2014,U,,,N,F,,C,2014_10_PA0040100_NIBRS,
6688646,15829,11,2014,U,,,N,F,,C,2014_11_PA0040100_NIBRS,
6711096,15829,12,2014,U,,,N,F,,C,2014_12_PA0040100_NIBRS,
6464147,15830,1,2014,U,,,N,F,,C,2014_01_PA0040200_NIBRS,
6486597,15830,2,2014,U,,,N,F,,C,2014_02_PA0040200_NIBRS,
6509047,15830,3,2014,U,,,N,F,,C,2014_03_PA0040200_NIBRS,
6531497,15830,4,2014,U,,,N,F,,C,2014_04_PA0040200_NIBRS,
6553947,15830,5,2014,U,,,N,F,,C,2014_05_PA0040200_NIBRS,
6576397,15830,6,2014,U,,,N,F,,C,2014_06_PA0040200_NIBRS,
6598847,15830,7,2014,U,,,N,F,,C,2014_07_PA0040200_NIBRS,
6621297,15830,8,2014,U,,,N,F,,C,2014_08_PA0040200_NIBRS,
6643747,15830,9,2014,U,,,N,F,,C,2014_09_PA0040200_NIBRS,
6666197,15830,10,2014,U,,,N,F,,C,2014_10_PA0040200_NIBRS,
6688647,15830,11,2014,U,,,N,F,,C,2014_11_PA0040200_NIBRS,
6711097,15830,12,2014,U,,,N,F,,C,2014_12_PA0040200_NIBRS,
6464148,15831,1,2014,U,,,N,F,,C,2014_01_PA0040300_NIBRS,
6486598,15831,2,2014,U,,,N,F,,C,2014_02_PA0040300_NIBRS,
6509048,15831,3,2014,U,,,N,F,,C,2014_03_PA0040300_NIBRS,
6531498,15831,4,2014,U,,,N,F,,C,2014_04_PA0040300_NIBRS,
6553948,15831,5,2014,U,,,N,F,,C,2014_05_PA0040300_NIBRS,
6576398,15831,6,2014,U,,,N,F,,C,2014_06_PA0040300_NIBRS,
6598848,15831,7,2014,U,,,N,F,,C,2014_07_PA0040300_NIBRS,
6621298,15831,8,2014,U,,,N,F,,C,2014_08_PA0040300_NIBRS,
6643748,15831,9,2014,U,,,N,F,,C,2014_09_PA0040300_NIBRS,
6666198,15831,10,2014,U,,,N,F,,C,2014_10_PA0040300_NIBRS,
6688648,15831,11,2014,U,,,N,F,,C,2014_11_PA0040300_NIBRS,
6711098,15831,12,2014,U,,,N,F,,C,2014_12_PA0040300_NIBRS,
6464149,15832,1,2014,U,,,N,F,,C,2014_01_PA0040400_NIBRS,
6486599,15832,2,2014,U,,,N,F,,C,2014_02_PA0040400_NIBRS,
6509049,15832,3,2014,U,,,N,F,,C,2014_03_PA0040400_NIBRS,
6531499,15832,4,2014,U,,,N,F,,C,2014_04_PA0040400_NIBRS,
6553949,15832,5,2014,U,,,N,F,,C,2014_05_PA0040400_NIBRS,
6576399,15832,6,2014,U,,,N,F,,C,2014_06_PA0040400_NIBRS,
6598849,15832,7,2014,U,,,N,F,,C,2014_07_PA0040400_NIBRS,
6621299,15832,8,2014,U,,,N,F,,C,2014_08_PA0040400_NIBRS,
6643749,15832,9,2014,U,,,N,F,,C,2014_09_PA0040400_NIBRS,
6666199,15832,10,2014,U,,,N,F,,C,2014_10_PA0040400_NIBRS,
6688649,15832,11,2014,U,,,N,F,,C,2014_11_PA0040400_NIBRS,
6711099,15832,12,2014,U,,,N,F,,C,2014_12_PA0040400_NIBRS,
6464150,15833,1,2014,U,,,N,F,,C,2014_01_PA0040500_NIBRS,
6486600,15833,2,2014,U,,,N,F,,C,2014_02_PA0040500_NIBRS,
6509050,15833,3,2014,U,,,N,F,,C,2014_03_PA0040500_NIBRS,
6531500,15833,4,2014,U,,,N,F,,C,2014_04_PA0040500_NIBRS,
6553950,15833,5,2014,U,,,N,F,,C,2014_05_PA0040500_NIBRS,
6576400,15833,6,2014,U,,,N,F,,C,2014_06_PA0040500_NIBRS,
6598850,15833,7,2014,U,,,N,F,,C,2014_07_PA0040500_NIBRS,
6621300,15833,8,2014,U,,,N,F,,C,2014_08_PA0040500_NIBRS,
6643750,15833,9,2014,U,,,N,F,,C,2014_09_PA0040500_NIBRS,
6666200,15833,10,2014,U,,,N,F,,C,2014_10_PA0040500_NIBRS,
6688650,15833,11,2014,U,,,N,F,,C,2014_11_PA0040500_NIBRS,
6711100,15833,12,2014,U,,,N,F,,C,2014_12_PA0040500_NIBRS,
6464151,15834,1,2014,U,,,N,F,,C,2014_01_PA0040600_NIBRS,
6486601,15834,2,2014,U,,,N,F,,C,2014_02_PA0040600_NIBRS,
6509051,15834,3,2014,U,,,N,F,,C,2014_03_PA0040600_NIBRS,
6531501,15834,4,2014,U,,,N,F,,C,2014_04_PA0040600_NIBRS,
6553951,15834,5,2014,U,,,N,F,,C,2014_05_PA0040600_NIBRS,
6576401,15834,6,2014,U,,,N,F,,C,2014_06_PA0040600_NIBRS,
6598851,15834,7,2014,U,,,N,F,,C,2014_07_PA0040600_NIBRS,
6621301,15834,8,2014,U,,,N,F,,C,2014_08_PA0040600_NIBRS,
6643751,15834,9,2014,U,,,N,F,,C,2014_09_PA0040600_NIBRS,
6666201,15834,10,2014,U,,,N,F,,C,2014_10_PA0040600_NIBRS,
6688651,15834,11,2014,U,,,N,F,,C,2014_11_PA0040600_NIBRS,
6711101,15834,12,2014,U,,,N,F,,C,2014_12_PA0040600_NIBRS,
6464152,15835,1,2014,U,,,N,F,,C,2014_01_PA0040700_NIBRS,
6486602,15835,2,2014,U,,,N,F,,C,2014_02_PA0040700_NIBRS,
6509052,15835,3,2014,U,,,N,F,,C,2014_03_PA0040700_NIBRS,
6531502,15835,4,2014,U,,,N,F,,C,2014_04_PA0040700_NIBRS,
6553952,15835,5,2014,U,,,N,F,,C,2014_05_PA0040700_NIBRS,
6576402,15835,6,2014,U,,,N,F,,C,2014_06_PA0040700_NIBRS,
6598852,15835,7,2014,U,,,N,F,,C,2014_07_PA0040700_NIBRS,
6621302,15835,8,2014,U,,,N,F,,C,2014_08_PA0040700_NIBRS,
6643752,15835,9,2014,U,,,N,F,,C,2014_09_PA0040700_NIBRS,
6666202,15835,10,2014,U,,,N,F,,C,2014_10_PA0040700_NIBRS,
6688652,15835,11,2014,U,,,N,F,,C,2014_11_PA0040700_NIBRS,
6711102,15835,12,2014,U,,,N,F,,C,2014_12_PA0040700_NIBRS,
6464153,15836,1,2014,U,,,N,F,,C,2014_01_PA0040800_NIBRS,
6486603,15836,2,2014,U,,,N,F,,C,2014_02_PA0040800_NIBRS,
6509053,15836,3,2014,U,,,N,F,,C,2014_03_PA0040800_NIBRS,
6531503,15836,4,2014,U,,,N,F,,C,2014_04_PA0040800_NIBRS,
6553953,15836,5,2014,U,,,N,F,,C,2014_05_PA0040800_NIBRS,
6576403,15836,6,2014,U,,,N,F,,C,2014_06_PA0040800_NIBRS,
6598853,15836,7,2014,U,,,N,F,,C,2014_07_PA0040800_NIBRS,
6621303,15836,8,2014,U,,,N,F,,C,2014_08_PA0040800_NIBRS,
6643753,15836,9,2014,U,,,N,F,,C,2014_09_PA0040800_NIBRS,
6666203,15836,10,2014,U,,,N,F,,C,2014_10_PA0040800_NIBRS,
6688653,15836,11,2014,U,,,N,F,,C,2014_11_PA0040800_NIBRS,
6711103,15836,12,2014,U,,,N,F,,C,2014_12_PA0040800_NIBRS,
6464154,15837,1,2014,U,,,N,F,,C,2014_01_PA0040900_NIBRS,
6486604,15837,2,2014,U,,,N,F,,C,2014_02_PA0040900_NIBRS,
6509054,15837,3,2014,U,,,N,F,,C,2014_03_PA0040900_NIBRS,
6531504,15837,4,2014,U,,,N,F,,C,2014_04_PA0040900_NIBRS,
6553954,15837,5,2014,U,,,N,F,,C,2014_05_PA0040900_NIBRS,
6576404,15837,6,2014,U,,,N,F,,C,2014_06_PA0040900_NIBRS,
6598854,15837,7,2014,U,,,N,F,,C,2014_07_PA0040900_NIBRS,
6621304,15837,8,2014,U,,,N,F,,C,2014_08_PA0040900_NIBRS,
6643754,15837,9,2014,U,,,N,F,,C,2014_09_PA0040900_NIBRS,
6666204,15837,10,2014,U,,,N,F,,C,2014_10_PA0040900_NIBRS,
6688654,15837,11,2014,U,,,N,F,,C,2014_11_PA0040900_NIBRS,
6711104,15837,12,2014,U,,,N,F,,C,2014_12_PA0040900_NIBRS,
6464155,15838,1,2014,I,,,N,F,,C,2014_01_PA0041100_NIBRS,
6486605,15838,2,2014,I,,,N,F,,C,2014_02_PA0041100_NIBRS,
6509055,15838,3,2014,I,,,N,F,,C,2014_03_PA0041100_NIBRS,
6531505,15838,4,2014,I,,,N,F,,C,2014_04_PA0041100_NIBRS,
6553955,15838,5,2014,I,,,N,F,,C,2014_05_PA0041100_NIBRS,
6576405,15838,6,2014,I,,,N,F,,C,2014_06_PA0041100_NIBRS,
6598855,15838,7,2014,I,,,N,F,,C,2014_07_PA0041100_NIBRS,
6621305,15838,8,2014,I,,,N,F,,C,2014_08_PA0041100_NIBRS,
6643755,15838,9,2014,I,,,N,F,,C,2014_09_PA0041100_NIBRS,
6666205,15838,10,2014,I,,,N,F,,C,2014_10_PA0041100_NIBRS,
6688655,15838,11,2014,I,,,N,F,,C,2014_11_PA0041100_NIBRS,
6711105,15838,12,2014,I,,,N,F,,C,2014_12_PA0041100_NIBRS,
6464156,15839,1,2014,U,,,N,F,,C,2014_01_PA0041200_NIBRS,
6486606,15839,2,2014,U,,,N,F,,C,2014_02_PA0041200_NIBRS,
6509056,15839,3,2014,U,,,N,F,,C,2014_03_PA0041200_NIBRS,
6531506,15839,4,2014,U,,,N,F,,C,2014_04_PA0041200_NIBRS,
6553956,15839,5,2014,U,,,N,F,,C,2014_05_PA0041200_NIBRS,
6576406,15839,6,2014,U,,,N,F,,C,2014_06_PA0041200_NIBRS,
6598856,15839,7,2014,U,,,N,F,,C,2014_07_PA0041200_NIBRS,
6621306,15839,8,2014,U,,,N,F,,C,2014_08_PA0041200_NIBRS,
6643756,15839,9,2014,U,,,N,F,,C,2014_09_PA0041200_NIBRS,
6666206,15839,10,2014,U,,,N,F,,C,2014_10_PA0041200_NIBRS,
6688656,15839,11,2014,U,,,N,F,,C,2014_11_PA0041200_NIBRS,
6711106,15839,12,2014,U,,,N,F,,C,2014_12_PA0041200_NIBRS,
6464157,15840,1,2014,U,,,N,F,,C,2014_01_PA0041300_NIBRS,
6486607,15840,2,2014,U,,,N,F,,C,2014_02_PA0041300_NIBRS,
6509057,15840,3,2014,U,,,N,F,,C,2014_03_PA0041300_NIBRS,
6531507,15840,4,2014,U,,,N,F,,C,2014_04_PA0041300_NIBRS,
6553957,15840,5,2014,U,,,N,F,,C,2014_05_PA0041300_NIBRS,
6576407,15840,6,2014,U,,,N,F,,C,2014_06_PA0041300_NIBRS,
6598857,15840,7,2014,U,,,N,F,,C,2014_07_PA0041300_NIBRS,
6621307,15840,8,2014,U,,,N,F,,C,2014_08_PA0041300_NIBRS,
6643757,15840,9,2014,U,,,N,F,,C,2014_09_PA0041300_NIBRS,
6666207,15840,10,2014,U,,,N,F,,C,2014_10_PA0041300_NIBRS,
6688657,15840,11,2014,U,,,N,F,,C,2014_11_PA0041300_NIBRS,
6711107,15840,12,2014,U,,,N,F,,C,2014_12_PA0041300_NIBRS,
6464158,15841,1,2014,U,,,N,F,,C,2014_01_PA0041400_NIBRS,
6486608,15841,2,2014,U,,,N,F,,C,2014_02_PA0041400_NIBRS,
6509058,15841,3,2014,U,,,N,F,,C,2014_03_PA0041400_NIBRS,
6531508,15841,4,2014,U,,,N,F,,C,2014_04_PA0041400_NIBRS,
6553958,15841,5,2014,U,,,N,F,,C,2014_05_PA0041400_NIBRS,
6576408,15841,6,2014,U,,,N,F,,C,2014_06_PA0041400_NIBRS,
6598858,15841,7,2014,U,,,N,F,,C,2014_07_PA0041400_NIBRS,
6621308,15841,8,2014,U,,,N,F,,C,2014_08_PA0041400_NIBRS,
6643758,15841,9,2014,U,,,N,F,,C,2014_09_PA0041400_NIBRS,
6666208,15841,10,2014,U,,,N,F,,C,2014_10_PA0041400_NIBRS,
6688658,15841,11,2014,U,,,N,F,,C,2014_11_PA0041400_NIBRS,
6711108,15841,12,2014,U,,,N,F,,C,2014_12_PA0041400_NIBRS,
6464159,15842,1,2014,U,,,N,F,,C,2014_01_PA0041500_NIBRS,
6486609,15842,2,2014,U,,,N,F,,C,2014_02_PA0041500_NIBRS,
6509059,15842,3,2014,U,,,N,F,,C,2014_03_PA0041500_NIBRS,
6531509,15842,4,2014,U,,,N,F,,C,2014_04_PA0041500_NIBRS,
6553959,15842,5,2014,U,,,N,F,,C,2014_05_PA0041500_NIBRS,
6576409,15842,6,2014,U,,,N,F,,C,2014_06_PA0041500_NIBRS,
6598859,15842,7,2014,U,,,N,F,,C,2014_07_PA0041500_NIBRS,
6621309,15842,8,2014,U,,,N,F,,C,2014_08_PA0041500_NIBRS,
6643759,15842,9,2014,U,,,N,F,,C,2014_09_PA0041500_NIBRS,
6666209,15842,10,2014,U,,,N,F,,C,2014_10_PA0041500_NIBRS,
6688659,15842,11,2014,U,,,N,F,,C,2014_11_PA0041500_NIBRS,
6711109,15842,12,2014,U,,,N,F,,C,2014_12_PA0041500_NIBRS,
6464381,16064,1,2014,U,,,N,F,,C,2014_01_PA0110900_NIBRS,
6486831,16064,2,2014,U,,,N,F,,C,2014_02_PA0110900_NIBRS,
6509281,16064,3,2014,U,,,N,F,,C,2014_03_PA0110900_NIBRS,
6531731,16064,4,2014,U,,,N,F,,C,2014_04_PA0110900_NIBRS,
6554181,16064,5,2014,U,,,N,F,,C,2014_05_PA0110900_NIBRS,
6576631,16064,6,2014,U,,,N,F,,C,2014_06_PA0110900_NIBRS,
6599081,16064,7,2014,U,,,N,F,,C,2014_07_PA0110900_NIBRS,
6621531,16064,8,2014,U,,,N,F,,C,2014_08_PA0110900_NIBRS,
6643981,16064,9,2014,U,,,N,F,,C,2014_09_PA0110900_NIBRS,
6666431,16064,10,2014,U,,,N,F,,C,2014_10_PA0110900_NIBRS,
6688881,16064,11,2014,U,,,N,F,,C,2014_11_PA0110900_NIBRS,
6711331,16064,12,2014,U,,,N,F,,C,2014_12_PA0110900_NIBRS,
6464382,16065,1,2014,U,,,N,F,,C,2014_01_PA0111000_NIBRS,
6486832,16065,2,2014,U,,,N,F,,C,2014_02_PA0111000_NIBRS,
6509282,16065,3,2014,U,,,N,F,,C,2014_03_PA0111000_NIBRS,
6531732,16065,4,2014,U,,,N,F,,C,2014_04_PA0111000_NIBRS,
6554182,16065,5,2014,U,,,N,F,,C,2014_05_PA0111000_NIBRS,
6576632,16065,6,2014,U,,,N,F,,C,2014_06_PA0111000_NIBRS,
6599082,16065,7,2014,U,,,N,F,,C,2014_07_PA0111000_NIBRS,
6621532,16065,8,2014,U,,,N,F,,C,2014_08_PA0111000_NIBRS,
6643982,16065,9,2014,U,,,N,F,,C,2014_09_PA0111000_NIBRS,
6666432,16065,10,2014,U,,,N,F,,C,2014_10_PA0111000_NIBRS,
6688882,16065,11,2014,U,,,N,F,,C,2014_11_PA0111000_NIBRS,
6711332,16065,12,2014,U,,,N,F,,C,2014_12_PA0111000_NIBRS,
6464383,16066,1,2014,U,,,N,F,,C,2014_01_PA0111100_NIBRS,
6486833,16066,2,2014,U,,,N,F,,C,2014_02_PA0111100_NIBRS,
6509283,16066,3,2014,U,,,N,F,,C,2014_03_PA0111100_NIBRS,
6531733,16066,4,2014,U,,,N,F,,C,2014_04_PA0111100_NIBRS,
6554183,16066,5,2014,U,,,N,F,,C,2014_05_PA0111100_NIBRS,
6576633,16066,6,2014,U,,,N,F,,C,2014_06_PA0111100_NIBRS,
6599083,16066,7,2014,U,,,N,F,,C,2014_07_PA0111100_NIBRS,
6621533,16066,8,2014,U,,,N,F,,C,2014_08_PA0111100_NIBRS,
6643983,16066,9,2014,U,,,N,F,,C,2014_09_PA0111100_NIBRS,
6666433,16066,10,2014,U,,,N,F,,C,2014_10_PA0111100_NIBRS,
6688883,16066,11,2014,U,,,N,F,,C,2014_11_PA0111100_NIBRS,
6711333,16066,12,2014,U,,,N,F,,C,2014_12_PA0111100_NIBRS,
6464943,16626,1,2014,U,,,N,F,,C,2014_01_PA0370300_NIBRS,
6487393,16626,2,2014,U,,,N,F,,C,2014_02_PA0370300_NIBRS,
6509843,16626,3,2014,U,,,N,F,,C,2014_03_PA0370300_NIBRS,
6532293,16626,4,2014,U,,,N,F,,C,2014_04_PA0370300_NIBRS,
6554743,16626,5,2014,U,,,N,F,,C,2014_05_PA0370300_NIBRS,
6577193,16626,6,2014,U,,,N,F,,C,2014_06_PA0370300_NIBRS,
6599643,16626,7,2014,U,,,N,F,,C,2014_07_PA0370300_NIBRS,
6622093,16626,8,2014,U,,,N,F,,C,2014_08_PA0370300_NIBRS,
6644543,16626,9,2014,U,,,N,F,,C,2014_09_PA0370300_NIBRS,
6666993,16626,10,2014,U,,,N,F,,C,2014_10_PA0370300_NIBRS,
6689443,16626,11,2014,U,,,N,F,,C,2014_11_PA0370300_NIBRS,
6711893,16626,12,2014,U,,,N,F,,C,2014_12_PA0370300_NIBRS,
6464944,16627,1,2014,U,,,N,F,,C,2014_01_PA0370400_NIBRS,
6487394,16627,2,2014,U,,,N,F,,C,2014_02_PA0370400_NIBRS,
6509844,16627,3,2014,U,,,N,F,,C,2014_03_PA0370400_NIBRS,
6532294,16627,4,2014,U,,,N,F,,C,2014_04_PA0370400_NIBRS,
6554744,16627,5,2014,U,,,N,F,,C,2014_05_PA0370400_NIBRS,
6577194,16627,6,2014,U,,,N,F,,C,2014_06_PA0370400_NIBRS,
6599644,16627,7,2014,U,,,N,F,,C,2014_07_PA0370400_NIBRS,
6622094,16627,8,2014,U,,,N,F,,C,2014_08_PA0370400_NIBRS,
6644544,16627,9,2014,U,,,N,F,,C,2014_09_PA0370400_NIBRS,
6666994,16627,10,2014,U,,,N,F,,C,2014_10_PA0370400_NIBRS,
6689444,16627,11,2014,U,,,N,F,,C,2014_11_PA0370400_NIBRS,
6711894,16627,12,2014,U,,,N,F,,C,2014_12_PA0370400_NIBRS,
6464945,16628,1,2014,U,,,N,F,,C,2014_01_PA0370500_NIBRS,
6487395,16628,2,2014,U,,,N,F,,C,2014_02_PA0370500_NIBRS,
6509845,16628,3,2014,U,,,N,F,,C,2014_03_PA0370500_NIBRS,
6532295,16628,4,2014,U,,,N,F,,C,2014_04_PA0370500_NIBRS,
6554745,16628,5,2014,U,,,N,F,,C,2014_05_PA0370500_NIBRS,
6577195,16628,6,2014,U,,,N,F,,C,2014_06_PA0370500_NIBRS,
6599645,16628,7,2014,U,,,N,F,,C,2014_07_PA0370500_NIBRS,
6622095,16628,8,2014,U,,,N,F,,C,2014_08_PA0370500_NIBRS,
6644545,16628,9,2014,U,,,N,F,,C,2014_09_PA0370500_NIBRS,
6666995,16628,10,2014,U,,,N,F,,C,2014_10_PA0370500_NIBRS,
6689445,16628,11,2014,U,,,N,F,,C,2014_11_PA0370500_NIBRS,
6711895,16628,12,2014,U,,,N,F,,C,2014_12_PA0370500_NIBRS,
6464946,16629,1,2014,U,,,N,F,,C,2014_01_PA0370600_NIBRS,
6487396,16629,2,2014,U,,,N,F,,C,2014_02_PA0370600_NIBRS,
6509846,16629,3,2014,U,,,N,F,,C,2014_03_PA0370600_NIBRS,
6532296,16629,4,2014,U,,,N,F,,C,2014_04_PA0370600_NIBRS,
6554746,16629,5,2014,U,,,N,F,,C,2014_05_PA0370600_NIBRS,
6577196,16629,6,2014,U,,,N,F,,C,2014_06_PA0370600_NIBRS,
6599646,16629,7,2014,U,,,N,F,,C,2014_07_PA0370600_NIBRS,
6622096,16629,8,2014,U,,,N,F,,C,2014_08_PA0370600_NIBRS,
6644546,16629,9,2014,U,,,N,F,,C,2014_09_PA0370600_NIBRS,
6666996,16629,10,2014,U,,,N,F,,C,2014_10_PA0370600_NIBRS,
6689446,16629,11,2014,U,,,N,F,,C,2014_11_PA0370600_NIBRS,
6711896,16629,12,2014,U,,,N,F,,C,2014_12_PA0370600_NIBRS,
6464947,16630,1,2014,U,,,N,F,,C,2014_01_PA0370700_NIBRS,
6487397,16630,2,2014,U,,,N,F,,C,2014_02_PA0370700_NIBRS,
6509847,16630,3,2014,U,,,N,F,,C,2014_03_PA0370700_NIBRS,
6532297,16630,4,2014,U,,,N,F,,C,2014_04_PA0370700_NIBRS,
6554747,16630,5,2014,U,,,N,F,,C,2014_05_PA0370700_NIBRS,
6577197,16630,6,2014,U,,,N,F,,C,2014_06_PA0370700_NIBRS,
6599647,16630,7,2014,U,,,N,F,,C,2014_07_PA0370700_NIBRS,
6622097,16630,8,2014,U,,,N,F,,C,2014_08_PA0370700_NIBRS,
6644547,16630,9,2014,U,,,N,F,,C,2014_09_PA0370700_NIBRS,
6666997,16630,10,2014,U,,,N,F,,C,2014_10_PA0370700_NIBRS,
6689447,16630,11,2014,U,,,N,F,,C,2014_11_PA0370700_NIBRS,
6711897,16630,12,2014,U,,,N,F,,C,2014_12_PA0370700_NIBRS,
6464948,16631,1,2014,U,,,N,F,,C,2014_01_PA0370800_NIBRS,
6487398,16631,2,2014,U,,,N,F,,C,2014_02_PA0370800_NIBRS,
6509848,16631,3,2014,U,,,N,F,,C,2014_03_PA0370800_NIBRS,
6532298,16631,4,2014,U,,,N,F,,C,2014_04_PA0370800_NIBRS,
6554748,16631,5,2014,U,,,N,F,,C,2014_05_PA0370800_NIBRS,
6577198,16631,6,2014,U,,,N,F,,C,2014_06_PA0370800_NIBRS,
6599648,16631,7,2014,U,,,N,F,,C,2014_07_PA0370800_NIBRS,
6622098,16631,8,2014,U,,,N,F,,C,2014_08_PA0370800_NIBRS,
6644548,16631,9,2014,U,,,N,F,,C,2014_09_PA0370800_NIBRS,
6666998,16631,10,2014,U,,,N,F,,C,2014_10_PA0370800_NIBRS,
6689448,16631,11,2014,U,,,N,F,,C,2014_11_PA0370800_NIBRS,
6711898,16631,12,2014,U,,,N,F,,C,2014_12_PA0370800_NIBRS,
6464534,16217,1,2014,U,,,N,F,,C,2014_01_PA0170200_NIBRS,
6486984,16217,2,2014,U,,,N,F,,C,2014_02_PA0170200_NIBRS,
6509434,16217,3,2014,U,,,N,F,,C,2014_03_PA0170200_NIBRS,
6531884,16217,4,2014,U,,,N,F,,C,2014_04_PA0170200_NIBRS,
6554334,16217,5,2014,U,,,N,F,,C,2014_05_PA0170200_NIBRS,
6576784,16217,6,2014,U,,,N,F,,C,2014_06_PA0170200_NIBRS,
6599234,16217,7,2014,U,,,N,F,,C,2014_07_PA0170200_NIBRS,
6621684,16217,8,2014,U,,,N,F,,C,2014_08_PA0170200_NIBRS,
6644134,16217,9,2014,U,,,N,F,,C,2014_09_PA0170200_NIBRS,
6666584,16217,10,2014,U,,,N,F,,C,2014_10_PA0170200_NIBRS,
6689034,16217,11,2014,U,,,N,F,,C,2014_11_PA0170200_NIBRS,
6711484,16217,12,2014,U,,,N,F,,C,2014_12_PA0170200_NIBRS,
6464535,16218,1,2014,U,,,N,F,,C,2014_01_PA0170300_NIBRS,
6486985,16218,2,2014,U,,,N,F,,C,2014_02_PA0170300_NIBRS,
6509435,16218,3,2014,U,,,N,F,,C,2014_03_PA0170300_NIBRS,
6531885,16218,4,2014,U,,,N,F,,C,2014_04_PA0170300_NIBRS,
6554335,16218,5,2014,U,,,N,F,,C,2014_05_PA0170300_NIBRS,
6576785,16218,6,2014,U,,,N,F,,C,2014_06_PA0170300_NIBRS,
6599235,16218,7,2014,U,,,N,F,,C,2014_07_PA0170300_NIBRS,
6621685,16218,8,2014,U,,,N,F,,C,2014_08_PA0170300_NIBRS,
6644135,16218,9,2014,U,,,N,F,,C,2014_09_PA0170300_NIBRS,
6666585,16218,10,2014,U,,,N,F,,C,2014_10_PA0170300_NIBRS,
6689035,16218,11,2014,U,,,N,F,,C,2014_11_PA0170300_NIBRS,
6711485,16218,12,2014,U,,,N,F,,C,2014_12_PA0170300_NIBRS,
6464536,16219,1,2014,U,,,N,F,,C,2014_01_PA0170500_NIBRS,
6486986,16219,2,2014,U,,,N,F,,C,2014_02_PA0170500_NIBRS,
6509436,16219,3,2014,U,,,N,F,,C,2014_03_PA0170500_NIBRS,
6531886,16219,4,2014,U,,,N,F,,C,2014_04_PA0170500_NIBRS,
6554336,16219,5,2014,U,,,N,F,,C,2014_05_PA0170500_NIBRS,
6576786,16219,6,2014,U,,,N,F,,C,2014_06_PA0170500_NIBRS,
6599236,16219,7,2014,U,,,N,F,,C,2014_07_PA0170500_NIBRS,
6621686,16219,8,2014,U,,,N,F,,C,2014_08_PA0170500_NIBRS,
6644136,16219,9,2014,U,,,N,F,,C,2014_09_PA0170500_NIBRS,
6666586,16219,10,2014,U,,,N,F,,C,2014_10_PA0170500_NIBRS,
6689036,16219,11,2014,U,,,N,F,,C,2014_11_PA0170500_NIBRS,
6711486,16219,12,2014,U,,,N,F,,C,2014_12_PA0170500_NIBRS,
6464537,16220,1,2014,U,,,N,F,,C,2014_01_PA0170600_NIBRS,
6486987,16220,2,2014,U,,,N,F,,C,2014_02_PA0170600_NIBRS,
6509437,16220,3,2014,U,,,N,F,,C,2014_03_PA0170600_NIBRS,
6531887,16220,4,2014,U,,,N,F,,C,2014_04_PA0170600_NIBRS,
6554337,16220,5,2014,U,,,N,F,,C,2014_05_PA0170600_NIBRS,
6576787,16220,6,2014,U,,,N,F,,C,2014_06_PA0170600_NIBRS,
6599237,16220,7,2014,U,,,N,F,,C,2014_07_PA0170600_NIBRS,
6621687,16220,8,2014,U,,,N,F,,C,2014_08_PA0170600_NIBRS,
6644137,16220,9,2014,U,,,N,F,,C,2014_09_PA0170600_NIBRS,
6666587,16220,10,2014,U,,,N,F,,C,2014_10_PA0170600_NIBRS,
6689037,16220,11,2014,U,,,N,F,,C,2014_11_PA0170600_NIBRS,
6711487,16220,12,2014,U,,,N,F,,C,2014_12_PA0170600_NIBRS,
6464538,16221,1,2014,U,,,N,F,,C,2014_01_PA0170700_NIBRS,
6486988,16221,2,2014,U,,,N,F,,C,2014_02_PA0170700_NIBRS,
6509438,16221,3,2014,U,,,N,F,,C,2014_03_PA0170700_NIBRS,
6531888,16221,4,2014,U,,,N,F,,C,2014_04_PA0170700_NIBRS,
6554338,16221,5,2014,U,,,N,F,,C,2014_05_PA0170700_NIBRS,
6576788,16221,6,2014,U,,,N,F,,C,2014_06_PA0170700_NIBRS,
6599238,16221,7,2014,U,,,N,F,,C,2014_07_PA0170700_NIBRS,
6621688,16221,8,2014,U,,,N,F,,C,2014_08_PA0170700_NIBRS,
6644138,16221,9,2014,U,,,N,F,,C,2014_09_PA0170700_NIBRS,
6666588,16221,10,2014,U,,,N,F,,C,2014_10_PA0170700_NIBRS,
6689038,16221,11,2014,U,,,N,F,,C,2014_11_PA0170700_NIBRS,
6711488,16221,12,2014,U,,,N,F,,C,2014_12_PA0170700_NIBRS,
6464539,16222,1,2014,U,,,N,F,,C,2014_01_PA0170800_NIBRS,
6486989,16222,2,2014,U,,,N,F,,C,2014_02_PA0170800_NIBRS,
6509439,16222,3,2014,U,,,N,F,,C,2014_03_PA0170800_NIBRS,
6531889,16222,4,2014,U,,,N,F,,C,2014_04_PA0170800_NIBRS,
6554339,16222,5,2014,U,,,N,F,,C,2014_05_PA0170800_NIBRS,
6576789,16222,6,2014,U,,,N,F,,C,2014_06_PA0170800_NIBRS,
6599239,16222,7,2014,U,,,N,F,,C,2014_07_PA0170800_NIBRS,
6621689,16222,8,2014,U,,,N,F,,C,2014_08_PA0170800_NIBRS,
6644139,16222,9,2014,U,,,N,F,,C,2014_09_PA0170800_NIBRS,
6666589,16222,10,2014,U,,,N,F,,C,2014_10_PA0170800_NIBRS,
6689039,16222,11,2014,U,,,N,F,,C,2014_11_PA0170800_NIBRS,
6711489,16222,12,2014,U,,,N,F,,C,2014_12_PA0170800_NIBRS,
6464540,16223,1,2014,U,,,N,F,,C,2014_01_PA0171100_NIBRS,
6486990,16223,2,2014,U,,,N,F,,C,2014_02_PA0171100_NIBRS,
6509440,16223,3,2014,U,,,N,F,,C,2014_03_PA0171100_NIBRS,
6531890,16223,4,2014,U,,,N,F,,C,2014_04_PA0171100_NIBRS,
6554340,16223,5,2014,U,,,N,F,,C,2014_05_PA0171100_NIBRS,
6576790,16223,6,2014,U,,,N,F,,C,2014_06_PA0171100_NIBRS,
6599240,16223,7,2014,U,,,N,F,,C,2014_07_PA0171100_NIBRS,
6621690,16223,8,2014,U,,,N,F,,C,2014_08_PA0171100_NIBRS,
6644140,16223,9,2014,U,,,N,F,,C,2014_09_PA0171100_NIBRS,
6666590,16223,10,2014,U,,,N,F,,C,2014_10_PA0171100_NIBRS,
6689040,16223,11,2014,U,,,N,F,,C,2014_11_PA0171100_NIBRS,
6711490,16223,12,2014,U,,,N,F,,C,2014_12_PA0171100_NIBRS,
6464541,16224,1,2014,U,,,N,F,,C,2014_01_PA0171300_NIBRS,
6486991,16224,2,2014,U,,,N,F,,C,2014_02_PA0171300_NIBRS,
6509441,16224,3,2014,U,,,N,F,,C,2014_03_PA0171300_NIBRS,
6531891,16224,4,2014,U,,,N,F,,C,2014_04_PA0171300_NIBRS,
6554341,16224,5,2014,U,,,N,F,,C,2014_05_PA0171300_NIBRS,
6576791,16224,6,2014,U,,,N,F,,C,2014_06_PA0171300_NIBRS,
6599241,16224,7,2014,U,,,N,F,,C,2014_07_PA0171300_NIBRS,
6621691,16224,8,2014,U,,,N,F,,C,2014_08_PA0171300_NIBRS,
6644141,16224,9,2014,U,,,N,F,,C,2014_09_PA0171300_NIBRS,
6666591,16224,10,2014,U,,,N,F,,C,2014_10_PA0171300_NIBRS,
6689041,16224,11,2014,U,,,N,F,,C,2014_11_PA0171300_NIBRS,
6711491,16224,12,2014,U,,,N,F,,C,2014_12_PA0171300_NIBRS,
6464619,16302,1,2014,I,,,N,F,,C,2014_01_PA0210400_NIBRS,
6487069,16302,2,2014,I,,,N,F,,C,2014_02_PA0210400_NIBRS,
6509519,16302,3,2014,I,,,N,F,,C,2014_03_PA0210400_NIBRS,
6531969,16302,4,2014,I,,,N,F,,C,2014_04_PA0210400_NIBRS,
6554419,16302,5,2014,I,,,N,F,,C,2014_05_PA0210400_NIBRS,
6576869,16302,6,2014,I,,,N,F,,C,2014_06_PA0210400_NIBRS,
6599319,16302,7,2014,I,,,N,F,,C,2014_07_PA0210400_NIBRS,
6621769,16302,8,2014,I,,,N,F,,C,2014_08_PA0210400_NIBRS,
6644219,16302,9,2014,I,,,N,F,,C,2014_09_PA0210400_NIBRS,
6666669,16302,10,2014,I,,,N,F,,C,2014_10_PA0210400_NIBRS,
6689119,16302,11,2014,I,,,N,F,,C,2014_11_PA0210400_NIBRS,
6711569,16302,12,2014,I,,,N,F,,C,2014_12_PA0210400_NIBRS,
6464620,16303,1,2014,U,,,N,F,,C,2014_01_PA0210500_NIBRS,
6487070,16303,2,2014,U,,,N,F,,C,2014_02_PA0210500_NIBRS,
6509520,16303,3,2014,U,,,N,F,,C,2014_03_PA0210500_NIBRS,
6531970,16303,4,2014,U,,,N,F,,C,2014_04_PA0210500_NIBRS,
6554420,16303,5,2014,U,,,N,F,,C,2014_05_PA0210500_NIBRS,
6576870,16303,6,2014,U,,,N,F,,C,2014_06_PA0210500_NIBRS,
6599320,16303,7,2014,U,,,N,F,,C,2014_07_PA0210500_NIBRS,
6621770,16303,8,2014,U,,,N,F,,C,2014_08_PA0210500_NIBRS,
6644220,16303,9,2014,U,,,N,F,,C,2014_09_PA0210500_NIBRS,
6666670,16303,10,2014,U,,,N,F,,C,2014_10_PA0210500_NIBRS,
6689120,16303,11,2014,U,,,N,F,,C,2014_11_PA0210500_NIBRS,
6711570,16303,12,2014,U,,,N,F,,C,2014_12_PA0210500_NIBRS,
6464621,16304,1,2014,U,,,N,F,,C,2014_01_PA0210600_NIBRS,
6487071,16304,2,2014,U,,,N,F,,C,2014_02_PA0210600_NIBRS,
6509521,16304,3,2014,U,,,N,F,,C,2014_03_PA0210600_NIBRS,
6531971,16304,4,2014,U,,,N,F,,C,2014_04_PA0210600_NIBRS,
6554421,16304,5,2014,U,,,N,F,,C,2014_05_PA0210600_NIBRS,
6576871,16304,6,2014,U,,,N,F,,C,2014_06_PA0210600_NIBRS,
6599321,16304,7,2014,U,,,N,F,,C,2014_07_PA0210600_NIBRS,
6621771,16304,8,2014,U,,,N,F,,C,2014_08_PA0210600_NIBRS,
6644221,16304,9,2014,U,,,N,F,,C,2014_09_PA0210600_NIBRS,
6666671,16304,10,2014,U,,,N,F,,C,2014_10_PA0210600_NIBRS,
6689121,16304,11,2014,U,,,N,F,,C,2014_11_PA0210600_NIBRS,
6711571,16304,12,2014,U,,,N,F,,C,2014_12_PA0210600_NIBRS,
6464622,16305,1,2014,U,,,N,F,,C,2014_01_PA0210700_NIBRS,
6487072,16305,2,2014,U,,,N,F,,C,2014_02_PA0210700_NIBRS,
6509522,16305,3,2014,U,,,N,F,,C,2014_03_PA0210700_NIBRS,
6531972,16305,4,2014,U,,,N,F,,C,2014_04_PA0210700_NIBRS,
6554422,16305,5,2014,U,,,N,F,,C,2014_05_PA0210700_NIBRS,
6576872,16305,6,2014,U,,,N,F,,C,2014_06_PA0210700_NIBRS,
6599322,16305,7,2014,U,,,N,F,,C,2014_07_PA0210700_NIBRS,
6621772,16305,8,2014,U,,,N,F,,C,2014_08_PA0210700_NIBRS,
6644222,16305,9,2014,U,,,N,F,,C,2014_09_PA0210700_NIBRS,
6666672,16305,10,2014,U,,,N,F,,C,2014_10_PA0210700_NIBRS,
6689122,16305,11,2014,U,,,N,F,,C,2014_11_PA0210700_NIBRS,
6711572,16305,12,2014,U,,,N,F,,C,2014_12_PA0210700_NIBRS,
6464623,16306,1,2014,U,,,N,F,,C,2014_01_PA0210800_NIBRS,
6487073,16306,2,2014,U,,,N,F,,C,2014_02_PA0210800_NIBRS,
6509523,16306,3,2014,U,,,N,F,,C,2014_03_PA0210800_NIBRS,
6531973,16306,4,2014,U,,,N,F,,C,2014_04_PA0210800_NIBRS,
6554423,16306,5,2014,U,,,N,F,,C,2014_05_PA0210800_NIBRS,
6576873,16306,6,2014,U,,,N,F,,C,2014_06_PA0210800_NIBRS,
6599323,16306,7,2014,U,,,N,F,,C,2014_07_PA0210800_NIBRS,
6621773,16306,8,2014,U,,,N,F,,C,2014_08_PA0210800_NIBRS,
6644223,16306,9,2014,U,,,N,F,,C,2014_09_PA0210800_NIBRS,
6666673,16306,10,2014,U,,,N,F,,C,2014_10_PA0210800_NIBRS,
6689123,16306,11,2014,U,,,N,F,,C,2014_11_PA0210800_NIBRS,
6711573,16306,12,2014,U,,,N,F,,C,2014_12_PA0210800_NIBRS,
6464624,16307,1,2014,I,,,N,F,,C,2014_01_PA0210900_NIBRS,
6487074,16307,2,2014,I,,,N,F,,C,2014_02_PA0210900_NIBRS,
6509524,16307,3,2014,I,,,N,F,,C,2014_03_PA0210900_NIBRS,
6531974,16307,4,2014,I,,,N,F,,C,2014_04_PA0210900_NIBRS,
6554424,16307,5,2014,I,,,N,F,,C,2014_05_PA0210900_NIBRS,
6576874,16307,6,2014,I,,,N,F,,C,2014_06_PA0210900_NIBRS,
6599324,16307,7,2014,I,,,N,F,,C,2014_07_PA0210900_NIBRS,
6621774,16307,8,2014,I,,,N,F,,C,2014_08_PA0210900_NIBRS,
6644224,16307,9,2014,I,,,N,F,,C,2014_09_PA0210900_NIBRS,
6666674,16307,10,2014,I,,,N,F,,C,2014_10_PA0210900_NIBRS,
6689124,16307,11,2014,I,,,N,F,,C,2014_11_PA0210900_NIBRS,
6711574,16307,12,2014,I,,,N,F,,C,2014_12_PA0210900_NIBRS,
6464625,16308,1,2014,U,,,N,F,,C,2014_01_PA0211000_NIBRS,
6487075,16308,2,2014,U,,,N,F,,C,2014_02_PA0211000_NIBRS,
6509525,16308,3,2014,U,,,N,F,,C,2014_03_PA0211000_NIBRS,
6531975,16308,4,2014,U,,,N,F,,C,2014_04_PA0211000_NIBRS,
6554425,16308,5,2014,U,,,N,F,,C,2014_05_PA0211000_NIBRS,
6576875,16308,6,2014,U,,,N,F,,C,2014_06_PA0211000_NIBRS,
6599325,16308,7,2014,U,,,N,F,,C,2014_07_PA0211000_NIBRS,
6621775,16308,8,2014,U,,,N,F,,C,2014_08_PA0211000_NIBRS,
6644225,16308,9,2014,U,,,N,F,,C,2014_09_PA0211000_NIBRS,
6666675,16308,10,2014,U,,,N,F,,C,2014_10_PA0211000_NIBRS,
6689125,16308,11,2014,U,,,N,F,,C,2014_11_PA0211000_NIBRS,
6711575,16308,12,2014,U,,,N,F,,C,2014_12_PA0211000_NIBRS,
6464109,15792,1,2014,U,,,N,F,,C,2014_01_PA0029000_NIBRS,
6486559,15792,2,2014,U,,,N,F,,C,2014_02_PA0029000_NIBRS,
6509009,15792,3,2014,U,,,N,F,,C,2014_03_PA0029000_NIBRS,
6531459,15792,4,2014,U,,,N,F,,C,2014_04_PA0029000_NIBRS,
6553909,15792,5,2014,U,,,N,F,,C,2014_05_PA0029000_NIBRS,
6576359,15792,6,2014,U,,,N,F,,C,2014_06_PA0029000_NIBRS,
6598809,15792,7,2014,U,,,N,F,,C,2014_07_PA0029000_NIBRS,
6621259,15792,8,2014,U,,,N,F,,C,2014_08_PA0029000_NIBRS,
6643709,15792,9,2014,U,,,N,F,,C,2014_09_PA0029000_NIBRS,
6666159,15792,10,2014,U,,,N,F,,C,2014_10_PA0029000_NIBRS,
6688609,15792,11,2014,U,,,N,F,,C,2014_11_PA0029000_NIBRS,
6711059,15792,12,2014,U,,,N,F,,C,2014_12_PA0029000_NIBRS,
6464110,15793,1,2014,U,,,N,F,,C,2014_01_PA0029100_NIBRS,
6486560,15793,2,2014,U,,,N,F,,C,2014_02_PA0029100_NIBRS,
6509010,15793,3,2014,U,,,N,F,,C,2014_03_PA0029100_NIBRS,
6531460,15793,4,2014,U,,,N,F,,C,2014_04_PA0029100_NIBRS,
6553910,15793,5,2014,U,,,N,F,,C,2014_05_PA0029100_NIBRS,
6576360,15793,6,2014,U,,,N,F,,C,2014_06_PA0029100_NIBRS,
6598810,15793,7,2014,U,,,N,F,,C,2014_07_PA0029100_NIBRS,
6621260,15793,8,2014,U,,,N,F,,C,2014_08_PA0029100_NIBRS,
6643710,15793,9,2014,U,,,N,F,,C,2014_09_PA0029100_NIBRS,
6666160,15793,10,2014,U,,,N,F,,C,2014_10_PA0029100_NIBRS,
6688610,15793,11,2014,U,,,N,F,,C,2014_11_PA0029100_NIBRS,
6711060,15793,12,2014,U,,,N,F,,C,2014_12_PA0029100_NIBRS,
6464513,16196,1,2014,U,,,N,F,,C,2014_01_PA0155400_NIBRS,
6486963,16196,2,2014,U,,,N,F,,C,2014_02_PA0155400_NIBRS,
6509413,16196,3,2014,U,,,N,F,,C,2014_03_PA0155400_NIBRS,
6531863,16196,4,2014,U,,,N,F,,C,2014_04_PA0155400_NIBRS,
6554313,16196,5,2014,U,,,N,F,,C,2014_05_PA0155400_NIBRS,
6576763,16196,6,2014,U,,,N,F,,C,2014_06_PA0155400_NIBRS,
6599213,16196,7,2014,U,,,N,F,,C,2014_07_PA0155400_NIBRS,
6621663,16196,8,2014,U,,,N,F,,C,2014_08_PA0155400_NIBRS,
6644113,16196,9,2014,U,,,N,F,,C,2014_09_PA0155400_NIBRS,
6666563,16196,10,2014,U,,,N,F,,C,2014_10_PA0155400_NIBRS,
6689013,16196,11,2014,U,,,N,F,,C,2014_11_PA0155400_NIBRS,
6711463,16196,12,2014,U,,,N,F,,C,2014_12_PA0155400_NIBRS,
6464514,16197,1,2014,U,,,N,F,,C,2014_01_PA0155500_NIBRS,
6486964,16197,2,2014,U,,,N,F,,C,2014_02_PA0155500_NIBRS,
6509414,16197,3,2014,U,,,N,F,,C,2014_03_PA0155500_NIBRS,
6531864,16197,4,2014,U,,,N,F,,C,2014_04_PA0155500_NIBRS,
6554314,16197,5,2014,U,,,N,F,,C,2014_05_PA0155500_NIBRS,
6576764,16197,6,2014,U,,,N,F,,C,2014_06_PA0155500_NIBRS,
6599214,16197,7,2014,U,,,N,F,,C,2014_07_PA0155500_NIBRS,
6621664,16197,8,2014,U,,,N,F,,C,2014_08_PA0155500_NIBRS,
6644114,16197,9,2014,U,,,N,F,,C,2014_09_PA0155500_NIBRS,
6666564,16197,10,2014,U,,,N,F,,C,2014_10_PA0155500_NIBRS,
6689014,16197,11,2014,U,,,N,F,,C,2014_11_PA0155500_NIBRS,
6711464,16197,12,2014,U,,,N,F,,C,2014_12_PA0155500_NIBRS,
6464515,16198,1,2014,U,,,N,F,,C,2014_01_PA0155700_NIBRS,
6486965,16198,2,2014,U,,,N,F,,C,2014_02_PA0155700_NIBRS,
6509415,16198,3,2014,U,,,N,F,,C,2014_03_PA0155700_NIBRS,
6531865,16198,4,2014,U,,,N,F,,C,2014_04_PA0155700_NIBRS,
6554315,16198,5,2014,U,,,N,F,,C,2014_05_PA0155700_NIBRS,
6576765,16198,6,2014,U,,,N,F,,C,2014_06_PA0155700_NIBRS,
6599215,16198,7,2014,U,,,N,F,,C,2014_07_PA0155700_NIBRS,
6621665,16198,8,2014,U,,,N,F,,C,2014_08_PA0155700_NIBRS,
6644115,16198,9,2014,U,,,N,F,,C,2014_09_PA0155700_NIBRS,
6666565,16198,10,2014,U,,,N,F,,C,2014_10_PA0155700_NIBRS,
6689015,16198,11,2014,U,,,N,F,,C,2014_11_PA0155700_NIBRS,
6711465,16198,12,2014,U,,,N,F,,C,2014_12_PA0155700_NIBRS,
6470447,23243,1,2014,U,,,N,F,,C,2014_01_PA0155900_NIBRS,
6492897,23243,2,2014,U,,,N,F,,C,2014_02_PA0155900_NIBRS,
6515347,23243,3,2014,U,,,N,F,,C,2014_03_PA0155900_NIBRS,
6537797,23243,4,2014,U,,,N,F,,C,2014_04_PA0155900_NIBRS,
6560247,23243,5,2014,U,,,N,F,,C,2014_05_PA0155900_NIBRS,
6582697,23243,6,2014,U,,,N,F,,C,2014_06_PA0155900_NIBRS,
6605147,23243,7,2014,U,,,N,F,,C,2014_07_PA0155900_NIBRS,
6627597,23243,8,2014,U,,,N,F,,C,2014_08_PA0155900_NIBRS,
6650047,23243,9,2014,U,,,N,F,,C,2014_09_PA0155900_NIBRS,
6672497,23243,10,2014,U,,,N,F,,C,2014_10_PA0155900_NIBRS,
6694947,23243,11,2014,U,,,N,F,,C,2014_11_PA0155900_NIBRS,
6717397,23243,12,2014,U,,,N,F,,C,2014_12_PA0155900_NIBRS,
6470517,23494,1,2014,U,,,N,F,,C,2014_01_PA0156000_NIBRS,
6492967,23494,2,2014,U,,,N,F,,C,2014_02_PA0156000_NIBRS,
6515417,23494,3,2014,U,,,N,F,,C,2014_03_PA0156000_NIBRS,
6537867,23494,4,2014,U,,,N,F,,C,2014_04_PA0156000_NIBRS,
6560317,23494,5,2014,U,,,N,F,,C,2014_05_PA0156000_NIBRS,
6582767,23494,6,2014,U,,,N,F,,C,2014_06_PA0156000_NIBRS,
6605217,23494,7,2014,U,,,N,F,,C,2014_07_PA0156000_NIBRS,
6627667,23494,8,2014,U,,,N,F,,C,2014_08_PA0156000_NIBRS,
6650117,23494,9,2014,U,,,N,F,,C,2014_09_PA0156000_NIBRS,
6672567,23494,10,2014,U,,,N,F,,C,2014_10_PA0156000_NIBRS,
6695017,23494,11,2014,U,,,N,F,,C,2014_11_PA0156000_NIBRS,
6717467,23494,12,2014,U,,,N,F,,C,2014_12_PA0156000_NIBRS,
6464516,16199,1,2014,U,,,N,F,,C,2014_01_PA0156200_NIBRS,
6486966,16199,2,2014,U,,,N,F,,C,2014_02_PA0156200_NIBRS,
6509416,16199,3,2014,U,,,N,F,,C,2014_03_PA0156200_NIBRS,
6531866,16199,4,2014,U,,,N,F,,C,2014_04_PA0156200_NIBRS,
6554316,16199,5,2014,U,,,N,F,,C,2014_05_PA0156200_NIBRS,
6576766,16199,6,2014,U,,,N,F,,C,2014_06_PA0156200_NIBRS,
6599216,16199,7,2014,U,,,N,F,,C,2014_07_PA0156200_NIBRS,
6621666,16199,8,2014,U,,,N,F,,C,2014_08_PA0156200_NIBRS,
6644116,16199,9,2014,U,,,N,F,,C,2014_09_PA0156200_NIBRS,
6666566,16199,10,2014,U,,,N,F,,C,2014_10_PA0156200_NIBRS,
6689016,16199,11,2014,U,,,N,F,,C,2014_11_PA0156200_NIBRS,
6711466,16199,12,2014,U,,,N,F,,C,2014_12_PA0156200_NIBRS,
6464517,16200,1,2014,U,,,N,F,,C,2014_01_PA0156500_NIBRS,
6486967,16200,2,2014,U,,,N,F,,C,2014_02_PA0156500_NIBRS,
6509417,16200,3,2014,U,,,N,F,,C,2014_03_PA0156500_NIBRS,
6531867,16200,4,2014,U,,,N,F,,C,2014_04_PA0156500_NIBRS,
6554317,16200,5,2014,U,,,N,F,,C,2014_05_PA0156500_NIBRS,
6576767,16200,6,2014,U,,,N,F,,C,2014_06_PA0156500_NIBRS,
6599217,16200,7,2014,U,,,N,F,,C,2014_07_PA0156500_NIBRS,
6621667,16200,8,2014,U,,,N,F,,C,2014_08_PA0156500_NIBRS,
6644117,16200,9,2014,U,,,N,F,,C,2014_09_PA0156500_NIBRS,
6666567,16200,10,2014,U,,,N,F,,C,2014_10_PA0156500_NIBRS,
6689017,16200,11,2014,U,,,N,F,,C,2014_11_PA0156500_NIBRS,
6711467,16200,12,2014,U,,,N,F,,C,2014_12_PA0156500_NIBRS,
6464518,16201,1,2014,U,,,N,F,,C,2014_01_PA015BF00_NIBRS,
6486968,16201,2,2014,U,,,N,F,,C,2014_02_PA015BF00_NIBRS,
6509418,16201,3,2014,U,,,N,F,,C,2014_03_PA015BF00_NIBRS,
6531868,16201,4,2014,U,,,N,F,,C,2014_04_PA015BF00_NIBRS,
6554318,16201,5,2014,U,,,N,F,,C,2014_05_PA015BF00_NIBRS,
6576768,16201,6,2014,U,,,N,F,,C,2014_06_PA015BF00_NIBRS,
6599218,16201,7,2014,U,,,N,F,,C,2014_07_PA015BF00_NIBRS,
6621668,16201,8,2014,U,,,N,F,,C,2014_08_PA015BF00_NIBRS,
6644118,16201,9,2014,U,,,N,F,,C,2014_09_PA015BF00_NIBRS,
6666568,16201,10,2014,U,,,N,F,,C,2014_10_PA015BF00_NIBRS,
6689018,16201,11,2014,U,,,N,F,,C,2014_11_PA015BF00_NIBRS,
6711468,16201,12,2014,U,,,N,F,,C,2014_12_PA015BF00_NIBRS,
6464519,16202,1,2014,U,,,N,F,,C,2014_01_PA015DE00_NIBRS,
6486969,16202,2,2014,U,,,N,F,,C,2014_02_PA015DE00_NIBRS,
6509419,16202,3,2014,U,,,N,F,,C,2014_03_PA015DE00_NIBRS,
6531869,16202,4,2014,U,,,N,F,,C,2014_04_PA015DE00_NIBRS,
6554319,16202,5,2014,U,,,N,F,,C,2014_05_PA015DE00_NIBRS,
6576769,16202,6,2014,U,,,N,F,,C,2014_06_PA015DE00_NIBRS,
6599219,16202,7,2014,U,,,N,F,,C,2014_07_PA015DE00_NIBRS,
6621669,16202,8,2014,U,,,N,F,,C,2014_08_PA015DE00_NIBRS,
6644119,16202,9,2014,U,,,N,F,,C,2014_09_PA015DE00_NIBRS,
6666569,16202,10,2014,U,,,N,F,,C,2014_10_PA015DE00_NIBRS,
6689019,16202,11,2014,U,,,N,F,,C,2014_11_PA015DE00_NIBRS,
6711469,16202,12,2014,U,,,N,F,,C,2014_12_PA015DE00_NIBRS,
6464520,16203,1,2014,U,,,N,F,,C,2014_01_PA015SP00_NIBRS,
6486970,16203,2,2014,U,,,N,F,,C,2014_02_PA015SP00_NIBRS,
6509420,16203,3,2014,U,,,N,F,,C,2014_03_PA015SP00_NIBRS,
6531870,16203,4,2014,U,,,N,F,,C,2014_04_PA015SP00_NIBRS,
6554320,16203,5,2014,U,,,N,F,,C,2014_05_PA015SP00_NIBRS,
6576770,16203,6,2014,U,,,N,F,,C,2014_06_PA015SP00_NIBRS,
6599220,16203,7,2014,U,,,N,F,,C,2014_07_PA015SP00_NIBRS,
6621670,16203,8,2014,U,,,N,F,,C,2014_08_PA015SP00_NIBRS,
6644120,16203,9,2014,U,,,N,F,,C,2014_09_PA015SP00_NIBRS,
6666570,16203,10,2014,U,,,N,F,,C,2014_10_PA015SP00_NIBRS,
6689020,16203,11,2014,U,,,N,F,,C,2014_11_PA015SP00_NIBRS,
6711470,16203,12,2014,U,,,N,F,,C,2014_12_PA015SP00_NIBRS,
6464521,16204,1,2014,U,,,N,F,,C,2014_01_PA0160000_NIBRS,
6486971,16204,2,2014,U,,,N,F,,C,2014_02_PA0160000_NIBRS,
6509421,16204,3,2014,U,,,N,F,,C,2014_03_PA0160000_NIBRS,
6531871,16204,4,2014,U,,,N,F,,C,2014_04_PA0160000_NIBRS,
6554321,16204,5,2014,U,,,N,F,,C,2014_05_PA0160000_NIBRS,
6576771,16204,6,2014,U,,,N,F,,C,2014_06_PA0160000_NIBRS,
6599221,16204,7,2014,U,,,N,F,,C,2014_07_PA0160000_NIBRS,
6621671,16204,8,2014,U,,,N,F,,C,2014_08_PA0160000_NIBRS,
6644121,16204,9,2014,U,,,N,F,,C,2014_09_PA0160000_NIBRS,
6666571,16204,10,2014,U,,,N,F,,C,2014_10_PA0160000_NIBRS,
6689021,16204,11,2014,U,,,N,F,,C,2014_11_PA0160000_NIBRS,
6711471,16204,12,2014,U,,,N,F,,C,2014_12_PA0160000_NIBRS,
6464522,16205,1,2014,U,,,N,F,,C,2014_01_PA0160100_NIBRS,
6486972,16205,2,2014,U,,,N,F,,C,2014_02_PA0160100_NIBRS,
6509422,16205,3,2014,U,,,N,F,,C,2014_03_PA0160100_NIBRS,
6531872,16205,4,2014,U,,,N,F,,C,2014_04_PA0160100_NIBRS,
6554322,16205,5,2014,U,,,N,F,,C,2014_05_PA0160100_NIBRS,
6576772,16205,6,2014,U,,,N,F,,C,2014_06_PA0160100_NIBRS,
6599222,16205,7,2014,U,,,N,F,,C,2014_07_PA0160100_NIBRS,
6621672,16205,8,2014,U,,,N,F,,C,2014_08_PA0160100_NIBRS,
6644122,16205,9,2014,U,,,N,F,,C,2014_09_PA0160100_NIBRS,
6666572,16205,10,2014,U,,,N,F,,C,2014_10_PA0160100_NIBRS,
6689022,16205,11,2014,U,,,N,F,,C,2014_11_PA0160100_NIBRS,
6711472,16205,12,2014,U,,,N,F,,C,2014_12_PA0160100_NIBRS,
6464523,16206,1,2014,U,,,N,F,,C,2014_01_PA0160200_NIBRS,
6486973,16206,2,2014,U,,,N,F,,C,2014_02_PA0160200_NIBRS,
6509423,16206,3,2014,U,,,N,F,,C,2014_03_PA0160200_NIBRS,
6531873,16206,4,2014,U,,,N,F,,C,2014_04_PA0160200_NIBRS,
6554323,16206,5,2014,U,,,N,F,,C,2014_05_PA0160200_NIBRS,
6576773,16206,6,2014,U,,,N,F,,C,2014_06_PA0160200_NIBRS,
6599223,16206,7,2014,U,,,N,F,,C,2014_07_PA0160200_NIBRS,
6621673,16206,8,2014,U,,,N,F,,C,2014_08_PA0160200_NIBRS,
6644123,16206,9,2014,U,,,N,F,,C,2014_09_PA0160200_NIBRS,
6666573,16206,10,2014,U,,,N,F,,C,2014_10_PA0160200_NIBRS,
6689023,16206,11,2014,U,,,N,F,,C,2014_11_PA0160200_NIBRS,
6711473,16206,12,2014,U,,,N,F,,C,2014_12_PA0160200_NIBRS,
6464524,16207,1,2014,U,,,N,F,,C,2014_01_PA0160300_NIBRS,
6486974,16207,2,2014,U,,,N,F,,C,2014_02_PA0160300_NIBRS,
6509424,16207,3,2014,U,,,N,F,,C,2014_03_PA0160300_NIBRS,
6531874,16207,4,2014,U,,,N,F,,C,2014_04_PA0160300_NIBRS,
6554324,16207,5,2014,U,,,N,F,,C,2014_05_PA0160300_NIBRS,
6576774,16207,6,2014,U,,,N,F,,C,2014_06_PA0160300_NIBRS,
6599224,16207,7,2014,U,,,N,F,,C,2014_07_PA0160300_NIBRS,
6621674,16207,8,2014,U,,,N,F,,C,2014_08_PA0160300_NIBRS,
6644124,16207,9,2014,U,,,N,F,,C,2014_09_PA0160300_NIBRS,
6666574,16207,10,2014,U,,,N,F,,C,2014_10_PA0160300_NIBRS,
6689024,16207,11,2014,U,,,N,F,,C,2014_11_PA0160300_NIBRS,
6711474,16207,12,2014,U,,,N,F,,C,2014_12_PA0160300_NIBRS,
6464525,16208,1,2014,U,,,N,F,,C,2014_01_PA0160400_NIBRS,
6486975,16208,2,2014,U,,,N,F,,C,2014_02_PA0160400_NIBRS,
6509425,16208,3,2014,U,,,N,F,,C,2014_03_PA0160400_NIBRS,
6531875,16208,4,2014,U,,,N,F,,C,2014_04_PA0160400_NIBRS,
6554325,16208,5,2014,U,,,N,F,,C,2014_05_PA0160400_NIBRS,
6576775,16208,6,2014,U,,,N,F,,C,2014_06_PA0160400_NIBRS,
6599225,16208,7,2014,U,,,N,F,,C,2014_07_PA0160400_NIBRS,
6621675,16208,8,2014,U,,,N,F,,C,2014_08_PA0160400_NIBRS,
6644125,16208,9,2014,U,,,N,F,,C,2014_09_PA0160400_NIBRS,
6666575,16208,10,2014,U,,,N,F,,C,2014_10_PA0160400_NIBRS,
6689025,16208,11,2014,U,,,N,F,,C,2014_11_PA0160400_NIBRS,
6711475,16208,12,2014,U,,,N,F,,C,2014_12_PA0160400_NIBRS,
6464526,16209,1,2014,U,,,N,F,,C,2014_01_PA0160500_NIBRS,
6486976,16209,2,2014,U,,,N,F,,C,2014_02_PA0160500_NIBRS,
6509426,16209,3,2014,U,,,N,F,,C,2014_03_PA0160500_NIBRS,
6531876,16209,4,2014,U,,,N,F,,C,2014_04_PA0160500_NIBRS,
6554326,16209,5,2014,U,,,N,F,,C,2014_05_PA0160500_NIBRS,
6576776,16209,6,2014,U,,,N,F,,C,2014_06_PA0160500_NIBRS,
6599226,16209,7,2014,U,,,N,F,,C,2014_07_PA0160500_NIBRS,
6621676,16209,8,2014,U,,,N,F,,C,2014_08_PA0160500_NIBRS,
6644126,16209,9,2014,U,,,N,F,,C,2014_09_PA0160500_NIBRS,
6666576,16209,10,2014,U,,,N,F,,C,2014_10_PA0160500_NIBRS,
6689026,16209,11,2014,U,,,N,F,,C,2014_11_PA0160500_NIBRS,
6711476,16209,12,2014,U,,,N,F,,C,2014_12_PA0160500_NIBRS,
6464527,16210,1,2014,U,,,N,F,,C,2014_01_PA0160600_NIBRS,
6486977,16210,2,2014,U,,,N,F,,C,2014_02_PA0160600_NIBRS,
6509427,16210,3,2014,U,,,N,F,,C,2014_03_PA0160600_NIBRS,
6531877,16210,4,2014,U,,,N,F,,C,2014_04_PA0160600_NIBRS,
6554327,16210,5,2014,U,,,N,F,,C,2014_05_PA0160600_NIBRS,
6576777,16210,6,2014,U,,,N,F,,C,2014_06_PA0160600_NIBRS,
6599227,16210,7,2014,U,,,N,F,,C,2014_07_PA0160600_NIBRS,
6621677,16210,8,2014,U,,,N,F,,C,2014_08_PA0160600_NIBRS,
6644127,16210,9,2014,U,,,N,F,,C,2014_09_PA0160600_NIBRS,
6666577,16210,10,2014,U,,,N,F,,C,2014_10_PA0160600_NIBRS,
6689027,16210,11,2014,U,,,N,F,,C,2014_11_PA0160600_NIBRS,
6711477,16210,12,2014,U,,,N,F,,C,2014_12_PA0160600_NIBRS,
6464528,16211,1,2014,U,,,N,F,,C,2014_01_PA0160700_NIBRS,
6486978,16211,2,2014,U,,,N,F,,C,2014_02_PA0160700_NIBRS,
6509428,16211,3,2014,U,,,N,F,,C,2014_03_PA0160700_NIBRS,
6531878,16211,4,2014,U,,,N,F,,C,2014_04_PA0160700_NIBRS,
6554328,16211,5,2014,U,,,N,F,,C,2014_05_PA0160700_NIBRS,
6576778,16211,6,2014,U,,,N,F,,C,2014_06_PA0160700_NIBRS,
6599228,16211,7,2014,U,,,N,F,,C,2014_07_PA0160700_NIBRS,
6621678,16211,8,2014,U,,,N,F,,C,2014_08_PA0160700_NIBRS,
6644128,16211,9,2014,U,,,N,F,,C,2014_09_PA0160700_NIBRS,
6666578,16211,10,2014,U,,,N,F,,C,2014_10_PA0160700_NIBRS,
6689028,16211,11,2014,U,,,N,F,,C,2014_11_PA0160700_NIBRS,
6711478,16211,12,2014,U,,,N,F,,C,2014_12_PA0160700_NIBRS,
6464529,16212,1,2014,U,,,N,F,,C,2014_01_PA016BF00_NIBRS,
6486979,16212,2,2014,U,,,N,F,,C,2014_02_PA016BF00_NIBRS,
6509429,16212,3,2014,U,,,N,F,,C,2014_03_PA016BF00_NIBRS,
6531879,16212,4,2014,U,,,N,F,,C,2014_04_PA016BF00_NIBRS,
6554329,16212,5,2014,U,,,N,F,,C,2014_05_PA016BF00_NIBRS,
6576779,16212,6,2014,U,,,N,F,,C,2014_06_PA016BF00_NIBRS,
6599229,16212,7,2014,U,,,N,F,,C,2014_07_PA016BF00_NIBRS,
6621679,16212,8,2014,U,,,N,F,,C,2014_08_PA016BF00_NIBRS,
6644129,16212,9,2014,U,,,N,F,,C,2014_09_PA016BF00_NIBRS,
6666579,16212,10,2014,U,,,N,F,,C,2014_10_PA016BF00_NIBRS,
6689029,16212,11,2014,U,,,N,F,,C,2014_11_PA016BF00_NIBRS,
6711479,16212,12,2014,U,,,N,F,,C,2014_12_PA016BF00_NIBRS,
6464530,16213,1,2014,U,,,N,F,,C,2014_01_PA016DE00_NIBRS,
6486980,16213,2,2014,U,,,N,F,,C,2014_02_PA016DE00_NIBRS,
6509430,16213,3,2014,U,,,N,F,,C,2014_03_PA016DE00_NIBRS,
6531880,16213,4,2014,U,,,N,F,,C,2014_04_PA016DE00_NIBRS,
6554330,16213,5,2014,U,,,N,F,,C,2014_05_PA016DE00_NIBRS,
6576780,16213,6,2014,U,,,N,F,,C,2014_06_PA016DE00_NIBRS,
6599230,16213,7,2014,U,,,N,F,,C,2014_07_PA016DE00_NIBRS,
6621680,16213,8,2014,U,,,N,F,,C,2014_08_PA016DE00_NIBRS,
6644130,16213,9,2014,U,,,N,F,,C,2014_09_PA016DE00_NIBRS,
6666580,16213,10,2014,U,,,N,F,,C,2014_10_PA016DE00_NIBRS,
6689030,16213,11,2014,U,,,N,F,,C,2014_11_PA016DE00_NIBRS,
6711480,16213,12,2014,U,,,N,F,,C,2014_12_PA016DE00_NIBRS,
6464531,16214,1,2014,U,,,N,F,,C,2014_01_PA016SP00_NIBRS,
6486981,16214,2,2014,U,,,N,F,,C,2014_02_PA016SP00_NIBRS,
6509431,16214,3,2014,U,,,N,F,,C,2014_03_PA016SP00_NIBRS,
6531881,16214,4,2014,U,,,N,F,,C,2014_04_PA016SP00_NIBRS,
6554331,16214,5,2014,U,,,N,F,,C,2014_05_PA016SP00_NIBRS,
6576781,16214,6,2014,U,,,N,F,,C,2014_06_PA016SP00_NIBRS,
6599231,16214,7,2014,U,,,N,F,,C,2014_07_PA016SP00_NIBRS,
6621681,16214,8,2014,U,,,N,F,,C,2014_08_PA016SP00_NIBRS,
6644131,16214,9,2014,U,,,N,F,,C,2014_09_PA016SP00_NIBRS,
6666581,16214,10,2014,U,,,N,F,,C,2014_10_PA016SP00_NIBRS,
6689031,16214,11,2014,U,,,N,F,,C,2014_11_PA016SP00_NIBRS,
6711481,16214,12,2014,U,,,N,F,,C,2014_12_PA016SP00_NIBRS,
6464532,16215,1,2014,U,,,N,F,,C,2014_01_PA0170000_NIBRS,
6486982,16215,2,2014,U,,,N,F,,C,2014_02_PA0170000_NIBRS,
6509432,16215,3,2014,U,,,N,F,,C,2014_03_PA0170000_NIBRS,
6531882,16215,4,2014,U,,,N,F,,C,2014_04_PA0170000_NIBRS,
6554332,16215,5,2014,U,,,N,F,,C,2014_05_PA0170000_NIBRS,
6576782,16215,6,2014,U,,,N,F,,C,2014_06_PA0170000_NIBRS,
6599232,16215,7,2014,U,,,N,F,,C,2014_07_PA0170000_NIBRS,
6621682,16215,8,2014,U,,,N,F,,C,2014_08_PA0170000_NIBRS,
6644132,16215,9,2014,U,,,N,F,,C,2014_09_PA0170000_NIBRS,
6666582,16215,10,2014,U,,,N,F,,C,2014_10_PA0170000_NIBRS,
6689032,16215,11,2014,U,,,N,F,,C,2014_11_PA0170000_NIBRS,
6711482,16215,12,2014,U,,,N,F,,C,2014_12_PA0170000_NIBRS,
6464542,16225,1,2014,U,,,N,F,,C,2014_01_PA0171400_NIBRS,
6486992,16225,2,2014,U,,,N,F,,C,2014_02_PA0171400_NIBRS,
6509442,16225,3,2014,U,,,N,F,,C,2014_03_PA0171400_NIBRS,
6531892,16225,4,2014,U,,,N,F,,C,2014_04_PA0171400_NIBRS,
6554342,16225,5,2014,U,,,N,F,,C,2014_05_PA0171400_NIBRS,
6576792,16225,6,2014,U,,,N,F,,C,2014_06_PA0171400_NIBRS,
6599242,16225,7,2014,U,,,N,F,,C,2014_07_PA0171400_NIBRS,
6621692,16225,8,2014,U,,,N,F,,C,2014_08_PA0171400_NIBRS,
6644142,16225,9,2014,U,,,N,F,,C,2014_09_PA0171400_NIBRS,
6666592,16225,10,2014,U,,,N,F,,C,2014_10_PA0171400_NIBRS,
6689042,16225,11,2014,U,,,N,F,,C,2014_11_PA0171400_NIBRS,
6711492,16225,12,2014,U,,,N,F,,C,2014_12_PA0171400_NIBRS,
6464543,16226,1,2014,U,,,N,F,,C,2014_01_PA0171600_NIBRS,
6486993,16226,2,2014,U,,,N,F,,C,2014_02_PA0171600_NIBRS,
6509443,16226,3,2014,U,,,N,F,,C,2014_03_PA0171600_NIBRS,
6531893,16226,4,2014,U,,,N,F,,C,2014_04_PA0171600_NIBRS,
6554343,16226,5,2014,U,,,N,F,,C,2014_05_PA0171600_NIBRS,
6576793,16226,6,2014,U,,,N,F,,C,2014_06_PA0171600_NIBRS,
6599243,16226,7,2014,U,,,N,F,,C,2014_07_PA0171600_NIBRS,
6621693,16226,8,2014,U,,,N,F,,C,2014_08_PA0171600_NIBRS,
6644143,16226,9,2014,U,,,N,F,,C,2014_09_PA0171600_NIBRS,
6666593,16226,10,2014,U,,,N,F,,C,2014_10_PA0171600_NIBRS,
6689043,16226,11,2014,U,,,N,F,,C,2014_11_PA0171600_NIBRS,
6711493,16226,12,2014,U,,,N,F,,C,2014_12_PA0171600_NIBRS,
6464544,16227,1,2014,U,,,N,F,,C,2014_01_PA0171700_NIBRS,
6486994,16227,2,2014,U,,,N,F,,C,2014_02_PA0171700_NIBRS,
6509444,16227,3,2014,U,,,N,F,,C,2014_03_PA0171700_NIBRS,
6531894,16227,4,2014,U,,,N,F,,C,2014_04_PA0171700_NIBRS,
6554344,16227,5,2014,U,,,N,F,,C,2014_05_PA0171700_NIBRS,
6576794,16227,6,2014,U,,,N,F,,C,2014_06_PA0171700_NIBRS,
6599244,16227,7,2014,U,,,N,F,,C,2014_07_PA0171700_NIBRS,
6621694,16227,8,2014,U,,,N,F,,C,2014_08_PA0171700_NIBRS,
6644144,16227,9,2014,U,,,N,F,,C,2014_09_PA0171700_NIBRS,
6666594,16227,10,2014,U,,,N,F,,C,2014_10_PA0171700_NIBRS,
6689044,16227,11,2014,U,,,N,F,,C,2014_11_PA0171700_NIBRS,
6711494,16227,12,2014,U,,,N,F,,C,2014_12_PA0171700_NIBRS,
6464545,16228,1,2014,U,,,N,F,,C,2014_01_PA0171900_NIBRS,
6486995,16228,2,2014,U,,,N,F,,C,2014_02_PA0171900_NIBRS,
6509445,16228,3,2014,U,,,N,F,,C,2014_03_PA0171900_NIBRS,
6531895,16228,4,2014,U,,,N,F,,C,2014_04_PA0171900_NIBRS,
6554345,16228,5,2014,U,,,N,F,,C,2014_05_PA0171900_NIBRS,
6576795,16228,6,2014,U,,,N,F,,C,2014_06_PA0171900_NIBRS,
6599245,16228,7,2014,U,,,N,F,,C,2014_07_PA0171900_NIBRS,
6621695,16228,8,2014,U,,,N,F,,C,2014_08_PA0171900_NIBRS,
6644145,16228,9,2014,U,,,N,F,,C,2014_09_PA0171900_NIBRS,
6666595,16228,10,2014,U,,,N,F,,C,2014_10_PA0171900_NIBRS,
6689045,16228,11,2014,U,,,N,F,,C,2014_11_PA0171900_NIBRS,
6711495,16228,12,2014,U,,,N,F,,C,2014_12_PA0171900_NIBRS,
6464546,16229,1,2014,U,,,N,F,,C,2014_01_PA017BF00_NIBRS,
6486996,16229,2,2014,U,,,N,F,,C,2014_02_PA017BF00_NIBRS,
6509446,16229,3,2014,U,,,N,F,,C,2014_03_PA017BF00_NIBRS,
6531896,16229,4,2014,U,,,N,F,,C,2014_04_PA017BF00_NIBRS,
6554346,16229,5,2014,U,,,N,F,,C,2014_05_PA017BF00_NIBRS,
6576796,16229,6,2014,U,,,N,F,,C,2014_06_PA017BF00_NIBRS,
6599246,16229,7,2014,U,,,N,F,,C,2014_07_PA017BF00_NIBRS,
6621696,16229,8,2014,U,,,N,F,,C,2014_08_PA017BF00_NIBRS,
6644146,16229,9,2014,U,,,N,F,,C,2014_09_PA017BF00_NIBRS,
6666596,16229,10,2014,U,,,N,F,,C,2014_10_PA017BF00_NIBRS,
6689046,16229,11,2014,U,,,N,F,,C,2014_11_PA017BF00_NIBRS,
6711496,16229,12,2014,U,,,N,F,,C,2014_12_PA017BF00_NIBRS,
6464547,16230,1,2014,U,,,N,F,,C,2014_01_PA017DE00_NIBRS,
6486997,16230,2,2014,U,,,N,F,,C,2014_02_PA017DE00_NIBRS,
6509447,16230,3,2014,U,,,N,F,,C,2014_03_PA017DE00_NIBRS,
6531897,16230,4,2014,U,,,N,F,,C,2014_04_PA017DE00_NIBRS,
6554347,16230,5,2014,U,,,N,F,,C,2014_05_PA017DE00_NIBRS,
6576797,16230,6,2014,U,,,N,F,,C,2014_06_PA017DE00_NIBRS,
6599247,16230,7,2014,U,,,N,F,,C,2014_07_PA017DE00_NIBRS,
6621697,16230,8,2014,U,,,N,F,,C,2014_08_PA017DE00_NIBRS,
6644147,16230,9,2014,U,,,N,F,,C,2014_09_PA017DE00_NIBRS,
6666597,16230,10,2014,U,,,N,F,,C,2014_10_PA017DE00_NIBRS,
6689047,16230,11,2014,U,,,N,F,,C,2014_11_PA017DE00_NIBRS,
6711497,16230,12,2014,U,,,N,F,,C,2014_12_PA017DE00_NIBRS,
6464548,16231,1,2014,U,,,N,F,,C,2014_01_PA017SP00_NIBRS,
6486998,16231,2,2014,U,,,N,F,,C,2014_02_PA017SP00_NIBRS,
6509448,16231,3,2014,U,,,N,F,,C,2014_03_PA017SP00_NIBRS,
6531898,16231,4,2014,U,,,N,F,,C,2014_04_PA017SP00_NIBRS,
6554348,16231,5,2014,U,,,N,F,,C,2014_05_PA017SP00_NIBRS,
6576798,16231,6,2014,U,,,N,F,,C,2014_06_PA017SP00_NIBRS,
6599248,16231,7,2014,U,,,N,F,,C,2014_07_PA017SP00_NIBRS,
6621698,16231,8,2014,U,,,N,F,,C,2014_08_PA017SP00_NIBRS,
6644148,16231,9,2014,U,,,N,F,,C,2014_09_PA017SP00_NIBRS,
6666598,16231,10,2014,U,,,N,F,,C,2014_10_PA017SP00_NIBRS,
6689048,16231,11,2014,U,,,N,F,,C,2014_11_PA017SP00_NIBRS,
6711498,16231,12,2014,U,,,N,F,,C,2014_12_PA017SP00_NIBRS,
6464549,16232,1,2014,U,,,N,F,,C,2014_01_PA0180000_NIBRS,
6486999,16232,2,2014,U,,,N,F,,C,2014_02_PA0180000_NIBRS,
6509449,16232,3,2014,U,,,N,F,,C,2014_03_PA0180000_NIBRS,
6531899,16232,4,2014,U,,,N,F,,C,2014_04_PA0180000_NIBRS,
6554349,16232,5,2014,U,,,N,F,,C,2014_05_PA0180000_NIBRS,
6576799,16232,6,2014,U,,,N,F,,C,2014_06_PA0180000_NIBRS,
6599249,16232,7,2014,U,,,N,F,,C,2014_07_PA0180000_NIBRS,
6621699,16232,8,2014,U,,,N,F,,C,2014_08_PA0180000_NIBRS,
6644149,16232,9,2014,U,,,N,F,,C,2014_09_PA0180000_NIBRS,
6666599,16232,10,2014,U,,,N,F,,C,2014_10_PA0180000_NIBRS,
6689049,16232,11,2014,U,,,N,F,,C,2014_11_PA0180000_NIBRS,
6711499,16232,12,2014,U,,,N,F,,C,2014_12_PA0180000_NIBRS,
6464599,16282,1,2014,U,,,N,F,,C,2014_01_PA0200100_NIBRS,
6487049,16282,2,2014,U,,,N,F,,C,2014_02_PA0200100_NIBRS,
6509499,16282,3,2014,U,,,N,F,,C,2014_03_PA0200100_NIBRS,
6531949,16282,4,2014,U,,,N,F,,C,2014_04_PA0200100_NIBRS,
6554399,16282,5,2014,U,,,N,F,,C,2014_05_PA0200100_NIBRS,
6576849,16282,6,2014,U,,,N,F,,C,2014_06_PA0200100_NIBRS,
6599299,16282,7,2014,U,,,N,F,,C,2014_07_PA0200100_NIBRS,
6621749,16282,8,2014,U,,,N,F,,C,2014_08_PA0200100_NIBRS,
6644199,16282,9,2014,U,,,N,F,,C,2014_09_PA0200100_NIBRS,
6666649,16282,10,2014,U,,,N,F,,C,2014_10_PA0200100_NIBRS,
6689099,16282,11,2014,U,,,N,F,,C,2014_11_PA0200100_NIBRS,
6711549,16282,12,2014,U,,,N,F,,C,2014_12_PA0200100_NIBRS,
6464600,16283,1,2014,U,,,N,F,,C,2014_01_PA0200200_NIBRS,
6487050,16283,2,2014,U,,,N,F,,C,2014_02_PA0200200_NIBRS,
6509500,16283,3,2014,U,,,N,F,,C,2014_03_PA0200200_NIBRS,
6531950,16283,4,2014,U,,,N,F,,C,2014_04_PA0200200_NIBRS,
6554400,16283,5,2014,U,,,N,F,,C,2014_05_PA0200200_NIBRS,
6576850,16283,6,2014,U,,,N,F,,C,2014_06_PA0200200_NIBRS,
6599300,16283,7,2014,U,,,N,F,,C,2014_07_PA0200200_NIBRS,
6621750,16283,8,2014,U,,,N,F,,C,2014_08_PA0200200_NIBRS,
6644200,16283,9,2014,U,,,N,F,,C,2014_09_PA0200200_NIBRS,
6666650,16283,10,2014,U,,,N,F,,C,2014_10_PA0200200_NIBRS,
6689100,16283,11,2014,U,,,N,F,,C,2014_11_PA0200200_NIBRS,
6711550,16283,12,2014,U,,,N,F,,C,2014_12_PA0200200_NIBRS,
6464601,16284,1,2014,U,,,N,F,,C,2014_01_PA0200300_NIBRS,
6487051,16284,2,2014,U,,,N,F,,C,2014_02_PA0200300_NIBRS,
6509501,16284,3,2014,U,,,N,F,,C,2014_03_PA0200300_NIBRS,
6531951,16284,4,2014,U,,,N,F,,C,2014_04_PA0200300_NIBRS,
6554401,16284,5,2014,U,,,N,F,,C,2014_05_PA0200300_NIBRS,
6576851,16284,6,2014,U,,,N,F,,C,2014_06_PA0200300_NIBRS,
6599301,16284,7,2014,U,,,N,F,,C,2014_07_PA0200300_NIBRS,
6621751,16284,8,2014,U,,,N,F,,C,2014_08_PA0200300_NIBRS,
6644201,16284,9,2014,U,,,N,F,,C,2014_09_PA0200300_NIBRS,
6666651,16284,10,2014,U,,,N,F,,C,2014_10_PA0200300_NIBRS,
6689101,16284,11,2014,U,,,N,F,,C,2014_11_PA0200300_NIBRS,
6711551,16284,12,2014,U,,,N,F,,C,2014_12_PA0200300_NIBRS,
6464602,16285,1,2014,U,,,N,F,,C,2014_01_PA0200500_NIBRS,
6487052,16285,2,2014,U,,,N,F,,C,2014_02_PA0200500_NIBRS,
6509502,16285,3,2014,U,,,N,F,,C,2014_03_PA0200500_NIBRS,
6531952,16285,4,2014,U,,,N,F,,C,2014_04_PA0200500_NIBRS,
6554402,16285,5,2014,U,,,N,F,,C,2014_05_PA0200500_NIBRS,
6576852,16285,6,2014,U,,,N,F,,C,2014_06_PA0200500_NIBRS,
6599302,16285,7,2014,U,,,N,F,,C,2014_07_PA0200500_NIBRS,
6621752,16285,8,2014,U,,,N,F,,C,2014_08_PA0200500_NIBRS,
6644202,16285,9,2014,U,,,N,F,,C,2014_09_PA0200500_NIBRS,
6666652,16285,10,2014,U,,,N,F,,C,2014_10_PA0200500_NIBRS,
6689102,16285,11,2014,U,,,N,F,,C,2014_11_PA0200500_NIBRS,
6711552,16285,12,2014,U,,,N,F,,C,2014_12_PA0200500_NIBRS,
6464603,16286,1,2014,U,,,N,F,,C,2014_01_PA0200700_NIBRS,
6487053,16286,2,2014,U,,,N,F,,C,2014_02_PA0200700_NIBRS,
6509503,16286,3,2014,U,,,N,F,,C,2014_03_PA0200700_NIBRS,
6531953,16286,4,2014,U,,,N,F,,C,2014_04_PA0200700_NIBRS,
6554403,16286,5,2014,U,,,N,F,,C,2014_05_PA0200700_NIBRS,
6576853,16286,6,2014,U,,,N,F,,C,2014_06_PA0200700_NIBRS,
6599303,16286,7,2014,U,,,N,F,,C,2014_07_PA0200700_NIBRS,
6621753,16286,8,2014,U,,,N,F,,C,2014_08_PA0200700_NIBRS,
6644203,16286,9,2014,U,,,N,F,,C,2014_09_PA0200700_NIBRS,
6666653,16286,10,2014,U,,,N,F,,C,2014_10_PA0200700_NIBRS,
6689103,16286,11,2014,U,,,N,F,,C,2014_11_PA0200700_NIBRS,
6711553,16286,12,2014,U,,,N,F,,C,2014_12_PA0200700_NIBRS,
6464604,16287,1,2014,U,,,N,F,,C,2014_01_PA0200800_NIBRS,
6487054,16287,2,2014,U,,,N,F,,C,2014_02_PA0200800_NIBRS,
6509504,16287,3,2014,U,,,N,F,,C,2014_03_PA0200800_NIBRS,
6531954,16287,4,2014,U,,,N,F,,C,2014_04_PA0200800_NIBRS,
6554404,16287,5,2014,U,,,N,F,,C,2014_05_PA0200800_NIBRS,
6576854,16287,6,2014,U,,,N,F,,C,2014_06_PA0200800_NIBRS,
6599304,16287,7,2014,U,,,N,F,,C,2014_07_PA0200800_NIBRS,
6621754,16287,8,2014,U,,,N,F,,C,2014_08_PA0200800_NIBRS,
6644204,16287,9,2014,U,,,N,F,,C,2014_09_PA0200800_NIBRS,
6666654,16287,10,2014,U,,,N,F,,C,2014_10_PA0200800_NIBRS,
6689104,16287,11,2014,U,,,N,F,,C,2014_11_PA0200800_NIBRS,
6711554,16287,12,2014,U,,,N,F,,C,2014_12_PA0200800_NIBRS,
6464605,16288,1,2014,U,,,N,F,,C,2014_01_PA0200900_NIBRS,
6487055,16288,2,2014,U,,,N,F,,C,2014_02_PA0200900_NIBRS,
6509505,16288,3,2014,U,,,N,F,,C,2014_03_PA0200900_NIBRS,
6531955,16288,4,2014,U,,,N,F,,C,2014_04_PA0200900_NIBRS,
6554405,16288,5,2014,U,,,N,F,,C,2014_05_PA0200900_NIBRS,
6576855,16288,6,2014,U,,,N,F,,C,2014_06_PA0200900_NIBRS,
6599305,16288,7,2014,U,,,N,F,,C,2014_07_PA0200900_NIBRS,
6621755,16288,8,2014,U,,,N,F,,C,2014_08_PA0200900_NIBRS,
6644205,16288,9,2014,U,,,N,F,,C,2014_09_PA0200900_NIBRS,
6666655,16288,10,2014,U,,,N,F,,C,2014_10_PA0200900_NIBRS,
6689105,16288,11,2014,U,,,N,F,,C,2014_11_PA0200900_NIBRS,
6711555,16288,12,2014,U,,,N,F,,C,2014_12_PA0200900_NIBRS,
6464606,16289,1,2014,U,,,N,F,,C,2014_01_PA0201000_NIBRS,
6487056,16289,2,2014,U,,,N,F,,C,2014_02_PA0201000_NIBRS,
6509506,16289,3,2014,U,,,N,F,,C,2014_03_PA0201000_NIBRS,
6531956,16289,4,2014,U,,,N,F,,C,2014_04_PA0201000_NIBRS,
6554406,16289,5,2014,U,,,N,F,,C,2014_05_PA0201000_NIBRS,
6576856,16289,6,2014,U,,,N,F,,C,2014_06_PA0201000_NIBRS,
6599306,16289,7,2014,U,,,N,F,,C,2014_07_PA0201000_NIBRS,
6621756,16289,8,2014,U,,,N,F,,C,2014_08_PA0201000_NIBRS,
6644206,16289,9,2014,U,,,N,F,,C,2014_09_PA0201000_NIBRS,
6666656,16289,10,2014,U,,,N,F,,C,2014_10_PA0201000_NIBRS,
6689106,16289,11,2014,U,,,N,F,,C,2014_11_PA0201000_NIBRS,
6711556,16289,12,2014,U,,,N,F,,C,2014_12_PA0201000_NIBRS,
6464607,16290,1,2014,U,,,N,F,,C,2014_01_PA0201100_NIBRS,
6487057,16290,2,2014,U,,,N,F,,C,2014_02_PA0201100_NIBRS,
6509507,16290,3,2014,U,,,N,F,,C,2014_03_PA0201100_NIBRS,
6531957,16290,4,2014,U,,,N,F,,C,2014_04_PA0201100_NIBRS,
6554407,16290,5,2014,U,,,N,F,,C,2014_05_PA0201100_NIBRS,
6576857,16290,6,2014,U,,,N,F,,C,2014_06_PA0201100_NIBRS,
6599307,16290,7,2014,U,,,N,F,,C,2014_07_PA0201100_NIBRS,
6621757,16290,8,2014,U,,,N,F,,C,2014_08_PA0201100_NIBRS,
6644207,16290,9,2014,U,,,N,F,,C,2014_09_PA0201100_NIBRS,
6666657,16290,10,2014,U,,,N,F,,C,2014_10_PA0201100_NIBRS,
6689107,16290,11,2014,U,,,N,F,,C,2014_11_PA0201100_NIBRS,
6711557,16290,12,2014,U,,,N,F,,C,2014_12_PA0201100_NIBRS,
6464608,16291,1,2014,U,,,N,F,,C,2014_01_PA0201400_NIBRS,
6487058,16291,2,2014,U,,,N,F,,C,2014_02_PA0201400_NIBRS,
6509508,16291,3,2014,U,,,N,F,,C,2014_03_PA0201400_NIBRS,
6531958,16291,4,2014,U,,,N,F,,C,2014_04_PA0201400_NIBRS,
6554408,16291,5,2014,U,,,N,F,,C,2014_05_PA0201400_NIBRS,
6576858,16291,6,2014,U,,,N,F,,C,2014_06_PA0201400_NIBRS,
6599308,16291,7,2014,U,,,N,F,,C,2014_07_PA0201400_NIBRS,
6621758,16291,8,2014,U,,,N,F,,C,2014_08_PA0201400_NIBRS,
6644208,16291,9,2014,U,,,N,F,,C,2014_09_PA0201400_NIBRS,
6666658,16291,10,2014,U,,,N,F,,C,2014_10_PA0201400_NIBRS,
6689108,16291,11,2014,U,,,N,F,,C,2014_11_PA0201400_NIBRS,
6711558,16291,12,2014,U,,,N,F,,C,2014_12_PA0201400_NIBRS,
6464609,16292,1,2014,U,,,N,F,,C,2014_01_PA0201700_NIBRS,
6487059,16292,2,2014,U,,,N,F,,C,2014_02_PA0201700_NIBRS,
6509509,16292,3,2014,U,,,N,F,,C,2014_03_PA0201700_NIBRS,
6531959,16292,4,2014,U,,,N,F,,C,2014_04_PA0201700_NIBRS,
6554409,16292,5,2014,U,,,N,F,,C,2014_05_PA0201700_NIBRS,
6576859,16292,6,2014,U,,,N,F,,C,2014_06_PA0201700_NIBRS,
6599309,16292,7,2014,U,,,N,F,,C,2014_07_PA0201700_NIBRS,
6621759,16292,8,2014,U,,,N,F,,C,2014_08_PA0201700_NIBRS,
6644209,16292,9,2014,U,,,N,F,,C,2014_09_PA0201700_NIBRS,
6666659,16292,10,2014,U,,,N,F,,C,2014_10_PA0201700_NIBRS,
6689109,16292,11,2014,U,,,N,F,,C,2014_11_PA0201700_NIBRS,
6711559,16292,12,2014,U,,,N,F,,C,2014_12_PA0201700_NIBRS,
6464610,16293,1,2014,U,,,N,F,,C,2014_01_PA0201800_NIBRS,
6487060,16293,2,2014,U,,,N,F,,C,2014_02_PA0201800_NIBRS,
6509510,16293,3,2014,U,,,N,F,,C,2014_03_PA0201800_NIBRS,
6531960,16293,4,2014,U,,,N,F,,C,2014_04_PA0201800_NIBRS,
6554410,16293,5,2014,U,,,N,F,,C,2014_05_PA0201800_NIBRS,
6576860,16293,6,2014,U,,,N,F,,C,2014_06_PA0201800_NIBRS,
6599310,16293,7,2014,U,,,N,F,,C,2014_07_PA0201800_NIBRS,
6621760,16293,8,2014,U,,,N,F,,C,2014_08_PA0201800_NIBRS,
6644210,16293,9,2014,U,,,N,F,,C,2014_09_PA0201800_NIBRS,
6666660,16293,10,2014,U,,,N,F,,C,2014_10_PA0201800_NIBRS,
6689110,16293,11,2014,U,,,N,F,,C,2014_11_PA0201800_NIBRS,
6711560,16293,12,2014,U,,,N,F,,C,2014_12_PA0201800_NIBRS,
6464611,16294,1,2014,U,,,N,F,,C,2014_01_PA0201900_NIBRS,
6487061,16294,2,2014,U,,,N,F,,C,2014_02_PA0201900_NIBRS,
6509511,16294,3,2014,U,,,N,F,,C,2014_03_PA0201900_NIBRS,
6531961,16294,4,2014,U,,,N,F,,C,2014_04_PA0201900_NIBRS,
6554411,16294,5,2014,U,,,N,F,,C,2014_05_PA0201900_NIBRS,
6576861,16294,6,2014,U,,,N,F,,C,2014_06_PA0201900_NIBRS,
6599311,16294,7,2014,U,,,N,F,,C,2014_07_PA0201900_NIBRS,
6621761,16294,8,2014,U,,,N,F,,C,2014_08_PA0201900_NIBRS,
6644211,16294,9,2014,U,,,N,F,,C,2014_09_PA0201900_NIBRS,
6666661,16294,10,2014,U,,,N,F,,C,2014_10_PA0201900_NIBRS,
6689111,16294,11,2014,U,,,N,F,,C,2014_11_PA0201900_NIBRS,
6711561,16294,12,2014,U,,,N,F,,C,2014_12_PA0201900_NIBRS,
6464612,16295,1,2014,U,,,N,F,,C,2014_01_PA020BF00_NIBRS,
6487062,16295,2,2014,U,,,N,F,,C,2014_02_PA020BF00_NIBRS,
6509512,16295,3,2014,U,,,N,F,,C,2014_03_PA020BF00_NIBRS,
6531962,16295,4,2014,U,,,N,F,,C,2014_04_PA020BF00_NIBRS,
6554412,16295,5,2014,U,,,N,F,,C,2014_05_PA020BF00_NIBRS,
6576862,16295,6,2014,U,,,N,F,,C,2014_06_PA020BF00_NIBRS,
6599312,16295,7,2014,U,,,N,F,,C,2014_07_PA020BF00_NIBRS,
6621762,16295,8,2014,U,,,N,F,,C,2014_08_PA020BF00_NIBRS,
6644212,16295,9,2014,U,,,N,F,,C,2014_09_PA020BF00_NIBRS,
6666662,16295,10,2014,U,,,N,F,,C,2014_10_PA020BF00_NIBRS,
6689112,16295,11,2014,U,,,N,F,,C,2014_11_PA020BF00_NIBRS,
6711562,16295,12,2014,U,,,N,F,,C,2014_12_PA020BF00_NIBRS,
6464613,16296,1,2014,U,,,N,F,,C,2014_01_PA020DE00_NIBRS,
6487063,16296,2,2014,U,,,N,F,,C,2014_02_PA020DE00_NIBRS,
6509513,16296,3,2014,U,,,N,F,,C,2014_03_PA020DE00_NIBRS,
6531963,16296,4,2014,U,,,N,F,,C,2014_04_PA020DE00_NIBRS,
6554413,16296,5,2014,U,,,N,F,,C,2014_05_PA020DE00_NIBRS,
6576863,16296,6,2014,U,,,N,F,,C,2014_06_PA020DE00_NIBRS,
6599313,16296,7,2014,U,,,N,F,,C,2014_07_PA020DE00_NIBRS,
6621763,16296,8,2014,U,,,N,F,,C,2014_08_PA020DE00_NIBRS,
6644213,16296,9,2014,U,,,N,F,,C,2014_09_PA020DE00_NIBRS,
6666663,16296,10,2014,U,,,N,F,,C,2014_10_PA020DE00_NIBRS,
6689113,16296,11,2014,U,,,N,F,,C,2014_11_PA020DE00_NIBRS,
6711563,16296,12,2014,U,,,N,F,,C,2014_12_PA020DE00_NIBRS,
6464614,16297,1,2014,U,,,N,F,,C,2014_01_PA020SP00_NIBRS,
6487064,16297,2,2014,U,,,N,F,,C,2014_02_PA020SP00_NIBRS,
6509514,16297,3,2014,U,,,N,F,,C,2014_03_PA020SP00_NIBRS,
6531964,16297,4,2014,U,,,N,F,,C,2014_04_PA020SP00_NIBRS,
6554414,16297,5,2014,U,,,N,F,,C,2014_05_PA020SP00_NIBRS,
6576864,16297,6,2014,U,,,N,F,,C,2014_06_PA020SP00_NIBRS,
6599314,16297,7,2014,U,,,N,F,,C,2014_07_PA020SP00_NIBRS,
6621764,16297,8,2014,U,,,N,F,,C,2014_08_PA020SP00_NIBRS,
6644214,16297,9,2014,U,,,N,F,,C,2014_09_PA020SP00_NIBRS,
6666664,16297,10,2014,U,,,N,F,,C,2014_10_PA020SP00_NIBRS,
6689114,16297,11,2014,U,,,N,F,,C,2014_11_PA020SP00_NIBRS,
6711564,16297,12,2014,U,,,N,F,,C,2014_12_PA020SP00_NIBRS,
6464615,16298,1,2014,U,,,N,F,,C,2014_01_PA0210000_NIBRS,
6487065,16298,2,2014,U,,,N,F,,C,2014_02_PA0210000_NIBRS,
6509515,16298,3,2014,U,,,N,F,,C,2014_03_PA0210000_NIBRS,
6531965,16298,4,2014,U,,,N,F,,C,2014_04_PA0210000_NIBRS,
6554415,16298,5,2014,U,,,N,F,,C,2014_05_PA0210000_NIBRS,
6576865,16298,6,2014,U,,,N,F,,C,2014_06_PA0210000_NIBRS,
6599315,16298,7,2014,U,,,N,F,,C,2014_07_PA0210000_NIBRS,
6621765,16298,8,2014,U,,,N,F,,C,2014_08_PA0210000_NIBRS,
6644215,16298,9,2014,U,,,N,F,,C,2014_09_PA0210000_NIBRS,
6666665,16298,10,2014,U,,,N,F,,C,2014_10_PA0210000_NIBRS,
6689115,16298,11,2014,U,,,N,F,,C,2014_11_PA0210000_NIBRS,
6711565,16298,12,2014,U,,,N,F,,C,2014_12_PA0210000_NIBRS,
6464616,16299,1,2014,U,,,N,F,,C,2014_01_PA0210100_NIBRS,
6487066,16299,2,2014,U,,,N,F,,C,2014_02_PA0210100_NIBRS,
6509516,16299,3,2014,U,,,N,F,,C,2014_03_PA0210100_NIBRS,
6531966,16299,4,2014,U,,,N,F,,C,2014_04_PA0210100_NIBRS,
6554416,16299,5,2014,U,,,N,F,,C,2014_05_PA0210100_NIBRS,
6576866,16299,6,2014,U,,,N,F,,C,2014_06_PA0210100_NIBRS,
6599316,16299,7,2014,U,,,N,F,,C,2014_07_PA0210100_NIBRS,
6621766,16299,8,2014,U,,,N,F,,C,2014_08_PA0210100_NIBRS,
6644216,16299,9,2014,U,,,N,F,,C,2014_09_PA0210100_NIBRS,
6666666,16299,10,2014,U,,,N,F,,C,2014_10_PA0210100_NIBRS,
6689116,16299,11,2014,U,,,N,F,,C,2014_11_PA0210100_NIBRS,
6711566,16299,12,2014,U,,,N,F,,C,2014_12_PA0210100_NIBRS,
6464617,16300,1,2014,U,,,N,F,,C,2014_01_PA0210200_NIBRS,
6487067,16300,2,2014,U,,,N,F,,C,2014_02_PA0210200_NIBRS,
6509517,16300,3,2014,U,,,N,F,,C,2014_03_PA0210200_NIBRS,
6531967,16300,4,2014,U,,,N,F,,C,2014_04_PA0210200_NIBRS,
6554417,16300,5,2014,U,,,N,F,,C,2014_05_PA0210200_NIBRS,
6576867,16300,6,2014,U,,,N,F,,C,2014_06_PA0210200_NIBRS,
6599317,16300,7,2014,U,,,N,F,,C,2014_07_PA0210200_NIBRS,
6621767,16300,8,2014,I,,,N,F,,C,2014_08_PA0210200_NIBRS,
6644217,16300,9,2014,I,,,N,F,,C,2014_09_PA0210200_NIBRS,
6666667,16300,10,2014,I,,,N,F,,C,2014_10_PA0210200_NIBRS,
6689117,16300,11,2014,I,,,N,F,,C,2014_11_PA0210200_NIBRS,
6711567,16300,12,2014,I,,,N,F,,C,2014_12_PA0210200_NIBRS,
6464626,16309,1,2014,U,,,N,F,,C,2014_01_PA0211100_NIBRS,
6487076,16309,2,2014,U,,,N,F,,C,2014_02_PA0211100_NIBRS,
6509526,16309,3,2014,U,,,N,F,,C,2014_03_PA0211100_NIBRS,
6531976,16309,4,2014,U,,,N,F,,C,2014_04_PA0211100_NIBRS,
6554426,16309,5,2014,U,,,N,F,,C,2014_05_PA0211100_NIBRS,
6576876,16309,6,2014,U,,,N,F,,C,2014_06_PA0211100_NIBRS,
6599326,16309,7,2014,U,,,N,F,,C,2014_07_PA0211100_NIBRS,
6621776,16309,8,2014,U,,,N,F,,C,2014_08_PA0211100_NIBRS,
6644226,16309,9,2014,U,,,N,F,,C,2014_09_PA0211100_NIBRS,
6666676,16309,10,2014,U,,,N,F,,C,2014_10_PA0211100_NIBRS,
6689126,16309,11,2014,U,,,N,F,,C,2014_11_PA0211100_NIBRS,
6711576,16309,12,2014,U,,,N,F,,C,2014_12_PA0211100_NIBRS,
6464627,16310,1,2014,U,,,N,F,,C,2014_01_PA0211200_NIBRS,
6487077,16310,2,2014,U,,,N,F,,C,2014_02_PA0211200_NIBRS,
6509527,16310,3,2014,U,,,N,F,,C,2014_03_PA0211200_NIBRS,
6531977,16310,4,2014,U,,,N,F,,C,2014_04_PA0211200_NIBRS,
6554427,16310,5,2014,U,,,N,F,,C,2014_05_PA0211200_NIBRS,
6576877,16310,6,2014,U,,,N,F,,C,2014_06_PA0211200_NIBRS,
6599327,16310,7,2014,U,,,N,F,,C,2014_07_PA0211200_NIBRS,
6621777,16310,8,2014,U,,,N,F,,C,2014_08_PA0211200_NIBRS,
6644227,16310,9,2014,U,,,N,F,,C,2014_09_PA0211200_NIBRS,
6666677,16310,10,2014,U,,,N,F,,C,2014_10_PA0211200_NIBRS,
6689127,16310,11,2014,U,,,N,F,,C,2014_11_PA0211200_NIBRS,
6711577,16310,12,2014,U,,,N,F,,C,2014_12_PA0211200_NIBRS,
6464628,16311,1,2014,U,,,N,F,,C,2014_01_PA0211300_NIBRS,
6487078,16311,2,2014,U,,,N,F,,C,2014_02_PA0211300_NIBRS,
6509528,16311,3,2014,U,,,N,F,,C,2014_03_PA0211300_NIBRS,
6531978,16311,4,2014,U,,,N,F,,C,2014_04_PA0211300_NIBRS,
6554428,16311,5,2014,U,,,N,F,,C,2014_05_PA0211300_NIBRS,
6576878,16311,6,2014,U,,,N,F,,C,2014_06_PA0211300_NIBRS,
6599328,16311,7,2014,U,,,N,F,,C,2014_07_PA0211300_NIBRS,
6621778,16311,8,2014,U,,,N,F,,C,2014_08_PA0211300_NIBRS,
6644228,16311,9,2014,U,,,N,F,,C,2014_09_PA0211300_NIBRS,
6666678,16311,10,2014,U,,,N,F,,C,2014_10_PA0211300_NIBRS,
6689128,16311,11,2014,U,,,N,F,,C,2014_11_PA0211300_NIBRS,
6711578,16311,12,2014,U,,,N,F,,C,2014_12_PA0211300_NIBRS,
6464629,16312,1,2014,U,,,N,F,,C,2014_01_PA0211400_NIBRS,
6487079,16312,2,2014,U,,,N,F,,C,2014_02_PA0211400_NIBRS,
6509529,16312,3,2014,U,,,N,F,,C,2014_03_PA0211400_NIBRS,
6531979,16312,4,2014,U,,,N,F,,C,2014_04_PA0211400_NIBRS,
6554429,16312,5,2014,U,,,N,F,,C,2014_05_PA0211400_NIBRS,
6576879,16312,6,2014,U,,,N,F,,C,2014_06_PA0211400_NIBRS,
6599329,16312,7,2014,U,,,N,F,,C,2014_07_PA0211400_NIBRS,
6621779,16312,8,2014,U,,,N,F,,C,2014_08_PA0211400_NIBRS,
6644229,16312,9,2014,U,,,N,F,,C,2014_09_PA0211400_NIBRS,
6666679,16312,10,2014,U,,,N,F,,C,2014_10_PA0211400_NIBRS,
6689129,16312,11,2014,U,,,N,F,,C,2014_11_PA0211400_NIBRS,
6711579,16312,12,2014,U,,,N,F,,C,2014_12_PA0211400_NIBRS,
6464630,16313,1,2014,U,,,N,F,,C,2014_01_PA0211500_NIBRS,
6487080,16313,2,2014,U,,,N,F,,C,2014_02_PA0211500_NIBRS,
6509530,16313,3,2014,U,,,N,F,,C,2014_03_PA0211500_NIBRS,
6531980,16313,4,2014,U,,,N,F,,C,2014_04_PA0211500_NIBRS,
6554430,16313,5,2014,U,,,N,F,,C,2014_05_PA0211500_NIBRS,
6576880,16313,6,2014,U,,,N,F,,C,2014_06_PA0211500_NIBRS,
6599330,16313,7,2014,U,,,N,F,,C,2014_07_PA0211500_NIBRS,
6621780,16313,8,2014,U,,,N,F,,C,2014_08_PA0211500_NIBRS,
6644230,16313,9,2014,U,,,N,F,,C,2014_09_PA0211500_NIBRS,
6666680,16313,10,2014,U,,,N,F,,C,2014_10_PA0211500_NIBRS,
6689130,16313,11,2014,U,,,N,F,,C,2014_11_PA0211500_NIBRS,
6711580,16313,12,2014,U,,,N,F,,C,2014_12_PA0211500_NIBRS,
6464631,16314,1,2014,U,,,N,F,,C,2014_01_PA0211600_NIBRS,
6487081,16314,2,2014,U,,,N,F,,C,2014_02_PA0211600_NIBRS,
6509531,16314,3,2014,U,,,N,F,,C,2014_03_PA0211600_NIBRS,
6531981,16314,4,2014,U,,,N,F,,C,2014_04_PA0211600_NIBRS,
6554431,16314,5,2014,U,,,N,F,,C,2014_05_PA0211600_NIBRS,
6576881,16314,6,2014,U,,,N,F,,C,2014_06_PA0211600_NIBRS,
6599331,16314,7,2014,U,,,N,F,,C,2014_07_PA0211600_NIBRS,
6621781,16314,8,2014,U,,,N,F,,C,2014_08_PA0211600_NIBRS,
6644231,16314,9,2014,U,,,N,F,,C,2014_09_PA0211600_NIBRS,
6666681,16314,10,2014,U,,,N,F,,C,2014_10_PA0211600_NIBRS,
6689131,16314,11,2014,U,,,N,F,,C,2014_11_PA0211600_NIBRS,
6711581,16314,12,2014,U,,,N,F,,C,2014_12_PA0211600_NIBRS,
6464632,16315,1,2014,I,,,N,F,,C,2014_01_PA0211700_NIBRS,
6487082,16315,2,2014,I,,,N,F,,C,2014_02_PA0211700_NIBRS,
6509532,16315,3,2014,I,,,N,F,,C,2014_03_PA0211700_NIBRS,
6531982,16315,4,2014,I,,,N,F,,C,2014_04_PA0211700_NIBRS,
6554432,16315,5,2014,I,,,N,F,,C,2014_05_PA0211700_NIBRS,
6576882,16315,6,2014,I,,,N,F,,C,2014_06_PA0211700_NIBRS,
6599332,16315,7,2014,I,,,N,F,,C,2014_07_PA0211700_NIBRS,
6621782,16315,8,2014,I,,,N,F,,C,2014_08_PA0211700_NIBRS,
6644232,16315,9,2014,I,,,N,F,,C,2014_09_PA0211700_NIBRS,
6666682,16315,10,2014,I,,,N,F,,C,2014_10_PA0211700_NIBRS,
6689132,16315,11,2014,I,,,N,F,,C,2014_11_PA0211700_NIBRS,
6711582,16315,12,2014,I,,,N,F,,C,2014_12_PA0211700_NIBRS,
6464633,16316,1,2014,I,,,N,F,,C,2014_01_PA0211800_NIBRS,
6487083,16316,2,2014,I,,,N,F,,C,2014_02_PA0211800_NIBRS,
6509533,16316,3,2014,I,,,N,F,,C,2014_03_PA0211800_NIBRS,
6531983,16316,4,2014,I,,,N,F,,C,2014_04_PA0211800_NIBRS,
6554433,16316,5,2014,I,,,N,F,,C,2014_05_PA0211800_NIBRS,
6576883,16316,6,2014,I,,,N,F,,C,2014_06_PA0211800_NIBRS,
6599333,16316,7,2014,I,,,N,F,,C,2014_07_PA0211800_NIBRS,
6621783,16316,8,2014,I,,,N,F,,C,2014_08_PA0211800_NIBRS,
6644233,16316,9,2014,I,,,N,F,,C,2014_09_PA0211800_NIBRS,
6666683,16316,10,2014,I,,,N,F,,C,2014_10_PA0211800_NIBRS,
6689133,16316,11,2014,I,,,N,F,,C,2014_11_PA0211800_NIBRS,
6711583,16316,12,2014,I,,,N,F,,C,2014_12_PA0211800_NIBRS,
6464634,16317,1,2014,I,,,N,F,,C,2014_01_PA0211900_NIBRS,
6487084,16317,2,2014,I,,,N,F,,C,2014_02_PA0211900_NIBRS,
6509534,16317,3,2014,I,,,N,F,,C,2014_03_PA0211900_NIBRS,
6531984,16317,4,2014,I,,,N,F,,C,2014_04_PA0211900_NIBRS,
6554434,16317,5,2014,I,,,N,F,,C,2014_05_PA0211900_NIBRS,
6576884,16317,6,2014,I,,,N,F,,C,2014_06_PA0211900_NIBRS,
6599334,16317,7,2014,I,,,N,F,,C,2014_07_PA0211900_NIBRS,
6621784,16317,8,2014,I,,,N,F,,C,2014_08_PA0211900_NIBRS,
6644234,16317,9,2014,I,,,N,F,,C,2014_09_PA0211900_NIBRS,
6666684,16317,10,2014,Z,,,N,F,,C,2014_10_PA0211900_NIBRS,
6689134,16317,11,2014,Z,,,N,F,,C,2014_11_PA0211900_NIBRS,
6711584,16317,12,2014,Z,,,N,F,,C,2014_12_PA0211900_NIBRS,
6464635,16318,1,2014,U,,,N,F,,C,2014_01_PA0212100_NIBRS,
6487085,16318,2,2014,U,,,N,F,,C,2014_02_PA0212100_NIBRS,
6509535,16318,3,2014,U,,,N,F,,C,2014_03_PA0212100_NIBRS,
6531985,16318,4,2014,U,,,N,F,,C,2014_04_PA0212100_NIBRS,
6554435,16318,5,2014,U,,,N,F,,C,2014_05_PA0212100_NIBRS,
6576885,16318,6,2014,U,,,N,F,,C,2014_06_PA0212100_NIBRS,
6599335,16318,7,2014,U,,,N,F,,C,2014_07_PA0212100_NIBRS,
6621785,16318,8,2014,U,,,N,F,,C,2014_08_PA0212100_NIBRS,
6644235,16318,9,2014,U,,,N,F,,C,2014_09_PA0212100_NIBRS,
6666685,16318,10,2014,U,,,N,F,,C,2014_10_PA0212100_NIBRS,
6689135,16318,11,2014,U,,,N,F,,C,2014_11_PA0212100_NIBRS,
6711585,16318,12,2014,U,,,N,F,,C,2014_12_PA0212100_NIBRS,
6470510,23306,1,2014,U,,,N,F,,C,2014_01_PA0212300_NIBRS,
6492960,23306,2,2014,U,,,N,F,,C,2014_02_PA0212300_NIBRS,
6515410,23306,3,2014,U,,,N,F,,C,2014_03_PA0212300_NIBRS,
6537860,23306,4,2014,U,,,N,F,,C,2014_04_PA0212300_NIBRS,
6560310,23306,5,2014,U,,,N,F,,C,2014_05_PA0212300_NIBRS,
6582760,23306,6,2014,U,,,N,F,,C,2014_06_PA0212300_NIBRS,
6605210,23306,7,2014,U,,,N,F,,C,2014_07_PA0212300_NIBRS,
6627660,23306,8,2014,U,,,N,F,,C,2014_08_PA0212300_NIBRS,
6650110,23306,9,2014,U,,,N,F,,C,2014_09_PA0212300_NIBRS,
6672560,23306,10,2014,U,,,N,F,,C,2014_10_PA0212300_NIBRS,
6695010,23306,11,2014,U,,,N,F,,C,2014_11_PA0212300_NIBRS,
6717460,23306,12,2014,U,,,N,F,,C,2014_12_PA0212300_NIBRS,
6464636,16319,1,2014,U,,,N,F,,C,2014_01_PA0212500_NIBRS,
6487086,16319,2,2014,U,,,N,F,,C,2014_02_PA0212500_NIBRS,
6509536,16319,3,2014,U,,,N,F,,C,2014_03_PA0212500_NIBRS,
6531986,16319,4,2014,U,,,N,F,,C,2014_04_PA0212500_NIBRS,
6554436,16319,5,2014,U,,,N,F,,C,2014_05_PA0212500_NIBRS,
6576886,16319,6,2014,U,,,N,F,,C,2014_06_PA0212500_NIBRS,
6599336,16319,7,2014,U,,,N,F,,C,2014_07_PA0212500_NIBRS,
6621786,16319,8,2014,U,,,N,F,,C,2014_08_PA0212500_NIBRS,
6644236,16319,9,2014,U,,,N,F,,C,2014_09_PA0212500_NIBRS,
6666686,16319,10,2014,U,,,N,F,,C,2014_10_PA0212500_NIBRS,
6689136,16319,11,2014,U,,,N,F,,C,2014_11_PA0212500_NIBRS,
6711586,16319,12,2014,U,,,N,F,,C,2014_12_PA0212500_NIBRS,
6464637,16320,1,2014,U,,,N,F,,C,2014_01_PA0212600_NIBRS,
6487087,16320,2,2014,U,,,N,F,,C,2014_02_PA0212600_NIBRS,
6509537,16320,3,2014,U,,,N,F,,C,2014_03_PA0212600_NIBRS,
6531987,16320,4,2014,U,,,N,F,,C,2014_04_PA0212600_NIBRS,
6554437,16320,5,2014,U,,,N,F,,C,2014_05_PA0212600_NIBRS,
6576887,16320,6,2014,U,,,N,F,,C,2014_06_PA0212600_NIBRS,
6599337,16320,7,2014,U,,,N,F,,C,2014_07_PA0212600_NIBRS,
6621787,16320,8,2014,U,,,N,F,,C,2014_08_PA0212600_NIBRS,
6644237,16320,9,2014,U,,,N,F,,C,2014_09_PA0212600_NIBRS,
6666687,16320,10,2014,U,,,N,F,,C,2014_10_PA0212600_NIBRS,
6689137,16320,11,2014,U,,,N,F,,C,2014_11_PA0212600_NIBRS,
6711587,16320,12,2014,U,,,N,F,,C,2014_12_PA0212600_NIBRS,
6464638,16321,1,2014,U,,,N,F,,C,2014_01_PA021BF00_NIBRS,
6487088,16321,2,2014,U,,,N,F,,C,2014_02_PA021BF00_NIBRS,
6509538,16321,3,2014,U,,,N,F,,C,2014_03_PA021BF00_NIBRS,
6531988,16321,4,2014,U,,,N,F,,C,2014_04_PA021BF00_NIBRS,
6554438,16321,5,2014,U,,,N,F,,C,2014_05_PA021BF00_NIBRS,
6576888,16321,6,2014,U,,,N,F,,C,2014_06_PA021BF00_NIBRS,
6599338,16321,7,2014,U,,,N,F,,C,2014_07_PA021BF00_NIBRS,
6621788,16321,8,2014,U,,,N,F,,C,2014_08_PA021BF00_NIBRS,
6644238,16321,9,2014,U,,,N,F,,C,2014_09_PA021BF00_NIBRS,
6666688,16321,10,2014,U,,,N,F,,C,2014_10_PA021BF00_NIBRS,
6689138,16321,11,2014,U,,,N,F,,C,2014_11_PA021BF00_NIBRS,
6711588,16321,12,2014,U,,,N,F,,C,2014_12_PA021BF00_NIBRS,
6464639,16322,1,2014,U,,,N,F,,C,2014_01_PA021DE00_NIBRS,
6487089,16322,2,2014,U,,,N,F,,C,2014_02_PA021DE00_NIBRS,
6509539,16322,3,2014,U,,,N,F,,C,2014_03_PA021DE00_NIBRS,
6531989,16322,4,2014,U,,,N,F,,C,2014_04_PA021DE00_NIBRS,
6554439,16322,5,2014,U,,,N,F,,C,2014_05_PA021DE00_NIBRS,
6576889,16322,6,2014,U,,,N,F,,C,2014_06_PA021DE00_NIBRS,
6599339,16322,7,2014,U,,,N,F,,C,2014_07_PA021DE00_NIBRS,
6621789,16322,8,2014,U,,,N,F,,C,2014_08_PA021DE00_NIBRS,
6644239,16322,9,2014,U,,,N,F,,C,2014_09_PA021DE00_NIBRS,
6666689,16322,10,2014,U,,,N,F,,C,2014_10_PA021DE00_NIBRS,
6689139,16322,11,2014,U,,,N,F,,C,2014_11_PA021DE00_NIBRS,
6711589,16322,12,2014,U,,,N,F,,C,2014_12_PA021DE00_NIBRS,
6464640,16323,1,2014,U,,,N,F,,C,2014_01_PA021SP00_NIBRS,
6487090,16323,2,2014,U,,,N,F,,C,2014_02_PA021SP00_NIBRS,
6509540,16323,3,2014,U,,,N,F,,C,2014_03_PA021SP00_NIBRS,
6531990,16323,4,2014,U,,,N,F,,C,2014_04_PA021SP00_NIBRS,
6554440,16323,5,2014,U,,,N,F,,C,2014_05_PA021SP00_NIBRS,
6576890,16323,6,2014,U,,,N,F,,C,2014_06_PA021SP00_NIBRS,
6599340,16323,7,2014,U,,,N,F,,C,2014_07_PA021SP00_NIBRS,
6621790,16323,8,2014,U,,,N,F,,C,2014_08_PA021SP00_NIBRS,
6644240,16323,9,2014,U,,,N,F,,C,2014_09_PA021SP00_NIBRS,
6666690,16323,10,2014,U,,,N,F,,C,2014_10_PA021SP00_NIBRS,
6689140,16323,11,2014,U,,,N,F,,C,2014_11_PA021SP00_NIBRS,
6711590,16323,12,2014,U,,,N,F,,C,2014_12_PA021SP00_NIBRS,
6464641,16324,1,2014,U,,,N,F,,C,2014_01_PA0220000_NIBRS,
6487091,16324,2,2014,U,,,N,F,,C,2014_02_PA0220000_NIBRS,
6509541,16324,3,2014,U,,,N,F,,C,2014_03_PA0220000_NIBRS,
6531991,16324,4,2014,U,,,N,F,,C,2014_04_PA0220000_NIBRS,
6554441,16324,5,2014,U,,,N,F,,C,2014_05_PA0220000_NIBRS,
6576891,16324,6,2014,U,,,N,F,,C,2014_06_PA0220000_NIBRS,
6599341,16324,7,2014,U,,,N,F,,C,2014_07_PA0220000_NIBRS,
6621791,16324,8,2014,U,,,N,F,,C,2014_08_PA0220000_NIBRS,
6644241,16324,9,2014,U,,,N,F,,C,2014_09_PA0220000_NIBRS,
6666691,16324,10,2014,U,,,N,F,,C,2014_10_PA0220000_NIBRS,
6689141,16324,11,2014,U,,,N,F,,C,2014_11_PA0220000_NIBRS,
6711591,16324,12,2014,U,,,N,F,,C,2014_12_PA0220000_NIBRS,
6464642,16325,1,2014,U,,,N,F,,C,2014_01_PA0220100_NIBRS,
6487092,16325,2,2014,U,,,N,F,,C,2014_02_PA0220100_NIBRS,
6509542,16325,3,2014,U,,,N,F,,C,2014_03_PA0220100_NIBRS,
6531992,16325,4,2014,U,,,N,F,,C,2014_04_PA0220100_NIBRS,
6554442,16325,5,2014,U,,,N,F,,C,2014_05_PA0220100_NIBRS,
6576892,16325,6,2014,U,,,N,F,,C,2014_06_PA0220100_NIBRS,
6599342,16325,7,2014,U,,,N,F,,C,2014_07_PA0220100_NIBRS,
6621792,16325,8,2014,U,,,N,F,,C,2014_08_PA0220100_NIBRS,
6644242,16325,9,2014,U,,,N,F,,C,2014_09_PA0220100_NIBRS,
6666692,16325,10,2014,U,,,N,F,,C,2014_10_PA0220100_NIBRS,
6689142,16325,11,2014,U,,,N,F,,C,2014_11_PA0220100_NIBRS,
6711592,16325,12,2014,U,,,N,F,,C,2014_12_PA0220100_NIBRS,
6464643,16326,1,2014,U,,,N,F,,C,2014_01_PA0220200_NIBRS,
6487093,16326,2,2014,U,,,N,F,,C,2014_02_PA0220200_NIBRS,
6509543,16326,3,2014,U,,,N,F,,C,2014_03_PA0220200_NIBRS,
6531993,16326,4,2014,U,,,N,F,,C,2014_04_PA0220200_NIBRS,
6554443,16326,5,2014,U,,,N,F,,C,2014_05_PA0220200_NIBRS,
6576893,16326,6,2014,U,,,N,F,,C,2014_06_PA0220200_NIBRS,
6599343,16326,7,2014,U,,,N,F,,C,2014_07_PA0220200_NIBRS,
6621793,16326,8,2014,U,,,N,F,,C,2014_08_PA0220200_NIBRS,
6644243,16326,9,2014,U,,,N,F,,C,2014_09_PA0220200_NIBRS,
6666693,16326,10,2014,U,,,N,F,,C,2014_10_PA0220200_NIBRS,
6689143,16326,11,2014,U,,,N,F,,C,2014_11_PA0220200_NIBRS,
6711593,16326,12,2014,U,,,N,F,,C,2014_12_PA0220200_NIBRS,
6464644,16327,1,2014,U,,,N,F,,C,2014_01_PA0220300_NIBRS,
6487094,16327,2,2014,U,,,N,F,,C,2014_02_PA0220300_NIBRS,
6509544,16327,3,2014,U,,,N,F,,C,2014_03_PA0220300_NIBRS,
6531994,16327,4,2014,U,,,N,F,,C,2014_04_PA0220300_NIBRS,
6554444,16327,5,2014,U,,,N,F,,C,2014_05_PA0220300_NIBRS,
6576894,16327,6,2014,U,,,N,F,,C,2014_06_PA0220300_NIBRS,
6599344,16327,7,2014,U,,,N,F,,C,2014_07_PA0220300_NIBRS,
6621794,16327,8,2014,U,,,N,F,,C,2014_08_PA0220300_NIBRS,
6644244,16327,9,2014,U,,,N,F,,C,2014_09_PA0220300_NIBRS,
6666694,16327,10,2014,U,,,N,F,,C,2014_10_PA0220300_NIBRS,
6689144,16327,11,2014,U,,,N,F,,C,2014_11_PA0220300_NIBRS,
6711594,16327,12,2014,U,,,N,F,,C,2014_12_PA0220300_NIBRS,
6464645,16328,1,2014,U,,,N,F,,C,2014_01_PA0220400_NIBRS,
6487095,16328,2,2014,U,,,N,F,,C,2014_02_PA0220400_NIBRS,
6509545,16328,3,2014,U,,,N,F,,C,2014_03_PA0220400_NIBRS,
6531995,16328,4,2014,U,,,N,F,,C,2014_04_PA0220400_NIBRS,
6554445,16328,5,2014,U,,,N,F,,C,2014_05_PA0220400_NIBRS,
6576895,16328,6,2014,U,,,N,F,,C,2014_06_PA0220400_NIBRS,
6599345,16328,7,2014,U,,,N,F,,C,2014_07_PA0220400_NIBRS,
6621795,16328,8,2014,U,,,N,F,,C,2014_08_PA0220400_NIBRS,
6644245,16328,9,2014,U,,,N,F,,C,2014_09_PA0220400_NIBRS,
6666695,16328,10,2014,U,,,N,F,,C,2014_10_PA0220400_NIBRS,
6689145,16328,11,2014,U,,,N,F,,C,2014_11_PA0220400_NIBRS,
6711595,16328,12,2014,U,,,N,F,,C,2014_12_PA0220400_NIBRS,
6464418,16101,1,2014,U,,,N,F,,C,2014_01_PA0115900_NIBRS,
6486868,16101,2,2014,U,,,N,F,,C,2014_02_PA0115900_NIBRS,
6509318,16101,3,2014,U,,,N,F,,C,2014_03_PA0115900_NIBRS,
6531768,16101,4,2014,U,,,N,F,,C,2014_04_PA0115900_NIBRS,
6554218,16101,5,2014,U,,,N,F,,C,2014_05_PA0115900_NIBRS,
6576668,16101,6,2014,U,,,N,F,,C,2014_06_PA0115900_NIBRS,
6599118,16101,7,2014,U,,,N,F,,C,2014_07_PA0115900_NIBRS,
6621568,16101,8,2014,U,,,N,F,,C,2014_08_PA0115900_NIBRS,
6644018,16101,9,2014,U,,,N,F,,C,2014_09_PA0115900_NIBRS,
6666468,16101,10,2014,U,,,N,F,,C,2014_10_PA0115900_NIBRS,
6688918,16101,11,2014,U,,,N,F,,C,2014_11_PA0115900_NIBRS,
6711368,16101,12,2014,U,,,N,F,,C,2014_12_PA0115900_NIBRS,
6464419,16102,1,2014,U,,,N,F,,C,2014_01_PA0116000_NIBRS,
6486869,16102,2,2014,U,,,N,F,,C,2014_02_PA0116000_NIBRS,
6509319,16102,3,2014,U,,,N,F,,C,2014_03_PA0116000_NIBRS,
6531769,16102,4,2014,U,,,N,F,,C,2014_04_PA0116000_NIBRS,
6554219,16102,5,2014,U,,,N,F,,C,2014_05_PA0116000_NIBRS,
6576669,16102,6,2014,U,,,N,F,,C,2014_06_PA0116000_NIBRS,
6599119,16102,7,2014,U,,,N,F,,C,2014_07_PA0116000_NIBRS,
6621569,16102,8,2014,U,,,N,F,,C,2014_08_PA0116000_NIBRS,
6644019,16102,9,2014,U,,,N,F,,C,2014_09_PA0116000_NIBRS,
6666469,16102,10,2014,U,,,N,F,,C,2014_10_PA0116000_NIBRS,
6688919,16102,11,2014,U,,,N,F,,C,2014_11_PA0116000_NIBRS,
6711369,16102,12,2014,U,,,N,F,,C,2014_12_PA0116000_NIBRS,
6464726,16409,1,2014,U,,,N,F,,C,2014_01_PA0240600_NIBRS,
6487176,16409,2,2014,U,,,N,F,,C,2014_02_PA0240600_NIBRS,
6509626,16409,3,2014,U,,,N,F,,C,2014_03_PA0240600_NIBRS,
6532076,16409,4,2014,U,,,N,F,,C,2014_04_PA0240600_NIBRS,
6554526,16409,5,2014,U,,,N,F,,C,2014_05_PA0240600_NIBRS,
6576976,16409,6,2014,U,,,N,F,,C,2014_06_PA0240600_NIBRS,
6599426,16409,7,2014,U,,,N,F,,C,2014_07_PA0240600_NIBRS,
6621876,16409,8,2014,U,,,N,F,,C,2014_08_PA0240600_NIBRS,
6644326,16409,9,2014,U,,,N,F,,C,2014_09_PA0240600_NIBRS,
6666776,16409,10,2014,U,,,N,F,,C,2014_10_PA0240600_NIBRS,
6689226,16409,11,2014,U,,,N,F,,C,2014_11_PA0240600_NIBRS,
6711676,16409,12,2014,U,,,N,F,,C,2014_12_PA0240600_NIBRS,
6465169,16852,1,2014,U,,,N,F,,C,2014_01_PA0462300_NIBRS,
6487619,16852,2,2014,U,,,N,F,,C,2014_02_PA0462300_NIBRS,
6510069,16852,3,2014,U,,,N,F,,C,2014_03_PA0462300_NIBRS,
6532519,16852,4,2014,U,,,N,F,,C,2014_04_PA0462300_NIBRS,
6554969,16852,5,2014,U,,,N,F,,C,2014_05_PA0462300_NIBRS,
6577419,16852,6,2014,U,,,N,F,,C,2014_06_PA0462300_NIBRS,
6599869,16852,7,2014,U,,,N,F,,C,2014_07_PA0462300_NIBRS,
6622319,16852,8,2014,U,,,N,F,,C,2014_08_PA0462300_NIBRS,
6644769,16852,9,2014,U,,,N,F,,C,2014_09_PA0462300_NIBRS,
6667219,16852,10,2014,U,,,N,F,,C,2014_10_PA0462300_NIBRS,
6689669,16852,11,2014,U,,,N,F,,C,2014_11_PA0462300_NIBRS,
6712119,16852,12,2014,U,,,N,F,,C,2014_12_PA0462300_NIBRS,
6465170,16853,1,2014,U,,,N,F,,C,2014_01_PA0462400_NIBRS,
6487620,16853,2,2014,U,,,N,F,,C,2014_02_PA0462400_NIBRS,
6510070,16853,3,2014,U,,,N,F,,C,2014_03_PA0462400_NIBRS,
6532520,16853,4,2014,U,,,N,F,,C,2014_04_PA0462400_NIBRS,
6554970,16853,5,2014,U,,,N,F,,C,2014_05_PA0462400_NIBRS,
6577420,16853,6,2014,U,,,N,F,,C,2014_06_PA0462400_NIBRS,
6599870,16853,7,2014,U,,,N,F,,C,2014_07_PA0462400_NIBRS,
6622320,16853,8,2014,U,,,N,F,,C,2014_08_PA0462400_NIBRS,
6644770,16853,9,2014,U,,,N,F,,C,2014_09_PA0462400_NIBRS,
6667220,16853,10,2014,U,,,N,F,,C,2014_10_PA0462400_NIBRS,
6689670,16853,11,2014,U,,,N,F,,C,2014_11_PA0462400_NIBRS,
6712120,16853,12,2014,U,,,N,F,,C,2014_12_PA0462400_NIBRS,
6465171,16854,1,2014,U,,,N,F,,C,2014_01_PA0462500_NIBRS,
6487621,16854,2,2014,U,,,N,F,,C,2014_02_PA0462500_NIBRS,
6510071,16854,3,2014,U,,,N,F,,C,2014_03_PA0462500_NIBRS,
6532521,16854,4,2014,U,,,N,F,,C,2014_04_PA0462500_NIBRS,
6554971,16854,5,2014,U,,,N,F,,C,2014_05_PA0462500_NIBRS,
6577421,16854,6,2014,U,,,N,F,,C,2014_06_PA0462500_NIBRS,
6599871,16854,7,2014,U,,,N,F,,C,2014_07_PA0462500_NIBRS,
6622321,16854,8,2014,U,,,N,F,,C,2014_08_PA0462500_NIBRS,
6644771,16854,9,2014,U,,,N,F,,C,2014_09_PA0462500_NIBRS,
6667221,16854,10,2014,U,,,N,F,,C,2014_10_PA0462500_NIBRS,
6689671,16854,11,2014,U,,,N,F,,C,2014_11_PA0462500_NIBRS,
6712121,16854,12,2014,U,,,N,F,,C,2014_12_PA0462500_NIBRS,
6465172,16855,1,2014,U,,,N,F,,C,2014_01_PA0462600_NIBRS,
6487622,16855,2,2014,U,,,N,F,,C,2014_02_PA0462600_NIBRS,
6510072,16855,3,2014,U,,,N,F,,C,2014_03_PA0462600_NIBRS,
6532522,16855,4,2014,U,,,N,F,,C,2014_04_PA0462600_NIBRS,
6554972,16855,5,2014,U,,,N,F,,C,2014_05_PA0462600_NIBRS,
6577422,16855,6,2014,U,,,N,F,,C,2014_06_PA0462600_NIBRS,
6599872,16855,7,2014,U,,,N,F,,C,2014_07_PA0462600_NIBRS,
6622322,16855,8,2014,U,,,N,F,,C,2014_08_PA0462600_NIBRS,
6644772,16855,9,2014,U,,,N,F,,C,2014_09_PA0462600_NIBRS,
6667222,16855,10,2014,U,,,N,F,,C,2014_10_PA0462600_NIBRS,
6689672,16855,11,2014,U,,,N,F,,C,2014_11_PA0462600_NIBRS,
6712122,16855,12,2014,U,,,N,F,,C,2014_12_PA0462600_NIBRS,
6465173,16856,1,2014,U,,,N,F,,C,2014_01_PA0462700_NIBRS,
6487623,16856,2,2014,U,,,N,F,,C,2014_02_PA0462700_NIBRS,
6510073,16856,3,2014,U,,,N,F,,C,2014_03_PA0462700_NIBRS,
6532523,16856,4,2014,U,,,N,F,,C,2014_04_PA0462700_NIBRS,
6554973,16856,5,2014,U,,,N,F,,C,2014_05_PA0462700_NIBRS,
6577423,16856,6,2014,U,,,N,F,,C,2014_06_PA0462700_NIBRS,
6599873,16856,7,2014,U,,,N,F,,C,2014_07_PA0462700_NIBRS,
6622323,16856,8,2014,U,,,N,F,,C,2014_08_PA0462700_NIBRS,
6644773,16856,9,2014,U,,,N,F,,C,2014_09_PA0462700_NIBRS,
6667223,16856,10,2014,U,,,N,F,,C,2014_10_PA0462700_NIBRS,
6689673,16856,11,2014,U,,,N,F,,C,2014_11_PA0462700_NIBRS,
6712123,16856,12,2014,U,,,N,F,,C,2014_12_PA0462700_NIBRS,
6465174,16857,1,2014,U,,,N,F,,C,2014_01_PA0462800_NIBRS,
6487624,16857,2,2014,U,,,N,F,,C,2014_02_PA0462800_NIBRS,
6510074,16857,3,2014,U,,,N,F,,C,2014_03_PA0462800_NIBRS,
6532524,16857,4,2014,U,,,N,F,,C,2014_04_PA0462800_NIBRS,
6554974,16857,5,2014,U,,,N,F,,C,2014_05_PA0462800_NIBRS,
6577424,16857,6,2014,U,,,N,F,,C,2014_06_PA0462800_NIBRS,
6599874,16857,7,2014,U,,,N,F,,C,2014_07_PA0462800_NIBRS,
6622324,16857,8,2014,U,,,N,F,,C,2014_08_PA0462800_NIBRS,
6644774,16857,9,2014,U,,,N,F,,C,2014_09_PA0462800_NIBRS,
6667224,16857,10,2014,U,,,N,F,,C,2014_10_PA0462800_NIBRS,
6689674,16857,11,2014,U,,,N,F,,C,2014_11_PA0462800_NIBRS,
6712124,16857,12,2014,U,,,N,F,,C,2014_12_PA0462800_NIBRS,
6465175,16858,1,2014,U,,,N,F,,C,2014_01_PA0462900_NIBRS,
6487625,16858,2,2014,U,,,N,F,,C,2014_02_PA0462900_NIBRS,
6510075,16858,3,2014,U,,,N,F,,C,2014_03_PA0462900_NIBRS,
6532525,16858,4,2014,U,,,N,F,,C,2014_04_PA0462900_NIBRS,
6554975,16858,5,2014,U,,,N,F,,C,2014_05_PA0462900_NIBRS,
6577425,16858,6,2014,U,,,N,F,,C,2014_06_PA0462900_NIBRS,
6599875,16858,7,2014,U,,,N,F,,C,2014_07_PA0462900_NIBRS,
6622325,16858,8,2014,U,,,N,F,,C,2014_08_PA0462900_NIBRS,
6644775,16858,9,2014,U,,,N,F,,C,2014_09_PA0462900_NIBRS,
6667225,16858,10,2014,U,,,N,F,,C,2014_10_PA0462900_NIBRS,
6689675,16858,11,2014,U,,,N,F,,C,2014_11_PA0462900_NIBRS,
6712125,16858,12,2014,U,,,N,F,,C,2014_12_PA0462900_NIBRS,
6465176,16859,1,2014,U,,,N,F,,C,2014_01_PA0463000_NIBRS,
6487626,16859,2,2014,U,,,N,F,,C,2014_02_PA0463000_NIBRS,
6510076,16859,3,2014,U,,,N,F,,C,2014_03_PA0463000_NIBRS,
6532526,16859,4,2014,U,,,N,F,,C,2014_04_PA0463000_NIBRS,
6554976,16859,5,2014,U,,,N,F,,C,2014_05_PA0463000_NIBRS,
6577426,16859,6,2014,U,,,N,F,,C,2014_06_PA0463000_NIBRS,
6599876,16859,7,2014,U,,,N,F,,C,2014_07_PA0463000_NIBRS,
6622326,16859,8,2014,U,,,N,F,,C,2014_08_PA0463000_NIBRS,
6644776,16859,9,2014,U,,,N,F,,C,2014_09_PA0463000_NIBRS,
6667226,16859,10,2014,U,,,N,F,,C,2014_10_PA0463000_NIBRS,
6689676,16859,11,2014,U,,,N,F,,C,2014_11_PA0463000_NIBRS,
6712126,16859,12,2014,U,,,N,F,,C,2014_12_PA0463000_NIBRS,
6465177,16860,1,2014,U,,,N,F,,C,2014_01_PA0463100_NIBRS,
6487627,16860,2,2014,U,,,N,F,,C,2014_02_PA0463100_NIBRS,
6510077,16860,3,2014,U,,,N,F,,C,2014_03_PA0463100_NIBRS,
6532527,16860,4,2014,U,,,N,F,,C,2014_04_PA0463100_NIBRS,
6554977,16860,5,2014,U,,,N,F,,C,2014_05_PA0463100_NIBRS,
6577427,16860,6,2014,U,,,N,F,,C,2014_06_PA0463100_NIBRS,
6599877,16860,7,2014,U,,,N,F,,C,2014_07_PA0463100_NIBRS,
6622327,16860,8,2014,U,,,N,F,,C,2014_08_PA0463100_NIBRS,
6644777,16860,9,2014,U,,,N,F,,C,2014_09_PA0463100_NIBRS,
6667227,16860,10,2014,U,,,N,F,,C,2014_10_PA0463100_NIBRS,
6689677,16860,11,2014,U,,,N,F,,C,2014_11_PA0463100_NIBRS,
6712127,16860,12,2014,U,,,N,F,,C,2014_12_PA0463100_NIBRS,
6465178,16861,1,2014,U,,,N,F,,C,2014_01_PA0463200_NIBRS,
6487628,16861,2,2014,U,,,N,F,,C,2014_02_PA0463200_NIBRS,
6510078,16861,3,2014,U,,,N,F,,C,2014_03_PA0463200_NIBRS,
6532528,16861,4,2014,U,,,N,F,,C,2014_04_PA0463200_NIBRS,
6554978,16861,5,2014,U,,,N,F,,C,2014_05_PA0463200_NIBRS,
6577428,16861,6,2014,U,,,N,F,,C,2014_06_PA0463200_NIBRS,
6599878,16861,7,2014,U,,,N,F,,C,2014_07_PA0463200_NIBRS,
6622328,16861,8,2014,U,,,N,F,,C,2014_08_PA0463200_NIBRS,
6644778,16861,9,2014,U,,,N,F,,C,2014_09_PA0463200_NIBRS,
6667228,16861,10,2014,U,,,N,F,,C,2014_10_PA0463200_NIBRS,
6689678,16861,11,2014,U,,,N,F,,C,2014_11_PA0463200_NIBRS,
6712128,16861,12,2014,U,,,N,F,,C,2014_12_PA0463200_NIBRS,
6465179,16862,1,2014,U,,,N,F,,C,2014_01_PA0463300_NIBRS,
6487629,16862,2,2014,U,,,N,F,,C,2014_02_PA0463300_NIBRS,
6510079,16862,3,2014,U,,,N,F,,C,2014_03_PA0463300_NIBRS,
6532529,16862,4,2014,U,,,N,F,,C,2014_04_PA0463300_NIBRS,
6554979,16862,5,2014,U,,,N,F,,C,2014_05_PA0463300_NIBRS,
6577429,16862,6,2014,U,,,N,F,,C,2014_06_PA0463300_NIBRS,
6599879,16862,7,2014,U,,,N,F,,C,2014_07_PA0463300_NIBRS,
6622329,16862,8,2014,U,,,N,F,,C,2014_08_PA0463300_NIBRS,
6644779,16862,9,2014,U,,,N,F,,C,2014_09_PA0463300_NIBRS,
6667229,16862,10,2014,U,,,N,F,,C,2014_10_PA0463300_NIBRS,
6689679,16862,11,2014,U,,,N,F,,C,2014_11_PA0463300_NIBRS,
6712129,16862,12,2014,U,,,N,F,,C,2014_12_PA0463300_NIBRS,
6465180,16863,1,2014,U,,,N,F,,C,2014_01_PA0463500_NIBRS,
6487630,16863,2,2014,U,,,N,F,,C,2014_02_PA0463500_NIBRS,
6510080,16863,3,2014,U,,,N,F,,C,2014_03_PA0463500_NIBRS,
6532530,16863,4,2014,U,,,N,F,,C,2014_04_PA0463500_NIBRS,
6554980,16863,5,2014,U,,,N,F,,C,2014_05_PA0463500_NIBRS,
6577430,16863,6,2014,U,,,N,F,,C,2014_06_PA0463500_NIBRS,
6599880,16863,7,2014,U,,,N,F,,C,2014_07_PA0463500_NIBRS,
6622330,16863,8,2014,U,,,N,F,,C,2014_08_PA0463500_NIBRS,
6644780,16863,9,2014,U,,,N,F,,C,2014_09_PA0463500_NIBRS,
6667230,16863,10,2014,U,,,N,F,,C,2014_10_PA0463500_NIBRS,
6689680,16863,11,2014,U,,,N,F,,C,2014_11_PA0463500_NIBRS,
6712130,16863,12,2014,U,,,N,F,,C,2014_12_PA0463500_NIBRS,
6465181,16864,1,2014,U,,,N,F,,C,2014_01_PA0463600_NIBRS,
6487631,16864,2,2014,U,,,N,F,,C,2014_02_PA0463600_NIBRS,
6510081,16864,3,2014,U,,,N,F,,C,2014_03_PA0463600_NIBRS,
6532531,16864,4,2014,U,,,N,F,,C,2014_04_PA0463600_NIBRS,
6554981,16864,5,2014,U,,,N,F,,C,2014_05_PA0463600_NIBRS,
6577431,16864,6,2014,U,,,N,F,,C,2014_06_PA0463600_NIBRS,
6599881,16864,7,2014,U,,,N,F,,C,2014_07_PA0463600_NIBRS,
6622331,16864,8,2014,U,,,N,F,,C,2014_08_PA0463600_NIBRS,
6644781,16864,9,2014,U,,,N,F,,C,2014_09_PA0463600_NIBRS,
6667231,16864,10,2014,U,,,N,F,,C,2014_10_PA0463600_NIBRS,
6689681,16864,11,2014,U,,,N,F,,C,2014_11_PA0463600_NIBRS,
6712131,16864,12,2014,U,,,N,F,,C,2014_12_PA0463600_NIBRS,
6465182,16865,1,2014,U,,,N,F,,C,2014_01_PA0463700_NIBRS,
6487632,16865,2,2014,U,,,N,F,,C,2014_02_PA0463700_NIBRS,
6510082,16865,3,2014,U,,,N,F,,C,2014_03_PA0463700_NIBRS,
6532532,16865,4,2014,U,,,N,F,,C,2014_04_PA0463700_NIBRS,
6554982,16865,5,2014,U,,,N,F,,C,2014_05_PA0463700_NIBRS,
6577432,16865,6,2014,U,,,N,F,,C,2014_06_PA0463700_NIBRS,
6599882,16865,7,2014,U,,,N,F,,C,2014_07_PA0463700_NIBRS,
6622332,16865,8,2014,U,,,N,F,,C,2014_08_PA0463700_NIBRS,
6644782,16865,9,2014,U,,,N,F,,C,2014_09_PA0463700_NIBRS,
6667232,16865,10,2014,U,,,N,F,,C,2014_10_PA0463700_NIBRS,
6689682,16865,11,2014,U,,,N,F,,C,2014_11_PA0463700_NIBRS,
6712132,16865,12,2014,U,,,N,F,,C,2014_12_PA0463700_NIBRS,
6465183,16866,1,2014,U,,,N,F,,C,2014_01_PA0463800_NIBRS,
6487633,16866,2,2014,U,,,N,F,,C,2014_02_PA0463800_NIBRS,
6510083,16866,3,2014,U,,,N,F,,C,2014_03_PA0463800_NIBRS,
6532533,16866,4,2014,U,,,N,F,,C,2014_04_PA0463800_NIBRS,
6554983,16866,5,2014,U,,,N,F,,C,2014_05_PA0463800_NIBRS,
6577433,16866,6,2014,U,,,N,F,,C,2014_06_PA0463800_NIBRS,
6599883,16866,7,2014,U,,,N,F,,C,2014_07_PA0463800_NIBRS,
6622333,16866,8,2014,U,,,N,F,,C,2014_08_PA0463800_NIBRS,
6644783,16866,9,2014,U,,,N,F,,C,2014_09_PA0463800_NIBRS,
6667233,16866,10,2014,U,,,N,F,,C,2014_10_PA0463800_NIBRS,
6689683,16866,11,2014,U,,,N,F,,C,2014_11_PA0463800_NIBRS,
6712133,16866,12,2014,U,,,N,F,,C,2014_12_PA0463800_NIBRS,
6470454,23250,1,2014,U,,,N,F,,C,2014_01_PA0463900_NIBRS,
6492904,23250,2,2014,U,,,N,F,,C,2014_02_PA0463900_NIBRS,
6515354,23250,3,2014,U,,,N,F,,C,2014_03_PA0463900_NIBRS,
6537804,23250,4,2014,U,,,N,F,,C,2014_04_PA0463900_NIBRS,
6560254,23250,5,2014,U,,,N,F,,C,2014_05_PA0463900_NIBRS,
6582704,23250,6,2014,U,,,N,F,,C,2014_06_PA0463900_NIBRS,
6605154,23250,7,2014,U,,,N,F,,C,2014_07_PA0463900_NIBRS,
6627604,23250,8,2014,U,,,N,F,,C,2014_08_PA0463900_NIBRS,
6650054,23250,9,2014,U,,,N,F,,C,2014_09_PA0463900_NIBRS,
6672504,23250,10,2014,U,,,N,F,,C,2014_10_PA0463900_NIBRS,
6694954,23250,11,2014,U,,,N,F,,C,2014_11_PA0463900_NIBRS,
6717404,23250,12,2014,U,,,N,F,,C,2014_12_PA0463900_NIBRS,
6465184,16867,1,2014,U,,,N,F,,C,2014_01_PA0464000_NIBRS,
6487634,16867,2,2014,U,,,N,F,,C,2014_02_PA0464000_NIBRS,
6510084,16867,3,2014,U,,,N,F,,C,2014_03_PA0464000_NIBRS,
6532534,16867,4,2014,U,,,N,F,,C,2014_04_PA0464000_NIBRS,
6554984,16867,5,2014,U,,,N,F,,C,2014_05_PA0464000_NIBRS,
6577434,16867,6,2014,U,,,N,F,,C,2014_06_PA0464000_NIBRS,
6599884,16867,7,2014,U,,,N,F,,C,2014_07_PA0464000_NIBRS,
6622334,16867,8,2014,U,,,N,F,,C,2014_08_PA0464000_NIBRS,
6644784,16867,9,2014,U,,,N,F,,C,2014_09_PA0464000_NIBRS,
6667234,16867,10,2014,U,,,N,F,,C,2014_10_PA0464000_NIBRS,
6689684,16867,11,2014,U,,,N,F,,C,2014_11_PA0464000_NIBRS,
6712134,16867,12,2014,U,,,N,F,,C,2014_12_PA0464000_NIBRS,
6465185,16868,1,2014,U,,,N,F,,C,2014_01_PA0464100_NIBRS,
6487635,16868,2,2014,U,,,N,F,,C,2014_02_PA0464100_NIBRS,
6510085,16868,3,2014,U,,,N,F,,C,2014_03_PA0464100_NIBRS,
6532535,16868,4,2014,U,,,N,F,,C,2014_04_PA0464100_NIBRS,
6554985,16868,5,2014,U,,,N,F,,C,2014_05_PA0464100_NIBRS,
6577435,16868,6,2014,U,,,N,F,,C,2014_06_PA0464100_NIBRS,
6599885,16868,7,2014,U,,,N,F,,C,2014_07_PA0464100_NIBRS,
6622335,16868,8,2014,U,,,N,F,,C,2014_08_PA0464100_NIBRS,
6644785,16868,9,2014,U,,,N,F,,C,2014_09_PA0464100_NIBRS,
6667235,16868,10,2014,U,,,N,F,,C,2014_10_PA0464100_NIBRS,
6689685,16868,11,2014,U,,,N,F,,C,2014_11_PA0464100_NIBRS,
6712135,16868,12,2014,U,,,N,F,,C,2014_12_PA0464100_NIBRS,
6465186,16869,1,2014,U,,,N,F,,C,2014_01_PA0464200_NIBRS,
6487636,16869,2,2014,U,,,N,F,,C,2014_02_PA0464200_NIBRS,
6510086,16869,3,2014,U,,,N,F,,C,2014_03_PA0464200_NIBRS,
6532536,16869,4,2014,U,,,N,F,,C,2014_04_PA0464200_NIBRS,
6554986,16869,5,2014,U,,,N,F,,C,2014_05_PA0464200_NIBRS,
6577436,16869,6,2014,U,,,N,F,,C,2014_06_PA0464200_NIBRS,
6599886,16869,7,2014,U,,,N,F,,C,2014_07_PA0464200_NIBRS,
6622336,16869,8,2014,U,,,N,F,,C,2014_08_PA0464200_NIBRS,
6644786,16869,9,2014,U,,,N,F,,C,2014_09_PA0464200_NIBRS,
6667236,16869,10,2014,U,,,N,F,,C,2014_10_PA0464200_NIBRS,
6689686,16869,11,2014,U,,,N,F,,C,2014_11_PA0464200_NIBRS,
6712136,16869,12,2014,U,,,N,F,,C,2014_12_PA0464200_NIBRS,
6465187,16870,1,2014,U,,,N,F,,C,2014_01_PA0464300_NIBRS,
6487637,16870,2,2014,U,,,N,F,,C,2014_02_PA0464300_NIBRS,
6510087,16870,3,2014,U,,,N,F,,C,2014_03_PA0464300_NIBRS,
6532537,16870,4,2014,U,,,N,F,,C,2014_04_PA0464300_NIBRS,
6554987,16870,5,2014,U,,,N,F,,C,2014_05_PA0464300_NIBRS,
6577437,16870,6,2014,U,,,N,F,,C,2014_06_PA0464300_NIBRS,
6599887,16870,7,2014,U,,,N,F,,C,2014_07_PA0464300_NIBRS,
6622337,16870,8,2014,U,,,N,F,,C,2014_08_PA0464300_NIBRS,
6644787,16870,9,2014,U,,,N,F,,C,2014_09_PA0464300_NIBRS,
6667237,16870,10,2014,U,,,N,F,,C,2014_10_PA0464300_NIBRS,
6689687,16870,11,2014,U,,,N,F,,C,2014_11_PA0464300_NIBRS,
6712137,16870,12,2014,U,,,N,F,,C,2014_12_PA0464300_NIBRS,
6465231,16914,1,2014,U,,,N,F,,C,2014_01_PA0482000_NIBRS,
6487681,16914,2,2014,U,,,N,F,,C,2014_02_PA0482000_NIBRS,
6510131,16914,3,2014,U,,,N,F,,C,2014_03_PA0482000_NIBRS,
6532581,16914,4,2014,U,,,N,F,,C,2014_04_PA0482000_NIBRS,
6555031,16914,5,2014,U,,,N,F,,C,2014_05_PA0482000_NIBRS,
6577481,16914,6,2014,U,,,N,F,,C,2014_06_PA0482000_NIBRS,
6599931,16914,7,2014,U,,,N,F,,C,2014_07_PA0482000_NIBRS,
6622381,16914,8,2014,U,,,N,F,,C,2014_08_PA0482000_NIBRS,
6644831,16914,9,2014,U,,,N,F,,C,2014_09_PA0482000_NIBRS,
6667281,16914,10,2014,U,,,N,F,,C,2014_10_PA0482000_NIBRS,
6689731,16914,11,2014,U,,,N,F,,C,2014_11_PA0482000_NIBRS,
6712181,16914,12,2014,U,,,N,F,,C,2014_12_PA0482000_NIBRS,
6465301,16984,1,2014,U,,,N,F,,C,2014_01_PA053DE00_NIBRS,
6487751,16984,2,2014,U,,,N,F,,C,2014_02_PA053DE00_NIBRS,
6510201,16984,3,2014,U,,,N,F,,C,2014_03_PA053DE00_NIBRS,
6532651,16984,4,2014,U,,,N,F,,C,2014_04_PA053DE00_NIBRS,
6555101,16984,5,2014,U,,,N,F,,C,2014_05_PA053DE00_NIBRS,
6577551,16984,6,2014,U,,,N,F,,C,2014_06_PA053DE00_NIBRS,
6600001,16984,7,2014,U,,,N,F,,C,2014_07_PA053DE00_NIBRS,
6622451,16984,8,2014,U,,,N,F,,C,2014_08_PA053DE00_NIBRS,
6644901,16984,9,2014,U,,,N,F,,C,2014_09_PA053DE00_NIBRS,
6667351,16984,10,2014,U,,,N,F,,C,2014_10_PA053DE00_NIBRS,
6689801,16984,11,2014,U,,,N,F,,C,2014_11_PA053DE00_NIBRS,
6712251,16984,12,2014,U,,,N,F,,C,2014_12_PA053DE00_NIBRS,
6465302,16985,1,2014,U,,,N,F,,C,2014_01_PA053SP00_NIBRS,
6487752,16985,2,2014,U,,,N,F,,C,2014_02_PA053SP00_NIBRS,
6510202,16985,3,2014,U,,,N,F,,C,2014_03_PA053SP00_NIBRS,
6532652,16985,4,2014,U,,,N,F,,C,2014_04_PA053SP00_NIBRS,
6555102,16985,5,2014,U,,,N,F,,C,2014_05_PA053SP00_NIBRS,
6577552,16985,6,2014,U,,,N,F,,C,2014_06_PA053SP00_NIBRS,
6600002,16985,7,2014,U,,,N,F,,C,2014_07_PA053SP00_NIBRS,
6622452,16985,8,2014,U,,,N,F,,C,2014_08_PA053SP00_NIBRS,
6644902,16985,9,2014,U,,,N,F,,C,2014_09_PA053SP00_NIBRS,
6667352,16985,10,2014,U,,,N,F,,C,2014_10_PA053SP00_NIBRS,
6689802,16985,11,2014,U,,,N,F,,C,2014_11_PA053SP00_NIBRS,
6712252,16985,12,2014,U,,,N,F,,C,2014_12_PA053SP00_NIBRS,
6465303,16986,1,2014,U,,,N,F,,C,2014_01_PA0540000_NIBRS,
6487753,16986,2,2014,U,,,N,F,,C,2014_02_PA0540000_NIBRS,
6510203,16986,3,2014,U,,,N,F,,C,2014_03_PA0540000_NIBRS,
6532653,16986,4,2014,U,,,N,F,,C,2014_04_PA0540000_NIBRS,
6555103,16986,5,2014,U,,,N,F,,C,2014_05_PA0540000_NIBRS,
6577553,16986,6,2014,U,,,N,F,,C,2014_06_PA0540000_NIBRS,
6600003,16986,7,2014,U,,,N,F,,C,2014_07_PA0540000_NIBRS,
6622453,16986,8,2014,U,,,N,F,,C,2014_08_PA0540000_NIBRS,
6644903,16986,9,2014,U,,,N,F,,C,2014_09_PA0540000_NIBRS,
6667353,16986,10,2014,U,,,N,F,,C,2014_10_PA0540000_NIBRS,
6689803,16986,11,2014,U,,,N,F,,C,2014_11_PA0540000_NIBRS,
6712253,16986,12,2014,U,,,N,F,,C,2014_12_PA0540000_NIBRS,
6465304,16987,1,2014,U,,,N,F,,C,2014_01_PA0540100_NIBRS,
6487754,16987,2,2014,U,,,N,F,,C,2014_02_PA0540100_NIBRS,
6510204,16987,3,2014,U,,,N,F,,C,2014_03_PA0540100_NIBRS,
6532654,16987,4,2014,U,,,N,F,,C,2014_04_PA0540100_NIBRS,
6555104,16987,5,2014,U,,,N,F,,C,2014_05_PA0540100_NIBRS,
6577554,16987,6,2014,U,,,N,F,,C,2014_06_PA0540100_NIBRS,
6600004,16987,7,2014,U,,,N,F,,C,2014_07_PA0540100_NIBRS,
6622454,16987,8,2014,U,,,N,F,,C,2014_08_PA0540100_NIBRS,
6644904,16987,9,2014,U,,,N,F,,C,2014_09_PA0540100_NIBRS,
6667354,16987,10,2014,U,,,N,F,,C,2014_10_PA0540100_NIBRS,
6689804,16987,11,2014,U,,,N,F,,C,2014_11_PA0540100_NIBRS,
6712254,16987,12,2014,U,,,N,F,,C,2014_12_PA0540100_NIBRS,
6465305,16988,1,2014,U,,,N,F,,C,2014_01_PA0540200_NIBRS,
6487755,16988,2,2014,U,,,N,F,,C,2014_02_PA0540200_NIBRS,
6510205,16988,3,2014,U,,,N,F,,C,2014_03_PA0540200_NIBRS,
6532655,16988,4,2014,U,,,N,F,,C,2014_04_PA0540200_NIBRS,
6555105,16988,5,2014,U,,,N,F,,C,2014_05_PA0540200_NIBRS,
6577555,16988,6,2014,U,,,N,F,,C,2014_06_PA0540200_NIBRS,
6600005,16988,7,2014,U,,,N,F,,C,2014_07_PA0540200_NIBRS,
6622455,16988,8,2014,U,,,N,F,,C,2014_08_PA0540200_NIBRS,
6644905,16988,9,2014,U,,,N,F,,C,2014_09_PA0540200_NIBRS,
6667355,16988,10,2014,U,,,N,F,,C,2014_10_PA0540200_NIBRS,
6689805,16988,11,2014,U,,,N,F,,C,2014_11_PA0540200_NIBRS,
6712255,16988,12,2014,U,,,N,F,,C,2014_12_PA0540200_NIBRS,
6465306,16989,1,2014,U,,,N,F,,C,2014_01_PA0540300_NIBRS,
6487756,16989,2,2014,U,,,N,F,,C,2014_02_PA0540300_NIBRS,
6510206,16989,3,2014,U,,,N,F,,C,2014_03_PA0540300_NIBRS,
6532656,16989,4,2014,U,,,N,F,,C,2014_04_PA0540300_NIBRS,
6555106,16989,5,2014,U,,,N,F,,C,2014_05_PA0540300_NIBRS,
6577556,16989,6,2014,U,,,N,F,,C,2014_06_PA0540300_NIBRS,
6600006,16989,7,2014,U,,,N,F,,C,2014_07_PA0540300_NIBRS,
6622456,16989,8,2014,U,,,N,F,,C,2014_08_PA0540300_NIBRS,
6644906,16989,9,2014,U,,,N,F,,C,2014_09_PA0540300_NIBRS,
6667356,16989,10,2014,U,,,N,F,,C,2014_10_PA0540300_NIBRS,
6689806,16989,11,2014,U,,,N,F,,C,2014_11_PA0540300_NIBRS,
6712256,16989,12,2014,U,,,N,F,,C,2014_12_PA0540300_NIBRS,
6465307,16990,1,2014,U,,,N,F,,C,2014_01_PA0540400_NIBRS,
6487757,16990,2,2014,U,,,N,F,,C,2014_02_PA0540400_NIBRS,
6510207,16990,3,2014,U,,,N,F,,C,2014_03_PA0540400_NIBRS,
6532657,16990,4,2014,U,,,N,F,,C,2014_04_PA0540400_NIBRS,
6555107,16990,5,2014,U,,,N,F,,C,2014_05_PA0540400_NIBRS,
6577557,16990,6,2014,U,,,N,F,,C,2014_06_PA0540400_NIBRS,
6600007,16990,7,2014,U,,,N,F,,C,2014_07_PA0540400_NIBRS,
6622457,16990,8,2014,U,,,N,F,,C,2014_08_PA0540400_NIBRS,
6644907,16990,9,2014,U,,,N,F,,C,2014_09_PA0540400_NIBRS,
6667357,16990,10,2014,U,,,N,F,,C,2014_10_PA0540400_NIBRS,
6689807,16990,11,2014,U,,,N,F,,C,2014_11_PA0540400_NIBRS,
6712257,16990,12,2014,U,,,N,F,,C,2014_12_PA0540400_NIBRS,
6465308,16991,1,2014,U,,,N,F,,C,2014_01_PA0540500_NIBRS,
6487758,16991,2,2014,U,,,N,F,,C,2014_02_PA0540500_NIBRS,
6510208,16991,3,2014,U,,,N,F,,C,2014_03_PA0540500_NIBRS,
6532658,16991,4,2014,U,,,N,F,,C,2014_04_PA0540500_NIBRS,
6555108,16991,5,2014,U,,,N,F,,C,2014_05_PA0540500_NIBRS,
6577558,16991,6,2014,U,,,N,F,,C,2014_06_PA0540500_NIBRS,
6600008,16991,7,2014,U,,,N,F,,C,2014_07_PA0540500_NIBRS,
6622458,16991,8,2014,U,,,N,F,,C,2014_08_PA0540500_NIBRS,
6644908,16991,9,2014,U,,,N,F,,C,2014_09_PA0540500_NIBRS,
6667358,16991,10,2014,U,,,N,F,,C,2014_10_PA0540500_NIBRS,
6689808,16991,11,2014,U,,,N,F,,C,2014_11_PA0540500_NIBRS,
6712258,16991,12,2014,U,,,N,F,,C,2014_12_PA0540500_NIBRS,
6465309,16992,1,2014,U,,,N,F,,C,2014_01_PA0540600_NIBRS,
6487759,16992,2,2014,U,,,N,F,,C,2014_02_PA0540600_NIBRS,
6510209,16992,3,2014,U,,,N,F,,C,2014_03_PA0540600_NIBRS,
6532659,16992,4,2014,U,,,N,F,,C,2014_04_PA0540600_NIBRS,
6555109,16992,5,2014,U,,,N,F,,C,2014_05_PA0540600_NIBRS,
6577559,16992,6,2014,U,,,N,F,,C,2014_06_PA0540600_NIBRS,
6600009,16992,7,2014,U,,,N,F,,C,2014_07_PA0540600_NIBRS,
6622459,16992,8,2014,U,,,N,F,,C,2014_08_PA0540600_NIBRS,
6644909,16992,9,2014,U,,,N,F,,C,2014_09_PA0540600_NIBRS,
6667359,16992,10,2014,U,,,N,F,,C,2014_10_PA0540600_NIBRS,
6689809,16992,11,2014,U,,,N,F,,C,2014_11_PA0540600_NIBRS,
6712259,16992,12,2014,U,,,N,F,,C,2014_12_PA0540600_NIBRS,
6465310,16993,1,2014,U,,,N,F,,C,2014_01_PA0540700_NIBRS,
6487760,16993,2,2014,U,,,N,F,,C,2014_02_PA0540700_NIBRS,
6510210,16993,3,2014,U,,,N,F,,C,2014_03_PA0540700_NIBRS,
6532660,16993,4,2014,U,,,N,F,,C,2014_04_PA0540700_NIBRS,
6555110,16993,5,2014,U,,,N,F,,C,2014_05_PA0540700_NIBRS,
6577560,16993,6,2014,U,,,N,F,,C,2014_06_PA0540700_NIBRS,
6600010,16993,7,2014,U,,,N,F,,C,2014_07_PA0540700_NIBRS,
6622460,16993,8,2014,U,,,N,F,,C,2014_08_PA0540700_NIBRS,
6644910,16993,9,2014,U,,,N,F,,C,2014_09_PA0540700_NIBRS,
6667360,16993,10,2014,U,,,N,F,,C,2014_10_PA0540700_NIBRS,
6689810,16993,11,2014,U,,,N,F,,C,2014_11_PA0540700_NIBRS,
6712260,16993,12,2014,U,,,N,F,,C,2014_12_PA0540700_NIBRS,
6465311,16994,1,2014,U,,,N,F,,C,2014_01_PA0540800_NIBRS,
6487761,16994,2,2014,U,,,N,F,,C,2014_02_PA0540800_NIBRS,
6510211,16994,3,2014,U,,,N,F,,C,2014_03_PA0540800_NIBRS,
6532661,16994,4,2014,U,,,N,F,,C,2014_04_PA0540800_NIBRS,
6555111,16994,5,2014,U,,,N,F,,C,2014_05_PA0540800_NIBRS,
6577561,16994,6,2014,U,,,N,F,,C,2014_06_PA0540800_NIBRS,
6600011,16994,7,2014,U,,,N,F,,C,2014_07_PA0540800_NIBRS,
6622461,16994,8,2014,U,,,N,F,,C,2014_08_PA0540800_NIBRS,
6644911,16994,9,2014,U,,,N,F,,C,2014_09_PA0540800_NIBRS,
6667361,16994,10,2014,U,,,N,F,,C,2014_10_PA0540800_NIBRS,
6689811,16994,11,2014,U,,,N,F,,C,2014_11_PA0540800_NIBRS,
6712261,16994,12,2014,U,,,N,F,,C,2014_12_PA0540800_NIBRS,
6465312,16995,1,2014,U,,,N,F,,C,2014_01_PA0540900_NIBRS,
6487762,16995,2,2014,U,,,N,F,,C,2014_02_PA0540900_NIBRS,
6510212,16995,3,2014,U,,,N,F,,C,2014_03_PA0540900_NIBRS,
6532662,16995,4,2014,U,,,N,F,,C,2014_04_PA0540900_NIBRS,
6555112,16995,5,2014,U,,,N,F,,C,2014_05_PA0540900_NIBRS,
6577562,16995,6,2014,U,,,N,F,,C,2014_06_PA0540900_NIBRS,
6600012,16995,7,2014,U,,,N,F,,C,2014_07_PA0540900_NIBRS,
6622462,16995,8,2014,U,,,N,F,,C,2014_08_PA0540900_NIBRS,
6644912,16995,9,2014,U,,,N,F,,C,2014_09_PA0540900_NIBRS,
6667362,16995,10,2014,U,,,N,F,,C,2014_10_PA0540900_NIBRS,
6689812,16995,11,2014,U,,,N,F,,C,2014_11_PA0540900_NIBRS,
6712262,16995,12,2014,U,,,N,F,,C,2014_12_PA0540900_NIBRS,
6465313,16996,1,2014,U,,,N,F,,C,2014_01_PA0541000_NIBRS,
6487763,16996,2,2014,U,,,N,F,,C,2014_02_PA0541000_NIBRS,
6510213,16996,3,2014,U,,,N,F,,C,2014_03_PA0541000_NIBRS,
6532663,16996,4,2014,U,,,N,F,,C,2014_04_PA0541000_NIBRS,
6555113,16996,5,2014,U,,,N,F,,C,2014_05_PA0541000_NIBRS,
6577563,16996,6,2014,U,,,N,F,,C,2014_06_PA0541000_NIBRS,
6600013,16996,7,2014,U,,,N,F,,C,2014_07_PA0541000_NIBRS,
6622463,16996,8,2014,U,,,N,F,,C,2014_08_PA0541000_NIBRS,
6644913,16996,9,2014,U,,,N,F,,C,2014_09_PA0541000_NIBRS,
6667363,16996,10,2014,U,,,N,F,,C,2014_10_PA0541000_NIBRS,
6689813,16996,11,2014,U,,,N,F,,C,2014_11_PA0541000_NIBRS,
6712263,16996,12,2014,U,,,N,F,,C,2014_12_PA0541000_NIBRS,
6465314,16997,1,2014,U,,,N,F,,C,2014_01_PA0541100_NIBRS,
6487764,16997,2,2014,U,,,N,F,,C,2014_02_PA0541100_NIBRS,
6510214,16997,3,2014,U,,,N,F,,C,2014_03_PA0541100_NIBRS,
6532664,16997,4,2014,U,,,N,F,,C,2014_04_PA0541100_NIBRS,
6555114,16997,5,2014,U,,,N,F,,C,2014_05_PA0541100_NIBRS,
6577564,16997,6,2014,U,,,N,F,,C,2014_06_PA0541100_NIBRS,
6600014,16997,7,2014,U,,,N,F,,C,2014_07_PA0541100_NIBRS,
6622464,16997,8,2014,U,,,N,F,,C,2014_08_PA0541100_NIBRS,
6644914,16997,9,2014,U,,,N,F,,C,2014_09_PA0541100_NIBRS,
6667364,16997,10,2014,U,,,N,F,,C,2014_10_PA0541100_NIBRS,
6689814,16997,11,2014,U,,,N,F,,C,2014_11_PA0541100_NIBRS,
6712264,16997,12,2014,U,,,N,F,,C,2014_12_PA0541100_NIBRS,
6465315,16998,1,2014,U,,,N,F,,C,2014_01_PA0541200_NIBRS,
6487765,16998,2,2014,U,,,N,F,,C,2014_02_PA0541200_NIBRS,
6510215,16998,3,2014,U,,,N,F,,C,2014_03_PA0541200_NIBRS,
6532665,16998,4,2014,U,,,N,F,,C,2014_04_PA0541200_NIBRS,
6555115,16998,5,2014,U,,,N,F,,C,2014_05_PA0541200_NIBRS,
6577565,16998,6,2014,U,,,N,F,,C,2014_06_PA0541200_NIBRS,
6600015,16998,7,2014,U,,,N,F,,C,2014_07_PA0541200_NIBRS,
6622465,16998,8,2014,U,,,N,F,,C,2014_08_PA0541200_NIBRS,
6644915,16998,9,2014,U,,,N,F,,C,2014_09_PA0541200_NIBRS,
6667365,16998,10,2014,U,,,N,F,,C,2014_10_PA0541200_NIBRS,
6689815,16998,11,2014,U,,,N,F,,C,2014_11_PA0541200_NIBRS,
6712265,16998,12,2014,U,,,N,F,,C,2014_12_PA0541200_NIBRS,
6465316,16999,1,2014,U,,,N,F,,C,2014_01_PA0541300_NIBRS,
6487766,16999,2,2014,U,,,N,F,,C,2014_02_PA0541300_NIBRS,
6510216,16999,3,2014,U,,,N,F,,C,2014_03_PA0541300_NIBRS,
6532666,16999,4,2014,U,,,N,F,,C,2014_04_PA0541300_NIBRS,
6555116,16999,5,2014,U,,,N,F,,C,2014_05_PA0541300_NIBRS,
6577566,16999,6,2014,U,,,N,F,,C,2014_06_PA0541300_NIBRS,
6600016,16999,7,2014,U,,,N,F,,C,2014_07_PA0541300_NIBRS,
6622466,16999,8,2014,U,,,N,F,,C,2014_08_PA0541300_NIBRS,
6644916,16999,9,2014,U,,,N,F,,C,2014_09_PA0541300_NIBRS,
6667366,16999,10,2014,U,,,N,F,,C,2014_10_PA0541300_NIBRS,
6689816,16999,11,2014,U,,,N,F,,C,2014_11_PA0541300_NIBRS,
6712266,16999,12,2014,U,,,N,F,,C,2014_12_PA0541300_NIBRS,
6465317,17000,1,2014,U,,,N,F,,C,2014_01_PA0541400_NIBRS,
6487767,17000,2,2014,U,,,N,F,,C,2014_02_PA0541400_NIBRS,
6510217,17000,3,2014,U,,,N,F,,C,2014_03_PA0541400_NIBRS,
6532667,17000,4,2014,U,,,N,F,,C,2014_04_PA0541400_NIBRS,
6555117,17000,5,2014,U,,,N,F,,C,2014_05_PA0541400_NIBRS,
6577567,17000,6,2014,U,,,N,F,,C,2014_06_PA0541400_NIBRS,
6600017,17000,7,2014,U,,,N,F,,C,2014_07_PA0541400_NIBRS,
6622467,17000,8,2014,U,,,N,F,,C,2014_08_PA0541400_NIBRS,
6644917,17000,9,2014,U,,,N,F,,C,2014_09_PA0541400_NIBRS,
6667367,17000,10,2014,U,,,N,F,,C,2014_10_PA0541400_NIBRS,
6689817,17000,11,2014,U,,,N,F,,C,2014_11_PA0541400_NIBRS,
6712267,17000,12,2014,U,,,N,F,,C,2014_12_PA0541400_NIBRS,
6465318,17001,1,2014,U,,,N,F,,C,2014_01_PA0541500_NIBRS,
6487768,17001,2,2014,U,,,N,F,,C,2014_02_PA0541500_NIBRS,
6510218,17001,3,2014,U,,,N,F,,C,2014_03_PA0541500_NIBRS,
6532668,17001,4,2014,U,,,N,F,,C,2014_04_PA0541500_NIBRS,
6555118,17001,5,2014,U,,,N,F,,C,2014_05_PA0541500_NIBRS,
6577568,17001,6,2014,U,,,N,F,,C,2014_06_PA0541500_NIBRS,
6600018,17001,7,2014,U,,,N,F,,C,2014_07_PA0541500_NIBRS,
6622468,17001,8,2014,U,,,N,F,,C,2014_08_PA0541500_NIBRS,
6644918,17001,9,2014,U,,,N,F,,C,2014_09_PA0541500_NIBRS,
6667368,17001,10,2014,U,,,N,F,,C,2014_10_PA0541500_NIBRS,
6689818,17001,11,2014,U,,,N,F,,C,2014_11_PA0541500_NIBRS,
6712268,17001,12,2014,U,,,N,F,,C,2014_12_PA0541500_NIBRS,
6465319,17002,1,2014,U,,,N,F,,C,2014_01_PA0541600_NIBRS,
6487769,17002,2,2014,U,,,N,F,,C,2014_02_PA0541600_NIBRS,
6510219,17002,3,2014,U,,,N,F,,C,2014_03_PA0541600_NIBRS,
6532669,17002,4,2014,U,,,N,F,,C,2014_04_PA0541600_NIBRS,
6555119,17002,5,2014,U,,,N,F,,C,2014_05_PA0541600_NIBRS,
6577569,17002,6,2014,U,,,N,F,,C,2014_06_PA0541600_NIBRS,
6600019,17002,7,2014,U,,,N,F,,C,2014_07_PA0541600_NIBRS,
6622469,17002,8,2014,U,,,N,F,,C,2014_08_PA0541600_NIBRS,
6644919,17002,9,2014,U,,,N,F,,C,2014_09_PA0541600_NIBRS,
6667369,17002,10,2014,U,,,N,F,,C,2014_10_PA0541600_NIBRS,
6689819,17002,11,2014,U,,,N,F,,C,2014_11_PA0541600_NIBRS,
6712269,17002,12,2014,U,,,N,F,,C,2014_12_PA0541600_NIBRS,
6465320,17003,1,2014,Z,,,N,F,,C,2014_01_PA0541700_NIBRS,
6487770,17003,2,2014,Z,,,N,F,,C,2014_02_PA0541700_NIBRS,
6510220,17003,3,2014,Z,,,N,F,,C,2014_03_PA0541700_NIBRS,
6532670,17003,4,2014,Z,,,N,F,,C,2014_04_PA0541700_NIBRS,
6555120,17003,5,2014,I,,,N,F,,C,2014_05_PA0541700_NIBRS,
6577570,17003,6,2014,Z,,,N,F,,C,2014_06_PA0541700_NIBRS,
6600020,17003,7,2014,Z,,,N,F,,C,2014_07_PA0541700_NIBRS,
6622470,17003,8,2014,Z,,,N,F,,C,2014_08_PA0541700_NIBRS,
6644920,17003,9,2014,Z,,,N,F,,C,2014_09_PA0541700_NIBRS,
6667370,17003,10,2014,Z,,,N,F,,C,2014_10_PA0541700_NIBRS,
6689820,17003,11,2014,Z,,,N,F,,C,2014_11_PA0541700_NIBRS,
6712270,17003,12,2014,Z,,,N,F,,C,2014_12_PA0541700_NIBRS,
6465321,17004,1,2014,U,,,N,F,,C,2014_01_PA0541800_NIBRS,
6487771,17004,2,2014,U,,,N,F,,C,2014_02_PA0541800_NIBRS,
6510221,17004,3,2014,U,,,N,F,,C,2014_03_PA0541800_NIBRS,
6532671,17004,4,2014,U,,,N,F,,C,2014_04_PA0541800_NIBRS,
6555121,17004,5,2014,U,,,N,F,,C,2014_05_PA0541800_NIBRS,
6577571,17004,6,2014,U,,,N,F,,C,2014_06_PA0541800_NIBRS,
6600021,17004,7,2014,U,,,N,F,,C,2014_07_PA0541800_NIBRS,
6622471,17004,8,2014,U,,,N,F,,C,2014_08_PA0541800_NIBRS,
6644921,17004,9,2014,U,,,N,F,,C,2014_09_PA0541800_NIBRS,
6667371,17004,10,2014,U,,,N,F,,C,2014_10_PA0541800_NIBRS,
6689821,17004,11,2014,U,,,N,F,,C,2014_11_PA0541800_NIBRS,
6712271,17004,12,2014,U,,,N,F,,C,2014_12_PA0541800_NIBRS,
6465538,17221,1,2014,U,,,N,F,,C,2014_01_PA0652000_NIBRS,
6487988,17221,2,2014,U,,,N,F,,C,2014_02_PA0652000_NIBRS,
6510438,17221,3,2014,U,,,N,F,,C,2014_03_PA0652000_NIBRS,
6532888,17221,4,2014,U,,,N,F,,C,2014_04_PA0652000_NIBRS,
6555338,17221,5,2014,U,,,N,F,,C,2014_05_PA0652000_NIBRS,
6577788,17221,6,2014,U,,,N,F,,C,2014_06_PA0652000_NIBRS,
6600238,17221,7,2014,U,,,N,F,,C,2014_07_PA0652000_NIBRS,
6622688,17221,8,2014,U,,,N,F,,C,2014_08_PA0652000_NIBRS,
6645138,17221,9,2014,U,,,N,F,,C,2014_09_PA0652000_NIBRS,
6667588,17221,10,2014,U,,,N,F,,C,2014_10_PA0652000_NIBRS,
6690038,17221,11,2014,U,,,N,F,,C,2014_11_PA0652000_NIBRS,
6712488,17221,12,2014,U,,,N,F,,C,2014_12_PA0652000_NIBRS,
6465539,17222,1,2014,U,,,N,F,,C,2014_01_PA0652100_NIBRS,
6487989,17222,2,2014,U,,,N,F,,C,2014_02_PA0652100_NIBRS,
6510439,17222,3,2014,U,,,N,F,,C,2014_03_PA0652100_NIBRS,
6532889,17222,4,2014,U,,,N,F,,C,2014_04_PA0652100_NIBRS,
6555339,17222,5,2014,U,,,N,F,,C,2014_05_PA0652100_NIBRS,
6577789,17222,6,2014,U,,,N,F,,C,2014_06_PA0652100_NIBRS,
6600239,17222,7,2014,U,,,N,F,,C,2014_07_PA0652100_NIBRS,
6622689,17222,8,2014,U,,,N,F,,C,2014_08_PA0652100_NIBRS,
6645139,17222,9,2014,U,,,N,F,,C,2014_09_PA0652100_NIBRS,
6667589,17222,10,2014,U,,,N,F,,C,2014_10_PA0652100_NIBRS,
6690039,17222,11,2014,U,,,N,F,,C,2014_11_PA0652100_NIBRS,
6712489,17222,12,2014,U,,,N,F,,C,2014_12_PA0652100_NIBRS,
6465540,17223,1,2014,U,,,N,F,,C,2014_01_PA0652200_NIBRS,
6487990,17223,2,2014,U,,,N,F,,C,2014_02_PA0652200_NIBRS,
6510440,17223,3,2014,U,,,N,F,,C,2014_03_PA0652200_NIBRS,
6532890,17223,4,2014,U,,,N,F,,C,2014_04_PA0652200_NIBRS,
6555340,17223,5,2014,U,,,N,F,,C,2014_05_PA0652200_NIBRS,
6577790,17223,6,2014,U,,,N,F,,C,2014_06_PA0652200_NIBRS,
6600240,17223,7,2014,U,,,N,F,,C,2014_07_PA0652200_NIBRS,
6622690,17223,8,2014,U,,,N,F,,C,2014_08_PA0652200_NIBRS,
6645140,17223,9,2014,U,,,N,F,,C,2014_09_PA0652200_NIBRS,
6667590,17223,10,2014,U,,,N,F,,C,2014_10_PA0652200_NIBRS,
6690040,17223,11,2014,U,,,N,F,,C,2014_11_PA0652200_NIBRS,
6712490,17223,12,2014,U,,,N,F,,C,2014_12_PA0652200_NIBRS,
6465541,17224,1,2014,U,,,N,F,,C,2014_01_PA0652300_NIBRS,
6487991,17224,2,2014,U,,,N,F,,C,2014_02_PA0652300_NIBRS,
6510441,17224,3,2014,U,,,N,F,,C,2014_03_PA0652300_NIBRS,
6532891,17224,4,2014,U,,,N,F,,C,2014_04_PA0652300_NIBRS,
6555341,17224,5,2014,U,,,N,F,,C,2014_05_PA0652300_NIBRS,
6577791,17224,6,2014,U,,,N,F,,C,2014_06_PA0652300_NIBRS,
6600241,17224,7,2014,U,,,N,F,,C,2014_07_PA0652300_NIBRS,
6622691,17224,8,2014,U,,,N,F,,C,2014_08_PA0652300_NIBRS,
6645141,17224,9,2014,U,,,N,F,,C,2014_09_PA0652300_NIBRS,
6667591,17224,10,2014,U,,,N,F,,C,2014_10_PA0652300_NIBRS,
6690041,17224,11,2014,U,,,N,F,,C,2014_11_PA0652300_NIBRS,
6712491,17224,12,2014,U,,,N,F,,C,2014_12_PA0652300_NIBRS,
6465542,17225,1,2014,U,,,N,F,,C,2014_01_PA0652400_NIBRS,
6487992,17225,2,2014,U,,,N,F,,C,2014_02_PA0652400_NIBRS,
6510442,17225,3,2014,U,,,N,F,,C,2014_03_PA0652400_NIBRS,
6532892,17225,4,2014,U,,,N,F,,C,2014_04_PA0652400_NIBRS,
6555342,17225,5,2014,U,,,N,F,,C,2014_05_PA0652400_NIBRS,
6577792,17225,6,2014,U,,,N,F,,C,2014_06_PA0652400_NIBRS,
6600242,17225,7,2014,U,,,N,F,,C,2014_07_PA0652400_NIBRS,
6622692,17225,8,2014,U,,,N,F,,C,2014_08_PA0652400_NIBRS,
6645142,17225,9,2014,U,,,N,F,,C,2014_09_PA0652400_NIBRS,
6667592,17225,10,2014,U,,,N,F,,C,2014_10_PA0652400_NIBRS,
6690042,17225,11,2014,U,,,N,F,,C,2014_11_PA0652400_NIBRS,
6712492,17225,12,2014,U,,,N,F,,C,2014_12_PA0652400_NIBRS,
6465543,17226,1,2014,U,,,N,F,,C,2014_01_PA0652500_NIBRS,
6487993,17226,2,2014,U,,,N,F,,C,2014_02_PA0652500_NIBRS,
6510443,17226,3,2014,U,,,N,F,,C,2014_03_PA0652500_NIBRS,
6532893,17226,4,2014,U,,,N,F,,C,2014_04_PA0652500_NIBRS,
6555343,17226,5,2014,U,,,N,F,,C,2014_05_PA0652500_NIBRS,
6577793,17226,6,2014,U,,,N,F,,C,2014_06_PA0652500_NIBRS,
6600243,17226,7,2014,U,,,N,F,,C,2014_07_PA0652500_NIBRS,
6622693,17226,8,2014,U,,,N,F,,C,2014_08_PA0652500_NIBRS,
6645143,17226,9,2014,U,,,N,F,,C,2014_09_PA0652500_NIBRS,
6667593,17226,10,2014,U,,,N,F,,C,2014_10_PA0652500_NIBRS,
6690043,17226,11,2014,U,,,N,F,,C,2014_11_PA0652500_NIBRS,
6712493,17226,12,2014,U,,,N,F,,C,2014_12_PA0652500_NIBRS,
6465544,17227,1,2014,U,,,N,F,,C,2014_01_PA0652600_NIBRS,
6487994,17227,2,2014,U,,,N,F,,C,2014_02_PA0652600_NIBRS,
6510444,17227,3,2014,U,,,N,F,,C,2014_03_PA0652600_NIBRS,
6532894,17227,4,2014,U,,,N,F,,C,2014_04_PA0652600_NIBRS,
6555344,17227,5,2014,U,,,N,F,,C,2014_05_PA0652600_NIBRS,
6577794,17227,6,2014,U,,,N,F,,C,2014_06_PA0652600_NIBRS,
6600244,17227,7,2014,U,,,N,F,,C,2014_07_PA0652600_NIBRS,
6622694,17227,8,2014,U,,,N,F,,C,2014_08_PA0652600_NIBRS,
6645144,17227,9,2014,U,,,N,F,,C,2014_09_PA0652600_NIBRS,
6667594,17227,10,2014,U,,,N,F,,C,2014_10_PA0652600_NIBRS,
6690044,17227,11,2014,U,,,N,F,,C,2014_11_PA0652600_NIBRS,
6712494,17227,12,2014,U,,,N,F,,C,2014_12_PA0652600_NIBRS,
6465545,17228,1,2014,U,,,N,F,,C,2014_01_PA0652700_NIBRS,
6487995,17228,2,2014,U,,,N,F,,C,2014_02_PA0652700_NIBRS,
6510445,17228,3,2014,U,,,N,F,,C,2014_03_PA0652700_NIBRS,
6532895,17228,4,2014,U,,,N,F,,C,2014_04_PA0652700_NIBRS,
6555345,17228,5,2014,U,,,N,F,,C,2014_05_PA0652700_NIBRS,
6577795,17228,6,2014,U,,,N,F,,C,2014_06_PA0652700_NIBRS,
6600245,17228,7,2014,U,,,N,F,,C,2014_07_PA0652700_NIBRS,
6622695,17228,8,2014,U,,,N,F,,C,2014_08_PA0652700_NIBRS,
6645145,17228,9,2014,U,,,N,F,,C,2014_09_PA0652700_NIBRS,
6667595,17228,10,2014,U,,,N,F,,C,2014_10_PA0652700_NIBRS,
6690045,17228,11,2014,U,,,N,F,,C,2014_11_PA0652700_NIBRS,
6712495,17228,12,2014,U,,,N,F,,C,2014_12_PA0652700_NIBRS,
6465546,17229,1,2014,U,,,N,F,,C,2014_01_PA0652800_NIBRS,
6487996,17229,2,2014,U,,,N,F,,C,2014_02_PA0652800_NIBRS,
6510446,17229,3,2014,U,,,N,F,,C,2014_03_PA0652800_NIBRS,
6532896,17229,4,2014,U,,,N,F,,C,2014_04_PA0652800_NIBRS,
6555346,17229,5,2014,U,,,N,F,,C,2014_05_PA0652800_NIBRS,
6577796,17229,6,2014,U,,,N,F,,C,2014_06_PA0652800_NIBRS,
6600246,17229,7,2014,U,,,N,F,,C,2014_07_PA0652800_NIBRS,
6622696,17229,8,2014,U,,,N,F,,C,2014_08_PA0652800_NIBRS,
6645146,17229,9,2014,U,,,N,F,,C,2014_09_PA0652800_NIBRS,
6667596,17229,10,2014,U,,,N,F,,C,2014_10_PA0652800_NIBRS,
6690046,17229,11,2014,U,,,N,F,,C,2014_11_PA0652800_NIBRS,
6712496,17229,12,2014,U,,,N,F,,C,2014_12_PA0652800_NIBRS,
6465547,17230,1,2014,U,,,N,F,,C,2014_01_PA0652900_NIBRS,
6487997,17230,2,2014,U,,,N,F,,C,2014_02_PA0652900_NIBRS,
6510447,17230,3,2014,U,,,N,F,,C,2014_03_PA0652900_NIBRS,
6532897,17230,4,2014,U,,,N,F,,C,2014_04_PA0652900_NIBRS,
6555347,17230,5,2014,U,,,N,F,,C,2014_05_PA0652900_NIBRS,
6577797,17230,6,2014,U,,,N,F,,C,2014_06_PA0652900_NIBRS,
6600247,17230,7,2014,U,,,N,F,,C,2014_07_PA0652900_NIBRS,
6622697,17230,8,2014,U,,,N,F,,C,2014_08_PA0652900_NIBRS,
6645147,17230,9,2014,U,,,N,F,,C,2014_09_PA0652900_NIBRS,
6667597,17230,10,2014,U,,,N,F,,C,2014_10_PA0652900_NIBRS,
6690047,17230,11,2014,U,,,N,F,,C,2014_11_PA0652900_NIBRS,
6712497,17230,12,2014,U,,,N,F,,C,2014_12_PA0652900_NIBRS,
6465548,17231,1,2014,U,,,N,F,,C,2014_01_PA0653000_NIBRS,
6487998,17231,2,2014,U,,,N,F,,C,2014_02_PA0653000_NIBRS,
6510448,17231,3,2014,U,,,N,F,,C,2014_03_PA0653000_NIBRS,
6532898,17231,4,2014,U,,,N,F,,C,2014_04_PA0653000_NIBRS,
6555348,17231,5,2014,U,,,N,F,,C,2014_05_PA0653000_NIBRS,
6577798,17231,6,2014,U,,,N,F,,C,2014_06_PA0653000_NIBRS,
6600248,17231,7,2014,U,,,N,F,,C,2014_07_PA0653000_NIBRS,
6622698,17231,8,2014,U,,,N,F,,C,2014_08_PA0653000_NIBRS,
6645148,17231,9,2014,U,,,N,F,,C,2014_09_PA0653000_NIBRS,
6667598,17231,10,2014,U,,,N,F,,C,2014_10_PA0653000_NIBRS,
6690048,17231,11,2014,U,,,N,F,,C,2014_11_PA0653000_NIBRS,
6712498,17231,12,2014,U,,,N,F,,C,2014_12_PA0653000_NIBRS,
6465549,17232,1,2014,U,,,N,F,,C,2014_01_PA0653300_NIBRS,
6487999,17232,2,2014,U,,,N,F,,C,2014_02_PA0653300_NIBRS,
6510449,17232,3,2014,U,,,N,F,,C,2014_03_PA0653300_NIBRS,
6532899,17232,4,2014,U,,,N,F,,C,2014_04_PA0653300_NIBRS,
6555349,17232,5,2014,U,,,N,F,,C,2014_05_PA0653300_NIBRS,
6577799,17232,6,2014,U,,,N,F,,C,2014_06_PA0653300_NIBRS,
6600249,17232,7,2014,U,,,N,F,,C,2014_07_PA0653300_NIBRS,
6622699,17232,8,2014,U,,,N,F,,C,2014_08_PA0653300_NIBRS,
6645149,17232,9,2014,U,,,N,F,,C,2014_09_PA0653300_NIBRS,
6667599,17232,10,2014,U,,,N,F,,C,2014_10_PA0653300_NIBRS,
6690049,17232,11,2014,U,,,N,F,,C,2014_11_PA0653300_NIBRS,
6712499,17232,12,2014,U,,,N,F,,C,2014_12_PA0653300_NIBRS,
6465550,17233,1,2014,U,,,N,F,,C,2014_01_PA0653400_NIBRS,
6488000,17233,2,2014,U,,,N,F,,C,2014_02_PA0653400_NIBRS,
6510450,17233,3,2014,U,,,N,F,,C,2014_03_PA0653400_NIBRS,
6532900,17233,4,2014,U,,,N,F,,C,2014_04_PA0653400_NIBRS,
6555350,17233,5,2014,U,,,N,F,,C,2014_05_PA0653400_NIBRS,
6577800,17233,6,2014,U,,,N,F,,C,2014_06_PA0653400_NIBRS,
6600250,17233,7,2014,U,,,N,F,,C,2014_07_PA0653400_NIBRS,
6622700,17233,8,2014,U,,,N,F,,C,2014_08_PA0653400_NIBRS,
6645150,17233,9,2014,U,,,N,F,,C,2014_09_PA0653400_NIBRS,
6667600,17233,10,2014,U,,,N,F,,C,2014_10_PA0653400_NIBRS,
6690050,17233,11,2014,U,,,N,F,,C,2014_11_PA0653400_NIBRS,
6712500,17233,12,2014,U,,,N,F,,C,2014_12_PA0653400_NIBRS,
6465551,17234,1,2014,U,,,N,F,,C,2014_01_PA0653500_NIBRS,
6488001,17234,2,2014,U,,,N,F,,C,2014_02_PA0653500_NIBRS,
6510451,17234,3,2014,U,,,N,F,,C,2014_03_PA0653500_NIBRS,
6532901,17234,4,2014,U,,,N,F,,C,2014_04_PA0653500_NIBRS,
6555351,17234,5,2014,U,,,N,F,,C,2014_05_PA0653500_NIBRS,
6577801,17234,6,2014,U,,,N,F,,C,2014_06_PA0653500_NIBRS,
6600251,17234,7,2014,U,,,N,F,,C,2014_07_PA0653500_NIBRS,
6622701,17234,8,2014,U,,,N,F,,C,2014_08_PA0653500_NIBRS,
6645151,17234,9,2014,U,,,N,F,,C,2014_09_PA0653500_NIBRS,
6667601,17234,10,2014,U,,,N,F,,C,2014_10_PA0653500_NIBRS,
6690051,17234,11,2014,U,,,N,F,,C,2014_11_PA0653500_NIBRS,
6712501,17234,12,2014,U,,,N,F,,C,2014_12_PA0653500_NIBRS,
6465557,17240,1,2014,U,,,N,F,,C,2014_01_PA0654300_NIBRS,
6488007,17240,2,2014,U,,,N,F,,C,2014_02_PA0654300_NIBRS,
6510457,17240,3,2014,U,,,N,F,,C,2014_03_PA0654300_NIBRS,
6532907,17240,4,2014,U,,,N,F,,C,2014_04_PA0654300_NIBRS,
6555357,17240,5,2014,U,,,N,F,,C,2014_05_PA0654300_NIBRS,
6577807,17240,6,2014,U,,,N,F,,C,2014_06_PA0654300_NIBRS,
6600257,17240,7,2014,U,,,N,F,,C,2014_07_PA0654300_NIBRS,
6622707,17240,8,2014,U,,,N,F,,C,2014_08_PA0654300_NIBRS,
6645157,17240,9,2014,U,,,N,F,,C,2014_09_PA0654300_NIBRS,
6667607,17240,10,2014,U,,,N,F,,C,2014_10_PA0654300_NIBRS,
6690057,17240,11,2014,U,,,N,F,,C,2014_11_PA0654300_NIBRS,
6712507,17240,12,2014,U,,,N,F,,C,2014_12_PA0654300_NIBRS,
6465558,17241,1,2014,U,,,N,F,,C,2014_01_PA0654400_NIBRS,
6488008,17241,2,2014,U,,,N,F,,C,2014_02_PA0654400_NIBRS,
6510458,17241,3,2014,U,,,N,F,,C,2014_03_PA0654400_NIBRS,
6532908,17241,4,2014,U,,,N,F,,C,2014_04_PA0654400_NIBRS,
6555358,17241,5,2014,U,,,N,F,,C,2014_05_PA0654400_NIBRS,
6577808,17241,6,2014,U,,,N,F,,C,2014_06_PA0654400_NIBRS,
6600258,17241,7,2014,U,,,N,F,,C,2014_07_PA0654400_NIBRS,
6622708,17241,8,2014,U,,,N,F,,C,2014_08_PA0654400_NIBRS,
6645158,17241,9,2014,U,,,N,F,,C,2014_09_PA0654400_NIBRS,
6667608,17241,10,2014,U,,,N,F,,C,2014_10_PA0654400_NIBRS,
6690058,17241,11,2014,U,,,N,F,,C,2014_11_PA0654400_NIBRS,
6712508,17241,12,2014,U,,,N,F,,C,2014_12_PA0654400_NIBRS,
6465559,17242,1,2014,U,,,N,F,,C,2014_01_PA0654500_NIBRS,
6488009,17242,2,2014,U,,,N,F,,C,2014_02_PA0654500_NIBRS,
6510459,17242,3,2014,U,,,N,F,,C,2014_03_PA0654500_NIBRS,
6532909,17242,4,2014,U,,,N,F,,C,2014_04_PA0654500_NIBRS,
6555359,17242,5,2014,U,,,N,F,,C,2014_05_PA0654500_NIBRS,
6577809,17242,6,2014,U,,,N,F,,C,2014_06_PA0654500_NIBRS,
6600259,17242,7,2014,U,,,N,F,,C,2014_07_PA0654500_NIBRS,
6622709,17242,8,2014,U,,,N,F,,C,2014_08_PA0654500_NIBRS,
6645159,17242,9,2014,U,,,N,F,,C,2014_09_PA0654500_NIBRS,
6667609,17242,10,2014,U,,,N,F,,C,2014_10_PA0654500_NIBRS,
6690059,17242,11,2014,U,,,N,F,,C,2014_11_PA0654500_NIBRS,
6712509,17242,12,2014,U,,,N,F,,C,2014_12_PA0654500_NIBRS,
6465560,17243,1,2014,U,,,N,F,,C,2014_01_PA0654700_NIBRS,
6488010,17243,2,2014,U,,,N,F,,C,2014_02_PA0654700_NIBRS,
6510460,17243,3,2014,U,,,N,F,,C,2014_03_PA0654700_NIBRS,
6532910,17243,4,2014,U,,,N,F,,C,2014_04_PA0654700_NIBRS,
6555360,17243,5,2014,U,,,N,F,,C,2014_05_PA0654700_NIBRS,
6577810,17243,6,2014,U,,,N,F,,C,2014_06_PA0654700_NIBRS,
6600260,17243,7,2014,U,,,N,F,,C,2014_07_PA0654700_NIBRS,
6622710,17243,8,2014,U,,,N,F,,C,2014_08_PA0654700_NIBRS,
6645160,17243,9,2014,U,,,N,F,,C,2014_09_PA0654700_NIBRS,
6667610,17243,10,2014,U,,,N,F,,C,2014_10_PA0654700_NIBRS,
6690060,17243,11,2014,U,,,N,F,,C,2014_11_PA0654700_NIBRS,
6712510,17243,12,2014,U,,,N,F,,C,2014_12_PA0654700_NIBRS,
6465561,17244,1,2014,U,,,N,F,,C,2014_01_PA0654900_NIBRS,
6488011,17244,2,2014,U,,,N,F,,C,2014_02_PA0654900_NIBRS,
6510461,17244,3,2014,U,,,N,F,,C,2014_03_PA0654900_NIBRS,
6532911,17244,4,2014,U,,,N,F,,C,2014_04_PA0654900_NIBRS,
6555361,17244,5,2014,U,,,N,F,,C,2014_05_PA0654900_NIBRS,
6577811,17244,6,2014,U,,,N,F,,C,2014_06_PA0654900_NIBRS,
6600261,17244,7,2014,U,,,N,F,,C,2014_07_PA0654900_NIBRS,
6622711,17244,8,2014,U,,,N,F,,C,2014_08_PA0654900_NIBRS,
6645161,17244,9,2014,U,,,N,F,,C,2014_09_PA0654900_NIBRS,
6667611,17244,10,2014,U,,,N,F,,C,2014_10_PA0654900_NIBRS,
6690061,17244,11,2014,U,,,N,F,,C,2014_11_PA0654900_NIBRS,
6712511,17244,12,2014,U,,,N,F,,C,2014_12_PA0654900_NIBRS,
6465562,17245,1,2014,U,,,N,F,,C,2014_01_PA0655100_NIBRS,
6488012,17245,2,2014,U,,,N,F,,C,2014_02_PA0655100_NIBRS,
6510462,17245,3,2014,U,,,N,F,,C,2014_03_PA0655100_NIBRS,
6532912,17245,4,2014,U,,,N,F,,C,2014_04_PA0655100_NIBRS,
6555362,17245,5,2014,U,,,N,F,,C,2014_05_PA0655100_NIBRS,
6577812,17245,6,2014,U,,,N,F,,C,2014_06_PA0655100_NIBRS,
6600262,17245,7,2014,U,,,N,F,,C,2014_07_PA0655100_NIBRS,
6622712,17245,8,2014,U,,,N,F,,C,2014_08_PA0655100_NIBRS,
6645162,17245,9,2014,U,,,N,F,,C,2014_09_PA0655100_NIBRS,
6667612,17245,10,2014,U,,,N,F,,C,2014_10_PA0655100_NIBRS,
6690062,17245,11,2014,U,,,N,F,,C,2014_11_PA0655100_NIBRS,
6712512,17245,12,2014,U,,,N,F,,C,2014_12_PA0655100_NIBRS,
6465563,17246,1,2014,U,,,N,F,,C,2014_01_PA0655200_NIBRS,
6488013,17246,2,2014,U,,,N,F,,C,2014_02_PA0655200_NIBRS,
6510463,17246,3,2014,U,,,N,F,,C,2014_03_PA0655200_NIBRS,
6532913,17246,4,2014,U,,,N,F,,C,2014_04_PA0655200_NIBRS,
6555363,17246,5,2014,U,,,N,F,,C,2014_05_PA0655200_NIBRS,
6577813,17246,6,2014,U,,,N,F,,C,2014_06_PA0655200_NIBRS,
6600263,17246,7,2014,U,,,N,F,,C,2014_07_PA0655200_NIBRS,
6622713,17246,8,2014,U,,,N,F,,C,2014_08_PA0655200_NIBRS,
6645163,17246,9,2014,U,,,N,F,,C,2014_09_PA0655200_NIBRS,
6667613,17246,10,2014,U,,,N,F,,C,2014_10_PA0655200_NIBRS,
6690063,17246,11,2014,U,,,N,F,,C,2014_11_PA0655200_NIBRS,
6712513,17246,12,2014,U,,,N,F,,C,2014_12_PA0655200_NIBRS,
6465564,17247,1,2014,U,,,N,F,,C,2014_01_PA0655300_NIBRS,
6488014,17247,2,2014,U,,,N,F,,C,2014_02_PA0655300_NIBRS,
6510464,17247,3,2014,U,,,N,F,,C,2014_03_PA0655300_NIBRS,
6532914,17247,4,2014,U,,,N,F,,C,2014_04_PA0655300_NIBRS,
6555364,17247,5,2014,U,,,N,F,,C,2014_05_PA0655300_NIBRS,
6577814,17247,6,2014,U,,,N,F,,C,2014_06_PA0655300_NIBRS,
6600264,17247,7,2014,U,,,N,F,,C,2014_07_PA0655300_NIBRS,
6622714,17247,8,2014,U,,,N,F,,C,2014_08_PA0655300_NIBRS,
6645164,17247,9,2014,U,,,N,F,,C,2014_09_PA0655300_NIBRS,
6667614,17247,10,2014,U,,,N,F,,C,2014_10_PA0655300_NIBRS,
6690064,17247,11,2014,U,,,N,F,,C,2014_11_PA0655300_NIBRS,
6712514,17247,12,2014,U,,,N,F,,C,2014_12_PA0655300_NIBRS,
6470413,23208,1,2014,U,,,N,F,,C,2014_01_PA0655500_NIBRS,
6492863,23208,2,2014,U,,,N,F,,C,2014_02_PA0655500_NIBRS,
6515313,23208,3,2014,U,,,N,F,,C,2014_03_PA0655500_NIBRS,
6537763,23208,4,2014,U,,,N,F,,C,2014_04_PA0655500_NIBRS,
6560213,23208,5,2014,U,,,N,F,,C,2014_05_PA0655500_NIBRS,
6582663,23208,6,2014,U,,,N,F,,C,2014_06_PA0655500_NIBRS,
6605113,23208,7,2014,U,,,N,F,,C,2014_07_PA0655500_NIBRS,
6627563,23208,8,2014,U,,,N,F,,C,2014_08_PA0655500_NIBRS,
6650013,23208,9,2014,U,,,N,F,,C,2014_09_PA0655500_NIBRS,
6672463,23208,10,2014,U,,,N,F,,C,2014_10_PA0655500_NIBRS,
6694913,23208,11,2014,U,,,N,F,,C,2014_11_PA0655500_NIBRS,
6717363,23208,12,2014,U,,,N,F,,C,2014_12_PA0655500_NIBRS,
6465565,17248,1,2014,U,,,N,F,,C,2014_01_PA0655600_NIBRS,
6488015,17248,2,2014,U,,,N,F,,C,2014_02_PA0655600_NIBRS,
6510465,17248,3,2014,U,,,N,F,,C,2014_03_PA0655600_NIBRS,
6532915,17248,4,2014,U,,,N,F,,C,2014_04_PA0655600_NIBRS,
6555365,17248,5,2014,U,,,N,F,,C,2014_05_PA0655600_NIBRS,
6577815,17248,6,2014,U,,,N,F,,C,2014_06_PA0655600_NIBRS,
6600265,17248,7,2014,U,,,N,F,,C,2014_07_PA0655600_NIBRS,
6622715,17248,8,2014,U,,,N,F,,C,2014_08_PA0655600_NIBRS,
6645165,17248,9,2014,U,,,N,F,,C,2014_09_PA0655600_NIBRS,
6667615,17248,10,2014,U,,,N,F,,C,2014_10_PA0655600_NIBRS,
6690065,17248,11,2014,U,,,N,F,,C,2014_11_PA0655600_NIBRS,
6712515,17248,12,2014,U,,,N,F,,C,2014_12_PA0655600_NIBRS,
6465566,17249,1,2014,U,,,N,F,,C,2014_01_PA0655800_NIBRS,
6488016,17249,2,2014,U,,,N,F,,C,2014_02_PA0655800_NIBRS,
6510466,17249,3,2014,U,,,N,F,,C,2014_03_PA0655800_NIBRS,
6532916,17249,4,2014,U,,,N,F,,C,2014_04_PA0655800_NIBRS,
6555366,17249,5,2014,U,,,N,F,,C,2014_05_PA0655800_NIBRS,
6577816,17249,6,2014,U,,,N,F,,C,2014_06_PA0655800_NIBRS,
6600266,17249,7,2014,U,,,N,F,,C,2014_07_PA0655800_NIBRS,
6622716,17249,8,2014,U,,,N,F,,C,2014_08_PA0655800_NIBRS,
6645166,17249,9,2014,U,,,N,F,,C,2014_09_PA0655800_NIBRS,
6667616,17249,10,2014,U,,,N,F,,C,2014_10_PA0655800_NIBRS,
6690066,17249,11,2014,U,,,N,F,,C,2014_11_PA0655800_NIBRS,
6712516,17249,12,2014,U,,,N,F,,C,2014_12_PA0655800_NIBRS,
6465567,17250,1,2014,U,,,N,F,,C,2014_01_PA0656300_NIBRS,
6488017,17250,2,2014,U,,,N,F,,C,2014_02_PA0656300_NIBRS,
6510467,17250,3,2014,U,,,N,F,,C,2014_03_PA0656300_NIBRS,
6532917,17250,4,2014,U,,,N,F,,C,2014_04_PA0656300_NIBRS,
6555367,17250,5,2014,U,,,N,F,,C,2014_05_PA0656300_NIBRS,
6577817,17250,6,2014,U,,,N,F,,C,2014_06_PA0656300_NIBRS,
6600267,17250,7,2014,U,,,N,F,,C,2014_07_PA0656300_NIBRS,
6622717,17250,8,2014,U,,,N,F,,C,2014_08_PA0656300_NIBRS,
6645167,17250,9,2014,U,,,N,F,,C,2014_09_PA0656300_NIBRS,
6667617,17250,10,2014,U,,,N,F,,C,2014_10_PA0656300_NIBRS,
6690067,17250,11,2014,U,,,N,F,,C,2014_11_PA0656300_NIBRS,
6712517,17250,12,2014,U,,,N,F,,C,2014_12_PA0656300_NIBRS,
6465568,17251,1,2014,U,,,N,F,,C,2014_01_PA065BF00_NIBRS,
6488018,17251,2,2014,U,,,N,F,,C,2014_02_PA065BF00_NIBRS,
6510468,17251,3,2014,U,,,N,F,,C,2014_03_PA065BF00_NIBRS,
6532918,17251,4,2014,U,,,N,F,,C,2014_04_PA065BF00_NIBRS,
6555368,17251,5,2014,U,,,N,F,,C,2014_05_PA065BF00_NIBRS,
6577818,17251,6,2014,U,,,N,F,,C,2014_06_PA065BF00_NIBRS,
6600268,17251,7,2014,U,,,N,F,,C,2014_07_PA065BF00_NIBRS,
6622718,17251,8,2014,U,,,N,F,,C,2014_08_PA065BF00_NIBRS,
6645168,17251,9,2014,U,,,N,F,,C,2014_09_PA065BF00_NIBRS,
6667618,17251,10,2014,U,,,N,F,,C,2014_10_PA065BF00_NIBRS,
6690068,17251,11,2014,U,,,N,F,,C,2014_11_PA065BF00_NIBRS,
6712518,17251,12,2014,U,,,N,F,,C,2014_12_PA065BF00_NIBRS,
6465569,17252,1,2014,U,,,N,F,,C,2014_01_PA065DE00_NIBRS,
6488019,17252,2,2014,U,,,N,F,,C,2014_02_PA065DE00_NIBRS,
6510469,17252,3,2014,U,,,N,F,,C,2014_03_PA065DE00_NIBRS,
6532919,17252,4,2014,U,,,N,F,,C,2014_04_PA065DE00_NIBRS,
6555369,17252,5,2014,U,,,N,F,,C,2014_05_PA065DE00_NIBRS,
6577819,17252,6,2014,U,,,N,F,,C,2014_06_PA065DE00_NIBRS,
6600269,17252,7,2014,U,,,N,F,,C,2014_07_PA065DE00_NIBRS,
6622719,17252,8,2014,U,,,N,F,,C,2014_08_PA065DE00_NIBRS,
6645169,17252,9,2014,U,,,N,F,,C,2014_09_PA065DE00_NIBRS,
6667619,17252,10,2014,U,,,N,F,,C,2014_10_PA065DE00_NIBRS,
6690069,17252,11,2014,U,,,N,F,,C,2014_11_PA065DE00_NIBRS,
6712519,17252,12,2014,U,,,N,F,,C,2014_12_PA065DE00_NIBRS,
6465570,17253,1,2014,U,,,N,F,,C,2014_01_PA065SP00_NIBRS,
6488020,17253,2,2014,U,,,N,F,,C,2014_02_PA065SP00_NIBRS,
6510470,17253,3,2014,U,,,N,F,,C,2014_03_PA065SP00_NIBRS,
6532920,17253,4,2014,U,,,N,F,,C,2014_04_PA065SP00_NIBRS,
6555370,17253,5,2014,U,,,N,F,,C,2014_05_PA065SP00_NIBRS,
6577820,17253,6,2014,U,,,N,F,,C,2014_06_PA065SP00_NIBRS,
6600270,17253,7,2014,U,,,N,F,,C,2014_07_PA065SP00_NIBRS,
6622720,17253,8,2014,U,,,N,F,,C,2014_08_PA065SP00_NIBRS,
6645170,17253,9,2014,U,,,N,F,,C,2014_09_PA065SP00_NIBRS,
6667620,17253,10,2014,U,,,N,F,,C,2014_10_PA065SP00_NIBRS,
6690070,17253,11,2014,U,,,N,F,,C,2014_11_PA065SP00_NIBRS,
6712520,17253,12,2014,U,,,N,F,,C,2014_12_PA065SP00_NIBRS,
6465571,17254,1,2014,U,,,N,F,,C,2014_01_PA0660000_NIBRS,
6488021,17254,2,2014,U,,,N,F,,C,2014_02_PA0660000_NIBRS,
6510471,17254,3,2014,U,,,N,F,,C,2014_03_PA0660000_NIBRS,
6532921,17254,4,2014,U,,,N,F,,C,2014_04_PA0660000_NIBRS,
6555371,17254,5,2014,U,,,N,F,,C,2014_05_PA0660000_NIBRS,
6577821,17254,6,2014,U,,,N,F,,C,2014_06_PA0660000_NIBRS,
6600271,17254,7,2014,U,,,N,F,,C,2014_07_PA0660000_NIBRS,
6622721,17254,8,2014,U,,,N,F,,C,2014_08_PA0660000_NIBRS,
6645171,17254,9,2014,U,,,N,F,,C,2014_09_PA0660000_NIBRS,
6667621,17254,10,2014,U,,,N,F,,C,2014_10_PA0660000_NIBRS,
6690071,17254,11,2014,U,,,N,F,,C,2014_11_PA0660000_NIBRS,
6712521,17254,12,2014,U,,,N,F,,C,2014_12_PA0660000_NIBRS,
6465572,17255,1,2014,U,,,N,F,,C,2014_01_PA0660100_NIBRS,
6488022,17255,2,2014,U,,,N,F,,C,2014_02_PA0660100_NIBRS,
6510472,17255,3,2014,U,,,N,F,,C,2014_03_PA0660100_NIBRS,
6532922,17255,4,2014,U,,,N,F,,C,2014_04_PA0660100_NIBRS,
6555372,17255,5,2014,U,,,N,F,,C,2014_05_PA0660100_NIBRS,
6577822,17255,6,2014,U,,,N,F,,C,2014_06_PA0660100_NIBRS,
6600272,17255,7,2014,U,,,N,F,,C,2014_07_PA0660100_NIBRS,
6622722,17255,8,2014,U,,,N,F,,C,2014_08_PA0660100_NIBRS,
6645172,17255,9,2014,U,,,N,F,,C,2014_09_PA0660100_NIBRS,
6667622,17255,10,2014,U,,,N,F,,C,2014_10_PA0660100_NIBRS,
6690072,17255,11,2014,U,,,N,F,,C,2014_11_PA0660100_NIBRS,
6712522,17255,12,2014,U,,,N,F,,C,2014_12_PA0660100_NIBRS,
6465573,17256,1,2014,U,,,N,F,,C,2014_01_PA0660200_NIBRS,
6488023,17256,2,2014,U,,,N,F,,C,2014_02_PA0660200_NIBRS,
6510473,17256,3,2014,U,,,N,F,,C,2014_03_PA0660200_NIBRS,
6532923,17256,4,2014,U,,,N,F,,C,2014_04_PA0660200_NIBRS,
6555373,17256,5,2014,U,,,N,F,,C,2014_05_PA0660200_NIBRS,
6577823,17256,6,2014,U,,,N,F,,C,2014_06_PA0660200_NIBRS,
6600273,17256,7,2014,U,,,N,F,,C,2014_07_PA0660200_NIBRS,
6622723,17256,8,2014,U,,,N,F,,C,2014_08_PA0660200_NIBRS,
6645173,17256,9,2014,U,,,N,F,,C,2014_09_PA0660200_NIBRS,
6667623,17256,10,2014,U,,,N,F,,C,2014_10_PA0660200_NIBRS,
6690073,17256,11,2014,U,,,N,F,,C,2014_11_PA0660200_NIBRS,
6712523,17256,12,2014,U,,,N,F,,C,2014_12_PA0660200_NIBRS,
6465574,17257,1,2014,U,,,N,F,,C,2014_01_PA0660300_NIBRS,
6488024,17257,2,2014,U,,,N,F,,C,2014_02_PA0660300_NIBRS,
6510474,17257,3,2014,U,,,N,F,,C,2014_03_PA0660300_NIBRS,
6532924,17257,4,2014,U,,,N,F,,C,2014_04_PA0660300_NIBRS,
6555374,17257,5,2014,U,,,N,F,,C,2014_05_PA0660300_NIBRS,
6577824,17257,6,2014,U,,,N,F,,C,2014_06_PA0660300_NIBRS,
6600274,17257,7,2014,U,,,N,F,,C,2014_07_PA0660300_NIBRS,
6622724,17257,8,2014,U,,,N,F,,C,2014_08_PA0660300_NIBRS,
6645174,17257,9,2014,U,,,N,F,,C,2014_09_PA0660300_NIBRS,
6667624,17257,10,2014,U,,,N,F,,C,2014_10_PA0660300_NIBRS,
6690074,17257,11,2014,U,,,N,F,,C,2014_11_PA0660300_NIBRS,
6712524,17257,12,2014,U,,,N,F,,C,2014_12_PA0660300_NIBRS,
6465575,17258,1,2014,U,,,N,F,,C,2014_01_PA0660400_NIBRS,
6488025,17258,2,2014,U,,,N,F,,C,2014_02_PA0660400_NIBRS,
6510475,17258,3,2014,U,,,N,F,,C,2014_03_PA0660400_NIBRS,
6532925,17258,4,2014,U,,,N,F,,C,2014_04_PA0660400_NIBRS,
6555375,17258,5,2014,U,,,N,F,,C,2014_05_PA0660400_NIBRS,
6577825,17258,6,2014,U,,,N,F,,C,2014_06_PA0660400_NIBRS,
6600275,17258,7,2014,U,,,N,F,,C,2014_07_PA0660400_NIBRS,
6622725,17258,8,2014,U,,,N,F,,C,2014_08_PA0660400_NIBRS,
6645175,17258,9,2014,U,,,N,F,,C,2014_09_PA0660400_NIBRS,
6667625,17258,10,2014,U,,,N,F,,C,2014_10_PA0660400_NIBRS,
6690075,17258,11,2014,U,,,N,F,,C,2014_11_PA0660400_NIBRS,
6712525,17258,12,2014,U,,,N,F,,C,2014_12_PA0660400_NIBRS,
6470309,23104,1,2014,U,,,N,F,,C,2014_01_PA0660500_NIBRS,
6492759,23104,2,2014,U,,,N,F,,C,2014_02_PA0660500_NIBRS,
6515209,23104,3,2014,U,,,N,F,,C,2014_03_PA0660500_NIBRS,
6537659,23104,4,2014,U,,,N,F,,C,2014_04_PA0660500_NIBRS,
6560109,23104,5,2014,U,,,N,F,,C,2014_05_PA0660500_NIBRS,
6582559,23104,6,2014,U,,,N,F,,C,2014_06_PA0660500_NIBRS,
6605009,23104,7,2014,U,,,N,F,,C,2014_07_PA0660500_NIBRS,
6627459,23104,8,2014,U,,,N,F,,C,2014_08_PA0660500_NIBRS,
6649909,23104,9,2014,U,,,N,F,,C,2014_09_PA0660500_NIBRS,
6672359,23104,10,2014,U,,,N,F,,C,2014_10_PA0660500_NIBRS,
6694809,23104,11,2014,U,,,N,F,,C,2014_11_PA0660500_NIBRS,
6717259,23104,12,2014,U,,,N,F,,C,2014_12_PA0660500_NIBRS,
6465576,17259,1,2014,U,,,N,F,,C,2014_01_PA0660600_NIBRS,
6488026,17259,2,2014,U,,,N,F,,C,2014_02_PA0660600_NIBRS,
6510476,17259,3,2014,U,,,N,F,,C,2014_03_PA0660600_NIBRS,
6532926,17259,4,2014,U,,,N,F,,C,2014_04_PA0660600_NIBRS,
6555376,17259,5,2014,U,,,N,F,,C,2014_05_PA0660600_NIBRS,
6577826,17259,6,2014,U,,,N,F,,C,2014_06_PA0660600_NIBRS,
6600276,17259,7,2014,U,,,N,F,,C,2014_07_PA0660600_NIBRS,
6622726,17259,8,2014,U,,,N,F,,C,2014_08_PA0660600_NIBRS,
6645176,17259,9,2014,U,,,N,F,,C,2014_09_PA0660600_NIBRS,
6667626,17259,10,2014,U,,,N,F,,C,2014_10_PA0660600_NIBRS,
6690076,17259,11,2014,U,,,N,F,,C,2014_11_PA0660600_NIBRS,
6712526,17259,12,2014,U,,,N,F,,C,2014_12_PA0660600_NIBRS,
6465577,17260,1,2014,U,,,N,F,,C,2014_01_PA0660800_NIBRS,
6488027,17260,2,2014,U,,,N,F,,C,2014_02_PA0660800_NIBRS,
6510477,17260,3,2014,U,,,N,F,,C,2014_03_PA0660800_NIBRS,
6532927,17260,4,2014,U,,,N,F,,C,2014_04_PA0660800_NIBRS,
6555377,17260,5,2014,U,,,N,F,,C,2014_05_PA0660800_NIBRS,
6577827,17260,6,2014,U,,,N,F,,C,2014_06_PA0660800_NIBRS,
6600277,17260,7,2014,U,,,N,F,,C,2014_07_PA0660800_NIBRS,
6622727,17260,8,2014,U,,,N,F,,C,2014_08_PA0660800_NIBRS,
6645177,17260,9,2014,U,,,N,F,,C,2014_09_PA0660800_NIBRS,
6667627,17260,10,2014,U,,,N,F,,C,2014_10_PA0660800_NIBRS,
6690077,17260,11,2014,U,,,N,F,,C,2014_11_PA0660800_NIBRS,
6712527,17260,12,2014,U,,,N,F,,C,2014_12_PA0660800_NIBRS,
6465578,17261,1,2014,U,,,N,F,,C,2014_01_PA0660900_NIBRS,
6488028,17261,2,2014,U,,,N,F,,C,2014_02_PA0660900_NIBRS,
6510478,17261,3,2014,U,,,N,F,,C,2014_03_PA0660900_NIBRS,
6532928,17261,4,2014,U,,,N,F,,C,2014_04_PA0660900_NIBRS,
6555378,17261,5,2014,U,,,N,F,,C,2014_05_PA0660900_NIBRS,
6577828,17261,6,2014,U,,,N,F,,C,2014_06_PA0660900_NIBRS,
6600278,17261,7,2014,U,,,N,F,,C,2014_07_PA0660900_NIBRS,
6622728,17261,8,2014,U,,,N,F,,C,2014_08_PA0660900_NIBRS,
6645178,17261,9,2014,U,,,N,F,,C,2014_09_PA0660900_NIBRS,
6667628,17261,10,2014,U,,,N,F,,C,2014_10_PA0660900_NIBRS,
6690078,17261,11,2014,U,,,N,F,,C,2014_11_PA0660900_NIBRS,
6712528,17261,12,2014,U,,,N,F,,C,2014_12_PA0660900_NIBRS,
6465154,16837,1,2014,U,,,N,F,,C,2014_01_PA0460800_NIBRS,
6487604,16837,2,2014,U,,,N,F,,C,2014_02_PA0460800_NIBRS,
6510054,16837,3,2014,U,,,N,F,,C,2014_03_PA0460800_NIBRS,
6532504,16837,4,2014,U,,,N,F,,C,2014_04_PA0460800_NIBRS,
6554954,16837,5,2014,U,,,N,F,,C,2014_05_PA0460800_NIBRS,
6577404,16837,6,2014,U,,,N,F,,C,2014_06_PA0460800_NIBRS,
6599854,16837,7,2014,U,,,N,F,,C,2014_07_PA0460800_NIBRS,
6622304,16837,8,2014,U,,,N,F,,C,2014_08_PA0460800_NIBRS,
6644754,16837,9,2014,U,,,N,F,,C,2014_09_PA0460800_NIBRS,
6667204,16837,10,2014,U,,,N,F,,C,2014_10_PA0460800_NIBRS,
6689654,16837,11,2014,U,,,N,F,,C,2014_11_PA0460800_NIBRS,
6712104,16837,12,2014,U,,,N,F,,C,2014_12_PA0460800_NIBRS,
6465155,16838,1,2014,U,,,N,F,,C,2014_01_PA0460900_NIBRS,
6487605,16838,2,2014,U,,,N,F,,C,2014_02_PA0460900_NIBRS,
6510055,16838,3,2014,U,,,N,F,,C,2014_03_PA0460900_NIBRS,
6532505,16838,4,2014,U,,,N,F,,C,2014_04_PA0460900_NIBRS,
6554955,16838,5,2014,U,,,N,F,,C,2014_05_PA0460900_NIBRS,
6577405,16838,6,2014,U,,,N,F,,C,2014_06_PA0460900_NIBRS,
6599855,16838,7,2014,U,,,N,F,,C,2014_07_PA0460900_NIBRS,
6622305,16838,8,2014,U,,,N,F,,C,2014_08_PA0460900_NIBRS,
6644755,16838,9,2014,U,,,N,F,,C,2014_09_PA0460900_NIBRS,
6667205,16838,10,2014,U,,,N,F,,C,2014_10_PA0460900_NIBRS,
6689655,16838,11,2014,U,,,N,F,,C,2014_11_PA0460900_NIBRS,
6712105,16838,12,2014,U,,,N,F,,C,2014_12_PA0460900_NIBRS,
6465156,16839,1,2014,U,,,N,F,,C,2014_01_PA0461000_NIBRS,
6487606,16839,2,2014,U,,,N,F,,C,2014_02_PA0461000_NIBRS,
6510056,16839,3,2014,U,,,N,F,,C,2014_03_PA0461000_NIBRS,
6532506,16839,4,2014,U,,,N,F,,C,2014_04_PA0461000_NIBRS,
6554956,16839,5,2014,U,,,N,F,,C,2014_05_PA0461000_NIBRS,
6577406,16839,6,2014,U,,,N,F,,C,2014_06_PA0461000_NIBRS,
6599856,16839,7,2014,U,,,N,F,,C,2014_07_PA0461000_NIBRS,
6622306,16839,8,2014,U,,,N,F,,C,2014_08_PA0461000_NIBRS,
6644756,16839,9,2014,U,,,N,F,,C,2014_09_PA0461000_NIBRS,
6667206,16839,10,2014,U,,,N,F,,C,2014_10_PA0461000_NIBRS,
6689656,16839,11,2014,U,,,N,F,,C,2014_11_PA0461000_NIBRS,
6712106,16839,12,2014,U,,,N,F,,C,2014_12_PA0461000_NIBRS,
6465157,16840,1,2014,U,,,N,F,,C,2014_01_PA0461100_NIBRS,
6487607,16840,2,2014,U,,,N,F,,C,2014_02_PA0461100_NIBRS,
6510057,16840,3,2014,U,,,N,F,,C,2014_03_PA0461100_NIBRS,
6532507,16840,4,2014,U,,,N,F,,C,2014_04_PA0461100_NIBRS,
6554957,16840,5,2014,U,,,N,F,,C,2014_05_PA0461100_NIBRS,
6577407,16840,6,2014,U,,,N,F,,C,2014_06_PA0461100_NIBRS,
6599857,16840,7,2014,U,,,N,F,,C,2014_07_PA0461100_NIBRS,
6622307,16840,8,2014,U,,,N,F,,C,2014_08_PA0461100_NIBRS,
6644757,16840,9,2014,U,,,N,F,,C,2014_09_PA0461100_NIBRS,
6667207,16840,10,2014,U,,,N,F,,C,2014_10_PA0461100_NIBRS,
6689657,16840,11,2014,U,,,N,F,,C,2014_11_PA0461100_NIBRS,
6712107,16840,12,2014,U,,,N,F,,C,2014_12_PA0461100_NIBRS,
6465158,16841,1,2014,U,,,N,F,,C,2014_01_PA0461200_NIBRS,
6487608,16841,2,2014,U,,,N,F,,C,2014_02_PA0461200_NIBRS,
6510058,16841,3,2014,U,,,N,F,,C,2014_03_PA0461200_NIBRS,
6532508,16841,4,2014,U,,,N,F,,C,2014_04_PA0461200_NIBRS,
6554958,16841,5,2014,U,,,N,F,,C,2014_05_PA0461200_NIBRS,
6577408,16841,6,2014,U,,,N,F,,C,2014_06_PA0461200_NIBRS,
6599858,16841,7,2014,U,,,N,F,,C,2014_07_PA0461200_NIBRS,
6622308,16841,8,2014,U,,,N,F,,C,2014_08_PA0461200_NIBRS,
6644758,16841,9,2014,U,,,N,F,,C,2014_09_PA0461200_NIBRS,
6667208,16841,10,2014,U,,,N,F,,C,2014_10_PA0461200_NIBRS,
6689658,16841,11,2014,U,,,N,F,,C,2014_11_PA0461200_NIBRS,
6712108,16841,12,2014,U,,,N,F,,C,2014_12_PA0461200_NIBRS,
6465159,16842,1,2014,U,,,N,F,,C,2014_01_PA0461300_NIBRS,
6487609,16842,2,2014,U,,,N,F,,C,2014_02_PA0461300_NIBRS,
6510059,16842,3,2014,U,,,N,F,,C,2014_03_PA0461300_NIBRS,
6532509,16842,4,2014,U,,,N,F,,C,2014_04_PA0461300_NIBRS,
6554959,16842,5,2014,U,,,N,F,,C,2014_05_PA0461300_NIBRS,
6577409,16842,6,2014,U,,,N,F,,C,2014_06_PA0461300_NIBRS,
6599859,16842,7,2014,U,,,N,F,,C,2014_07_PA0461300_NIBRS,
6622309,16842,8,2014,U,,,N,F,,C,2014_08_PA0461300_NIBRS,
6644759,16842,9,2014,U,,,N,F,,C,2014_09_PA0461300_NIBRS,
6667209,16842,10,2014,U,,,N,F,,C,2014_10_PA0461300_NIBRS,
6689659,16842,11,2014,U,,,N,F,,C,2014_11_PA0461300_NIBRS,
6712109,16842,12,2014,U,,,N,F,,C,2014_12_PA0461300_NIBRS,
6465160,16843,1,2014,U,,,N,F,,C,2014_01_PA0461400_NIBRS,
6487610,16843,2,2014,U,,,N,F,,C,2014_02_PA0461400_NIBRS,
6510060,16843,3,2014,U,,,N,F,,C,2014_03_PA0461400_NIBRS,
6532510,16843,4,2014,U,,,N,F,,C,2014_04_PA0461400_NIBRS,
6554960,16843,5,2014,U,,,N,F,,C,2014_05_PA0461400_NIBRS,
6577410,16843,6,2014,U,,,N,F,,C,2014_06_PA0461400_NIBRS,
6599860,16843,7,2014,U,,,N,F,,C,2014_07_PA0461400_NIBRS,
6622310,16843,8,2014,U,,,N,F,,C,2014_08_PA0461400_NIBRS,
6644760,16843,9,2014,U,,,N,F,,C,2014_09_PA0461400_NIBRS,
6667210,16843,10,2014,U,,,N,F,,C,2014_10_PA0461400_NIBRS,
6689660,16843,11,2014,U,,,N,F,,C,2014_11_PA0461400_NIBRS,
6712110,16843,12,2014,U,,,N,F,,C,2014_12_PA0461400_NIBRS,
6465161,16844,1,2014,U,,,N,F,,C,2014_01_PA0461500_NIBRS,
6487611,16844,2,2014,U,,,N,F,,C,2014_02_PA0461500_NIBRS,
6510061,16844,3,2014,U,,,N,F,,C,2014_03_PA0461500_NIBRS,
6532511,16844,4,2014,U,,,N,F,,C,2014_04_PA0461500_NIBRS,
6554961,16844,5,2014,U,,,N,F,,C,2014_05_PA0461500_NIBRS,
6577411,16844,6,2014,U,,,N,F,,C,2014_06_PA0461500_NIBRS,
6599861,16844,7,2014,U,,,N,F,,C,2014_07_PA0461500_NIBRS,
6622311,16844,8,2014,U,,,N,F,,C,2014_08_PA0461500_NIBRS,
6644761,16844,9,2014,U,,,N,F,,C,2014_09_PA0461500_NIBRS,
6667211,16844,10,2014,U,,,N,F,,C,2014_10_PA0461500_NIBRS,
6689661,16844,11,2014,U,,,N,F,,C,2014_11_PA0461500_NIBRS,
6712111,16844,12,2014,U,,,N,F,,C,2014_12_PA0461500_NIBRS,
6465162,16845,1,2014,U,,,N,F,,C,2014_01_PA0461600_NIBRS,
6487612,16845,2,2014,U,,,N,F,,C,2014_02_PA0461600_NIBRS,
6510062,16845,3,2014,U,,,N,F,,C,2014_03_PA0461600_NIBRS,
6532512,16845,4,2014,U,,,N,F,,C,2014_04_PA0461600_NIBRS,
6554962,16845,5,2014,U,,,N,F,,C,2014_05_PA0461600_NIBRS,
6577412,16845,6,2014,U,,,N,F,,C,2014_06_PA0461600_NIBRS,
6599862,16845,7,2014,U,,,N,F,,C,2014_07_PA0461600_NIBRS,
6622312,16845,8,2014,U,,,N,F,,C,2014_08_PA0461600_NIBRS,
6644762,16845,9,2014,U,,,N,F,,C,2014_09_PA0461600_NIBRS,
6667212,16845,10,2014,U,,,N,F,,C,2014_10_PA0461600_NIBRS,
6689662,16845,11,2014,U,,,N,F,,C,2014_11_PA0461600_NIBRS,
6712112,16845,12,2014,U,,,N,F,,C,2014_12_PA0461600_NIBRS,
6465163,16846,1,2014,U,,,N,F,,C,2014_01_PA0461700_NIBRS,
6487613,16846,2,2014,U,,,N,F,,C,2014_02_PA0461700_NIBRS,
6510063,16846,3,2014,U,,,N,F,,C,2014_03_PA0461700_NIBRS,
6532513,16846,4,2014,U,,,N,F,,C,2014_04_PA0461700_NIBRS,
6554963,16846,5,2014,U,,,N,F,,C,2014_05_PA0461700_NIBRS,
6577413,16846,6,2014,U,,,N,F,,C,2014_06_PA0461700_NIBRS,
6599863,16846,7,2014,U,,,N,F,,C,2014_07_PA0461700_NIBRS,
6622313,16846,8,2014,U,,,N,F,,C,2014_08_PA0461700_NIBRS,
6644763,16846,9,2014,U,,,N,F,,C,2014_09_PA0461700_NIBRS,
6667213,16846,10,2014,U,,,N,F,,C,2014_10_PA0461700_NIBRS,
6689663,16846,11,2014,U,,,N,F,,C,2014_11_PA0461700_NIBRS,
6712113,16846,12,2014,U,,,N,F,,C,2014_12_PA0461700_NIBRS,
6465044,16727,1,2014,U,,,N,F,,C,2014_01_PA0403900_NIBRS,
6487494,16727,2,2014,U,,,N,F,,C,2014_02_PA0403900_NIBRS,
6509944,16727,3,2014,U,,,N,F,,C,2014_03_PA0403900_NIBRS,
6532394,16727,4,2014,U,,,N,F,,C,2014_04_PA0403900_NIBRS,
6554844,16727,5,2014,U,,,N,F,,C,2014_05_PA0403900_NIBRS,
6577294,16727,6,2014,U,,,N,F,,C,2014_06_PA0403900_NIBRS,
6599744,16727,7,2014,U,,,N,F,,C,2014_07_PA0403900_NIBRS,
6622194,16727,8,2014,U,,,N,F,,C,2014_08_PA0403900_NIBRS,
6644644,16727,9,2014,U,,,N,F,,C,2014_09_PA0403900_NIBRS,
6667094,16727,10,2014,U,,,N,F,,C,2014_10_PA0403900_NIBRS,
6689544,16727,11,2014,U,,,N,F,,C,2014_11_PA0403900_NIBRS,
6711994,16727,12,2014,U,,,N,F,,C,2014_12_PA0403900_NIBRS,
6465092,16775,1,2014,U,,,N,F,,C,2014_01_PA0421500_NIBRS,
6487542,16775,2,2014,U,,,N,F,,C,2014_02_PA0421500_NIBRS,
6509992,16775,3,2014,U,,,N,F,,C,2014_03_PA0421500_NIBRS,
6532442,16775,4,2014,U,,,N,F,,C,2014_04_PA0421500_NIBRS,
6554892,16775,5,2014,U,,,N,F,,C,2014_05_PA0421500_NIBRS,
6577342,16775,6,2014,U,,,N,F,,C,2014_06_PA0421500_NIBRS,
6599792,16775,7,2014,U,,,N,F,,C,2014_07_PA0421500_NIBRS,
6622242,16775,8,2014,U,,,N,F,,C,2014_08_PA0421500_NIBRS,
6644692,16775,9,2014,U,,,N,F,,C,2014_09_PA0421500_NIBRS,
6667142,16775,10,2014,U,,,N,F,,C,2014_10_PA0421500_NIBRS,
6689592,16775,11,2014,U,,,N,F,,C,2014_11_PA0421500_NIBRS,
6712042,16775,12,2014,U,,,N,F,,C,2014_12_PA0421500_NIBRS,
6465093,16776,1,2014,U,,,N,F,,C,2014_01_PA042BF00_NIBRS,
6487543,16776,2,2014,U,,,N,F,,C,2014_02_PA042BF00_NIBRS,
6509993,16776,3,2014,U,,,N,F,,C,2014_03_PA042BF00_NIBRS,
6532443,16776,4,2014,U,,,N,F,,C,2014_04_PA042BF00_NIBRS,
6554893,16776,5,2014,U,,,N,F,,C,2014_05_PA042BF00_NIBRS,
6577343,16776,6,2014,U,,,N,F,,C,2014_06_PA042BF00_NIBRS,
6599793,16776,7,2014,U,,,N,F,,C,2014_07_PA042BF00_NIBRS,
6622243,16776,8,2014,U,,,N,F,,C,2014_08_PA042BF00_NIBRS,
6644693,16776,9,2014,U,,,N,F,,C,2014_09_PA042BF00_NIBRS,
6667143,16776,10,2014,U,,,N,F,,C,2014_10_PA042BF00_NIBRS,
6689593,16776,11,2014,U,,,N,F,,C,2014_11_PA042BF00_NIBRS,
6712043,16776,12,2014,U,,,N,F,,C,2014_12_PA042BF00_NIBRS,
6465094,16777,1,2014,U,,,N,F,,C,2014_01_PA042DE00_NIBRS,
6487544,16777,2,2014,U,,,N,F,,C,2014_02_PA042DE00_NIBRS,
6509994,16777,3,2014,U,,,N,F,,C,2014_03_PA042DE00_NIBRS,
6532444,16777,4,2014,U,,,N,F,,C,2014_04_PA042DE00_NIBRS,
6554894,16777,5,2014,U,,,N,F,,C,2014_05_PA042DE00_NIBRS,
6577344,16777,6,2014,U,,,N,F,,C,2014_06_PA042DE00_NIBRS,
6599794,16777,7,2014,U,,,N,F,,C,2014_07_PA042DE00_NIBRS,
6622244,16777,8,2014,U,,,N,F,,C,2014_08_PA042DE00_NIBRS,
6644694,16777,9,2014,U,,,N,F,,C,2014_09_PA042DE00_NIBRS,
6667144,16777,10,2014,U,,,N,F,,C,2014_10_PA042DE00_NIBRS,
6689594,16777,11,2014,U,,,N,F,,C,2014_11_PA042DE00_NIBRS,
6712044,16777,12,2014,U,,,N,F,,C,2014_12_PA042DE00_NIBRS,
6465095,16778,1,2014,U,,,N,F,,C,2014_01_PA042SP00_NIBRS,
6487545,16778,2,2014,U,,,N,F,,C,2014_02_PA042SP00_NIBRS,
6509995,16778,3,2014,U,,,N,F,,C,2014_03_PA042SP00_NIBRS,
6532445,16778,4,2014,U,,,N,F,,C,2014_04_PA042SP00_NIBRS,
6554895,16778,5,2014,U,,,N,F,,C,2014_05_PA042SP00_NIBRS,
6577345,16778,6,2014,U,,,N,F,,C,2014_06_PA042SP00_NIBRS,
6599795,16778,7,2014,U,,,N,F,,C,2014_07_PA042SP00_NIBRS,
6622245,16778,8,2014,U,,,N,F,,C,2014_08_PA042SP00_NIBRS,
6644695,16778,9,2014,U,,,N,F,,C,2014_09_PA042SP00_NIBRS,
6667145,16778,10,2014,U,,,N,F,,C,2014_10_PA042SP00_NIBRS,
6689595,16778,11,2014,U,,,N,F,,C,2014_11_PA042SP00_NIBRS,
6712045,16778,12,2014,U,,,N,F,,C,2014_12_PA042SP00_NIBRS,
6465096,16779,1,2014,U,,,N,F,,C,2014_01_PA0430000_NIBRS,
6487546,16779,2,2014,U,,,N,F,,C,2014_02_PA0430000_NIBRS,
6509996,16779,3,2014,U,,,N,F,,C,2014_03_PA0430000_NIBRS,
6532446,16779,4,2014,U,,,N,F,,C,2014_04_PA0430000_NIBRS,
6554896,16779,5,2014,U,,,N,F,,C,2014_05_PA0430000_NIBRS,
6577346,16779,6,2014,U,,,N,F,,C,2014_06_PA0430000_NIBRS,
6599796,16779,7,2014,U,,,N,F,,C,2014_07_PA0430000_NIBRS,
6622246,16779,8,2014,U,,,N,F,,C,2014_08_PA0430000_NIBRS,
6644696,16779,9,2014,U,,,N,F,,C,2014_09_PA0430000_NIBRS,
6667146,16779,10,2014,U,,,N,F,,C,2014_10_PA0430000_NIBRS,
6689596,16779,11,2014,U,,,N,F,,C,2014_11_PA0430000_NIBRS,
6712046,16779,12,2014,U,,,N,F,,C,2014_12_PA0430000_NIBRS,
6465097,16780,1,2014,I,,,N,F,,C,2014_01_PA0430100_NIBRS,
6487547,16780,2,2014,I,,,N,F,,C,2014_02_PA0430100_NIBRS,
6509997,16780,3,2014,I,,,N,F,,C,2014_03_PA0430100_NIBRS,
6532447,16780,4,2014,I,,,N,F,,C,2014_04_PA0430100_NIBRS,
6554897,16780,5,2014,I,,,N,F,,C,2014_05_PA0430100_NIBRS,
6577347,16780,6,2014,I,,,N,F,,C,2014_06_PA0430100_NIBRS,
6599797,16780,7,2014,I,,,N,F,,C,2014_07_PA0430100_NIBRS,
6622247,16780,8,2014,I,,,N,F,,C,2014_08_PA0430100_NIBRS,
6644697,16780,9,2014,I,,,N,F,,C,2014_09_PA0430100_NIBRS,
6667147,16780,10,2014,I,,,N,F,,C,2014_10_PA0430100_NIBRS,
6689597,16780,11,2014,I,,,N,F,,C,2014_11_PA0430100_NIBRS,
6712047,16780,12,2014,I,,,N,F,,C,2014_12_PA0430100_NIBRS,
6465098,16781,1,2014,U,,,N,F,,C,2014_01_PA0430200_NIBRS,
6487548,16781,2,2014,U,,,N,F,,C,2014_02_PA0430200_NIBRS,
6509998,16781,3,2014,U,,,N,F,,C,2014_03_PA0430200_NIBRS,
6532448,16781,4,2014,U,,,N,F,,C,2014_04_PA0430200_NIBRS,
6554898,16781,5,2014,U,,,N,F,,C,2014_05_PA0430200_NIBRS,
6577348,16781,6,2014,U,,,N,F,,C,2014_06_PA0430200_NIBRS,
6599798,16781,7,2014,U,,,N,F,,C,2014_07_PA0430200_NIBRS,
6622248,16781,8,2014,U,,,N,F,,C,2014_08_PA0430200_NIBRS,
6644698,16781,9,2014,U,,,N,F,,C,2014_09_PA0430200_NIBRS,
6667148,16781,10,2014,U,,,N,F,,C,2014_10_PA0430200_NIBRS,
6689598,16781,11,2014,U,,,N,F,,C,2014_11_PA0430200_NIBRS,
6712048,16781,12,2014,U,,,N,F,,C,2014_12_PA0430200_NIBRS,
6465099,16782,1,2014,U,,,N,F,,C,2014_01_PA0430300_NIBRS,
6487549,16782,2,2014,U,,,N,F,,C,2014_02_PA0430300_NIBRS,
6509999,16782,3,2014,U,,,N,F,,C,2014_03_PA0430300_NIBRS,
6532449,16782,4,2014,U,,,N,F,,C,2014_04_PA0430300_NIBRS,
6554899,16782,5,2014,U,,,N,F,,C,2014_05_PA0430300_NIBRS,
6577349,16782,6,2014,U,,,N,F,,C,2014_06_PA0430300_NIBRS,
6599799,16782,7,2014,U,,,N,F,,C,2014_07_PA0430300_NIBRS,
6622249,16782,8,2014,U,,,N,F,,C,2014_08_PA0430300_NIBRS,
6644699,16782,9,2014,U,,,N,F,,C,2014_09_PA0430300_NIBRS,
6667149,16782,10,2014,U,,,N,F,,C,2014_10_PA0430300_NIBRS,
6689599,16782,11,2014,U,,,N,F,,C,2014_11_PA0430300_NIBRS,
6712049,16782,12,2014,U,,,N,F,,C,2014_12_PA0430300_NIBRS,
6465100,16783,1,2014,U,,,N,F,,C,2014_01_PA0430400_NIBRS,
6487550,16783,2,2014,U,,,N,F,,C,2014_02_PA0430400_NIBRS,
6510000,16783,3,2014,U,,,N,F,,C,2014_03_PA0430400_NIBRS,
6532450,16783,4,2014,U,,,N,F,,C,2014_04_PA0430400_NIBRS,
6554900,16783,5,2014,U,,,N,F,,C,2014_05_PA0430400_NIBRS,
6577350,16783,6,2014,U,,,N,F,,C,2014_06_PA0430400_NIBRS,
6599800,16783,7,2014,U,,,N,F,,C,2014_07_PA0430400_NIBRS,
6622250,16783,8,2014,U,,,N,F,,C,2014_08_PA0430400_NIBRS,
6644700,16783,9,2014,U,,,N,F,,C,2014_09_PA0430400_NIBRS,
6667150,16783,10,2014,U,,,N,F,,C,2014_10_PA0430400_NIBRS,
6689600,16783,11,2014,U,,,N,F,,C,2014_11_PA0430400_NIBRS,
6712050,16783,12,2014,U,,,N,F,,C,2014_12_PA0430400_NIBRS,
6465101,16784,1,2014,U,,,N,F,,C,2014_01_PA0430500_NIBRS,
6487551,16784,2,2014,U,,,N,F,,C,2014_02_PA0430500_NIBRS,
6510001,16784,3,2014,U,,,N,F,,C,2014_03_PA0430500_NIBRS,
6532451,16784,4,2014,U,,,N,F,,C,2014_04_PA0430500_NIBRS,
6554901,16784,5,2014,U,,,N,F,,C,2014_05_PA0430500_NIBRS,
6577351,16784,6,2014,U,,,N,F,,C,2014_06_PA0430500_NIBRS,
6599801,16784,7,2014,U,,,N,F,,C,2014_07_PA0430500_NIBRS,
6622251,16784,8,2014,U,,,N,F,,C,2014_08_PA0430500_NIBRS,
6644701,16784,9,2014,U,,,N,F,,C,2014_09_PA0430500_NIBRS,
6667151,16784,10,2014,U,,,N,F,,C,2014_10_PA0430500_NIBRS,
6689601,16784,11,2014,U,,,N,F,,C,2014_11_PA0430500_NIBRS,
6712051,16784,12,2014,U,,,N,F,,C,2014_12_PA0430500_NIBRS,
6465102,16785,1,2014,U,,,N,F,,C,2014_01_PA0430600_NIBRS,
6487552,16785,2,2014,U,,,N,F,,C,2014_02_PA0430600_NIBRS,
6510002,16785,3,2014,U,,,N,F,,C,2014_03_PA0430600_NIBRS,
6532452,16785,4,2014,U,,,N,F,,C,2014_04_PA0430600_NIBRS,
6554902,16785,5,2014,U,,,N,F,,C,2014_05_PA0430600_NIBRS,
6577352,16785,6,2014,U,,,N,F,,C,2014_06_PA0430600_NIBRS,
6599802,16785,7,2014,U,,,N,F,,C,2014_07_PA0430600_NIBRS,
6622252,16785,8,2014,U,,,N,F,,C,2014_08_PA0430600_NIBRS,
6644702,16785,9,2014,U,,,N,F,,C,2014_09_PA0430600_NIBRS,
6667152,16785,10,2014,U,,,N,F,,C,2014_10_PA0430600_NIBRS,
6689602,16785,11,2014,U,,,N,F,,C,2014_11_PA0430600_NIBRS,
6712052,16785,12,2014,U,,,N,F,,C,2014_12_PA0430600_NIBRS,
6465103,16786,1,2014,U,,,N,F,,C,2014_01_PA0430700_NIBRS,
6487553,16786,2,2014,U,,,N,F,,C,2014_02_PA0430700_NIBRS,
6510003,16786,3,2014,U,,,N,F,,C,2014_03_PA0430700_NIBRS,
6532453,16786,4,2014,U,,,N,F,,C,2014_04_PA0430700_NIBRS,
6554903,16786,5,2014,U,,,N,F,,C,2014_05_PA0430700_NIBRS,
6577353,16786,6,2014,U,,,N,F,,C,2014_06_PA0430700_NIBRS,
6599803,16786,7,2014,U,,,N,F,,C,2014_07_PA0430700_NIBRS,
6622253,16786,8,2014,U,,,N,F,,C,2014_08_PA0430700_NIBRS,
6644703,16786,9,2014,U,,,N,F,,C,2014_09_PA0430700_NIBRS,
6667153,16786,10,2014,U,,,N,F,,C,2014_10_PA0430700_NIBRS,
6689603,16786,11,2014,U,,,N,F,,C,2014_11_PA0430700_NIBRS,
6712053,16786,12,2014,U,,,N,F,,C,2014_12_PA0430700_NIBRS,
6465104,16787,1,2014,U,,,N,F,,C,2014_01_PA0430800_NIBRS,
6487554,16787,2,2014,U,,,N,F,,C,2014_02_PA0430800_NIBRS,
6510004,16787,3,2014,U,,,N,F,,C,2014_03_PA0430800_NIBRS,
6532454,16787,4,2014,U,,,N,F,,C,2014_04_PA0430800_NIBRS,
6554904,16787,5,2014,U,,,N,F,,C,2014_05_PA0430800_NIBRS,
6577354,16787,6,2014,U,,,N,F,,C,2014_06_PA0430800_NIBRS,
6599804,16787,7,2014,U,,,N,F,,C,2014_07_PA0430800_NIBRS,
6622254,16787,8,2014,U,,,N,F,,C,2014_08_PA0430800_NIBRS,
6644704,16787,9,2014,U,,,N,F,,C,2014_09_PA0430800_NIBRS,
6667154,16787,10,2014,U,,,N,F,,C,2014_10_PA0430800_NIBRS,
6689604,16787,11,2014,U,,,N,F,,C,2014_11_PA0430800_NIBRS,
6712054,16787,12,2014,U,,,N,F,,C,2014_12_PA0430800_NIBRS,
6465105,16788,1,2014,U,,,N,F,,C,2014_01_PA0430900_NIBRS,
6487555,16788,2,2014,U,,,N,F,,C,2014_02_PA0430900_NIBRS,
6510005,16788,3,2014,U,,,N,F,,C,2014_03_PA0430900_NIBRS,
6532455,16788,4,2014,U,,,N,F,,C,2014_04_PA0430900_NIBRS,
6554905,16788,5,2014,U,,,N,F,,C,2014_05_PA0430900_NIBRS,
6577355,16788,6,2014,U,,,N,F,,C,2014_06_PA0430900_NIBRS,
6599805,16788,7,2014,U,,,N,F,,C,2014_07_PA0430900_NIBRS,
6622255,16788,8,2014,U,,,N,F,,C,2014_08_PA0430900_NIBRS,
6644705,16788,9,2014,U,,,N,F,,C,2014_09_PA0430900_NIBRS,
6667155,16788,10,2014,U,,,N,F,,C,2014_10_PA0430900_NIBRS,
6689605,16788,11,2014,U,,,N,F,,C,2014_11_PA0430900_NIBRS,
6712055,16788,12,2014,U,,,N,F,,C,2014_12_PA0430900_NIBRS,
6465106,16789,1,2014,U,,,N,F,,C,2014_01_PA0431000_NIBRS,
6487556,16789,2,2014,U,,,N,F,,C,2014_02_PA0431000_NIBRS,
6510006,16789,3,2014,U,,,N,F,,C,2014_03_PA0431000_NIBRS,
6532456,16789,4,2014,U,,,N,F,,C,2014_04_PA0431000_NIBRS,
6554906,16789,5,2014,U,,,N,F,,C,2014_05_PA0431000_NIBRS,
6577356,16789,6,2014,U,,,N,F,,C,2014_06_PA0431000_NIBRS,
6599806,16789,7,2014,U,,,N,F,,C,2014_07_PA0431000_NIBRS,
6622256,16789,8,2014,U,,,N,F,,C,2014_08_PA0431000_NIBRS,
6644706,16789,9,2014,U,,,N,F,,C,2014_09_PA0431000_NIBRS,
6667156,16789,10,2014,U,,,N,F,,C,2014_10_PA0431000_NIBRS,
6689606,16789,11,2014,U,,,N,F,,C,2014_11_PA0431000_NIBRS,
6712056,16789,12,2014,U,,,N,F,,C,2014_12_PA0431000_NIBRS,
6465107,16790,1,2014,U,,,N,F,,C,2014_01_PA0431100_NIBRS,
6487557,16790,2,2014,U,,,N,F,,C,2014_02_PA0431100_NIBRS,
6510007,16790,3,2014,U,,,N,F,,C,2014_03_PA0431100_NIBRS,
6532457,16790,4,2014,U,,,N,F,,C,2014_04_PA0431100_NIBRS,
6554907,16790,5,2014,U,,,N,F,,C,2014_05_PA0431100_NIBRS,
6577357,16790,6,2014,U,,,N,F,,C,2014_06_PA0431100_NIBRS,
6599807,16790,7,2014,U,,,N,F,,C,2014_07_PA0431100_NIBRS,
6622257,16790,8,2014,U,,,N,F,,C,2014_08_PA0431100_NIBRS,
6644707,16790,9,2014,U,,,N,F,,C,2014_09_PA0431100_NIBRS,
6667157,16790,10,2014,U,,,N,F,,C,2014_10_PA0431100_NIBRS,
6689607,16790,11,2014,U,,,N,F,,C,2014_11_PA0431100_NIBRS,
6712057,16790,12,2014,U,,,N,F,,C,2014_12_PA0431100_NIBRS,
6465108,16791,1,2014,U,,,N,F,,C,2014_01_PA0431200_NIBRS,
6487558,16791,2,2014,U,,,N,F,,C,2014_02_PA0431200_NIBRS,
6510008,16791,3,2014,U,,,N,F,,C,2014_03_PA0431200_NIBRS,
6532458,16791,4,2014,U,,,N,F,,C,2014_04_PA0431200_NIBRS,
6554908,16791,5,2014,U,,,N,F,,C,2014_05_PA0431200_NIBRS,
6577358,16791,6,2014,U,,,N,F,,C,2014_06_PA0431200_NIBRS,
6599808,16791,7,2014,U,,,N,F,,C,2014_07_PA0431200_NIBRS,
6622258,16791,8,2014,U,,,N,F,,C,2014_08_PA0431200_NIBRS,
6644708,16791,9,2014,U,,,N,F,,C,2014_09_PA0431200_NIBRS,
6667158,16791,10,2014,U,,,N,F,,C,2014_10_PA0431200_NIBRS,
6689608,16791,11,2014,U,,,N,F,,C,2014_11_PA0431200_NIBRS,
6712058,16791,12,2014,U,,,N,F,,C,2014_12_PA0431200_NIBRS,
6465109,16792,1,2014,U,,,N,F,,C,2014_01_PA0431300_NIBRS,
6487559,16792,2,2014,U,,,N,F,,C,2014_02_PA0431300_NIBRS,
6510009,16792,3,2014,U,,,N,F,,C,2014_03_PA0431300_NIBRS,
6532459,16792,4,2014,U,,,N,F,,C,2014_04_PA0431300_NIBRS,
6554909,16792,5,2014,U,,,N,F,,C,2014_05_PA0431300_NIBRS,
6577359,16792,6,2014,U,,,N,F,,C,2014_06_PA0431300_NIBRS,
6599809,16792,7,2014,U,,,N,F,,C,2014_07_PA0431300_NIBRS,
6622259,16792,8,2014,U,,,N,F,,C,2014_08_PA0431300_NIBRS,
6644709,16792,9,2014,U,,,N,F,,C,2014_09_PA0431300_NIBRS,
6667159,16792,10,2014,U,,,N,F,,C,2014_10_PA0431300_NIBRS,
6689609,16792,11,2014,U,,,N,F,,C,2014_11_PA0431300_NIBRS,
6712059,16792,12,2014,U,,,N,F,,C,2014_12_PA0431300_NIBRS,
6465110,16793,1,2014,U,,,N,F,,C,2014_01_PA0431400_NIBRS,
6487560,16793,2,2014,U,,,N,F,,C,2014_02_PA0431400_NIBRS,
6510010,16793,3,2014,U,,,N,F,,C,2014_03_PA0431400_NIBRS,
6532460,16793,4,2014,U,,,N,F,,C,2014_04_PA0431400_NIBRS,
6554910,16793,5,2014,U,,,N,F,,C,2014_05_PA0431400_NIBRS,
6577360,16793,6,2014,U,,,N,F,,C,2014_06_PA0431400_NIBRS,
6599810,16793,7,2014,U,,,N,F,,C,2014_07_PA0431400_NIBRS,
6622260,16793,8,2014,U,,,N,F,,C,2014_08_PA0431400_NIBRS,
6644710,16793,9,2014,U,,,N,F,,C,2014_09_PA0431400_NIBRS,
6667160,16793,10,2014,U,,,N,F,,C,2014_10_PA0431400_NIBRS,
6689610,16793,11,2014,U,,,N,F,,C,2014_11_PA0431400_NIBRS,
6712060,16793,12,2014,U,,,N,F,,C,2014_12_PA0431400_NIBRS,
6465685,17368,1,2014,U,,,N,F,,C,2014_01_PA61BCI0X_NIBRS,
6488135,17368,2,2014,U,,,N,F,,C,2014_02_PA61BCI0X_NIBRS,
6510585,17368,3,2014,U,,,N,F,,C,2014_03_PA61BCI0X_NIBRS,
6533035,17368,4,2014,U,,,N,F,,C,2014_04_PA61BCI0X_NIBRS,
6555485,17368,5,2014,U,,,N,F,,C,2014_05_PA61BCI0X_NIBRS,
6577935,17368,6,2014,U,,,N,F,,C,2014_06_PA61BCI0X_NIBRS,
6600385,17368,7,2014,U,,,N,F,,C,2014_07_PA61BCI0X_NIBRS,
6622835,17368,8,2014,U,,,N,F,,C,2014_08_PA61BCI0X_NIBRS,
6645285,17368,9,2014,U,,,N,F,,C,2014_09_PA61BCI0X_NIBRS,
6667735,17368,10,2014,U,,,N,F,,C,2014_10_PA61BCI0X_NIBRS,
6690185,17368,11,2014,U,,,N,F,,C,2014_11_PA61BCI0X_NIBRS,
6712635,17368,12,2014,U,,,N,F,,C,2014_12_PA61BCI0X_NIBRS,
6465686,17369,1,2014,U,,,N,F,,C,2014_01_PA62BCI0X_NIBRS,
6488136,17369,2,2014,U,,,N,F,,C,2014_02_PA62BCI0X_NIBRS,
6510586,17369,3,2014,U,,,N,F,,C,2014_03_PA62BCI0X_NIBRS,
6533036,17369,4,2014,U,,,N,F,,C,2014_04_PA62BCI0X_NIBRS,
6555486,17369,5,2014,U,,,N,F,,C,2014_05_PA62BCI0X_NIBRS,
6577936,17369,6,2014,U,,,N,F,,C,2014_06_PA62BCI0X_NIBRS,
6600386,17369,7,2014,U,,,N,F,,C,2014_07_PA62BCI0X_NIBRS,
6622836,17369,8,2014,U,,,N,F,,C,2014_08_PA62BCI0X_NIBRS,
6645286,17369,9,2014,U,,,N,F,,C,2014_09_PA62BCI0X_NIBRS,
6667736,17369,10,2014,U,,,N,F,,C,2014_10_PA62BCI0X_NIBRS,
6690186,17369,11,2014,U,,,N,F,,C,2014_11_PA62BCI0X_NIBRS,
6712636,17369,12,2014,U,,,N,F,,C,2014_12_PA62BCI0X_NIBRS,
6465688,17371,1,2014,U,,,N,F,,C,2014_01_PA64BCI0X_NIBRS,
6488138,17371,2,2014,U,,,N,F,,C,2014_02_PA64BCI0X_NIBRS,
6510588,17371,3,2014,U,,,N,F,,C,2014_03_PA64BCI0X_NIBRS,
6533038,17371,4,2014,U,,,N,F,,C,2014_04_PA64BCI0X_NIBRS,
6555488,17371,5,2014,U,,,N,F,,C,2014_05_PA64BCI0X_NIBRS,
6577938,17371,6,2014,U,,,N,F,,C,2014_06_PA64BCI0X_NIBRS,
6600388,17371,7,2014,U,,,N,F,,C,2014_07_PA64BCI0X_NIBRS,
6622838,17371,8,2014,U,,,N,F,,C,2014_08_PA64BCI0X_NIBRS,
6645288,17371,9,2014,U,,,N,F,,C,2014_09_PA64BCI0X_NIBRS,
6667738,17371,10,2014,U,,,N,F,,C,2014_10_PA64BCI0X_NIBRS,
6690188,17371,11,2014,U,,,N,F,,C,2014_11_PA64BCI0X_NIBRS,
6712638,17371,12,2014,U,,,N,F,,C,2014_12_PA64BCI0X_NIBRS,
6465689,17372,1,2014,U,,,N,F,,C,2014_01_PA65BCI0X_NIBRS,
6488139,17372,2,2014,U,,,N,F,,C,2014_02_PA65BCI0X_NIBRS,
6510589,17372,3,2014,U,,,N,F,,C,2014_03_PA65BCI0X_NIBRS,
6533039,17372,4,2014,U,,,N,F,,C,2014_04_PA65BCI0X_NIBRS,
6555489,17372,5,2014,U,,,N,F,,C,2014_05_PA65BCI0X_NIBRS,
6577939,17372,6,2014,U,,,N,F,,C,2014_06_PA65BCI0X_NIBRS,
6600389,17372,7,2014,U,,,N,F,,C,2014_07_PA65BCI0X_NIBRS,
6622839,17372,8,2014,U,,,N,F,,C,2014_08_PA65BCI0X_NIBRS,
6645289,17372,9,2014,U,,,N,F,,C,2014_09_PA65BCI0X_NIBRS,
6667739,17372,10,2014,U,,,N,F,,C,2014_10_PA65BCI0X_NIBRS,
6690189,17372,11,2014,U,,,N,F,,C,2014_11_PA65BCI0X_NIBRS,
6712639,17372,12,2014,U,,,N,F,,C,2014_12_PA65BCI0X_NIBRS,
6465690,17373,1,2014,U,,,N,F,,C,2014_01_PA66BCI0X_NIBRS,
6488140,17373,2,2014,U,,,N,F,,C,2014_02_PA66BCI0X_NIBRS,
6510590,17373,3,2014,U,,,N,F,,C,2014_03_PA66BCI0X_NIBRS,
6533040,17373,4,2014,U,,,N,F,,C,2014_04_PA66BCI0X_NIBRS,
6555490,17373,5,2014,U,,,N,F,,C,2014_05_PA66BCI0X_NIBRS,
6577940,17373,6,2014,U,,,N,F,,C,2014_06_PA66BCI0X_NIBRS,
6600390,17373,7,2014,U,,,N,F,,C,2014_07_PA66BCI0X_NIBRS,
6622840,17373,8,2014,U,,,N,F,,C,2014_08_PA66BCI0X_NIBRS,
6645290,17373,9,2014,U,,,N,F,,C,2014_09_PA66BCI0X_NIBRS,
6667740,17373,10,2014,U,,,N,F,,C,2014_10_PA66BCI0X_NIBRS,
6690190,17373,11,2014,U,,,N,F,,C,2014_11_PA66BCI0X_NIBRS,
6712640,17373,12,2014,U,,,N,F,,C,2014_12_PA66BCI0X_NIBRS,
6465691,17374,1,2014,U,,,N,F,,C,2014_01_PA67BCI0X_NIBRS,
6488141,17374,2,2014,U,,,N,F,,C,2014_02_PA67BCI0X_NIBRS,
6510591,17374,3,2014,U,,,N,F,,C,2014_03_PA67BCI0X_NIBRS,
6533041,17374,4,2014,U,,,N,F,,C,2014_04_PA67BCI0X_NIBRS,
6555491,17374,5,2014,U,,,N,F,,C,2014_05_PA67BCI0X_NIBRS,
6577941,17374,6,2014,U,,,N,F,,C,2014_06_PA67BCI0X_NIBRS,
6600391,17374,7,2014,U,,,N,F,,C,2014_07_PA67BCI0X_NIBRS,
6622841,17374,8,2014,U,,,N,F,,C,2014_08_PA67BCI0X_NIBRS,
6645291,17374,9,2014,U,,,N,F,,C,2014_09_PA67BCI0X_NIBRS,
6667741,17374,10,2014,U,,,N,F,,C,2014_10_PA67BCI0X_NIBRS,
6690191,17374,11,2014,U,,,N,F,,C,2014_11_PA67BCI0X_NIBRS,
6712641,17374,12,2014,U,,,N,F,,C,2014_12_PA67BCI0X_NIBRS,
6464502,16185,1,2014,U,,,N,F,,C,2014_01_PA0154000_NIBRS,
6486952,16185,2,2014,U,,,N,F,,C,2014_02_PA0154000_NIBRS,
6509402,16185,3,2014,U,,,N,F,,C,2014_03_PA0154000_NIBRS,
6531852,16185,4,2014,U,,,N,F,,C,2014_04_PA0154000_NIBRS,
6554302,16185,5,2014,U,,,N,F,,C,2014_05_PA0154000_NIBRS,
6576752,16185,6,2014,U,,,N,F,,C,2014_06_PA0154000_NIBRS,
6599202,16185,7,2014,U,,,N,F,,C,2014_07_PA0154000_NIBRS,
6621652,16185,8,2014,U,,,N,F,,C,2014_08_PA0154000_NIBRS,
6644102,16185,9,2014,U,,,N,F,,C,2014_09_PA0154000_NIBRS,
6666552,16185,10,2014,U,,,N,F,,C,2014_10_PA0154000_NIBRS,
6689002,16185,11,2014,U,,,N,F,,C,2014_11_PA0154000_NIBRS,
6711452,16185,12,2014,U,,,N,F,,C,2014_12_PA0154000_NIBRS,
6464586,16269,1,2014,U,,,N,F,,C,2014_01_PA0192300_NIBRS,
6487036,16269,2,2014,U,,,N,F,,C,2014_02_PA0192300_NIBRS,
6509486,16269,3,2014,U,,,N,F,,C,2014_03_PA0192300_NIBRS,
6531936,16269,4,2014,U,,,N,F,,C,2014_04_PA0192300_NIBRS,
6554386,16269,5,2014,U,,,N,F,,C,2014_05_PA0192300_NIBRS,
6576836,16269,6,2014,U,,,N,F,,C,2014_06_PA0192300_NIBRS,
6599286,16269,7,2014,U,,,N,F,,C,2014_07_PA0192300_NIBRS,
6621736,16269,8,2014,U,,,N,F,,C,2014_08_PA0192300_NIBRS,
6644186,16269,9,2014,U,,,N,F,,C,2014_09_PA0192300_NIBRS,
6666636,16269,10,2014,U,,,N,F,,C,2014_10_PA0192300_NIBRS,
6689086,16269,11,2014,U,,,N,F,,C,2014_11_PA0192300_NIBRS,
6711536,16269,12,2014,U,,,N,F,,C,2014_12_PA0192300_NIBRS,
6465392,17075,1,2014,U,,,N,F,,C,2014_01_PA057SP00_NIBRS,
6487842,17075,2,2014,U,,,N,F,,C,2014_02_PA057SP00_NIBRS,
6510292,17075,3,2014,U,,,N,F,,C,2014_03_PA057SP00_NIBRS,
6532742,17075,4,2014,U,,,N,F,,C,2014_04_PA057SP00_NIBRS,
6555192,17075,5,2014,U,,,N,F,,C,2014_05_PA057SP00_NIBRS,
6577642,17075,6,2014,U,,,N,F,,C,2014_06_PA057SP00_NIBRS,
6600092,17075,7,2014,U,,,N,F,,C,2014_07_PA057SP00_NIBRS,
6622542,17075,8,2014,U,,,N,F,,C,2014_08_PA057SP00_NIBRS,
6644992,17075,9,2014,U,,,N,F,,C,2014_09_PA057SP00_NIBRS,
6667442,17075,10,2014,U,,,N,F,,C,2014_10_PA057SP00_NIBRS,
6689892,17075,11,2014,U,,,N,F,,C,2014_11_PA057SP00_NIBRS,
6712342,17075,12,2014,U,,,N,F,,C,2014_12_PA057SP00_NIBRS,
6465393,17076,1,2014,U,,,N,F,,C,2014_01_PA0580000_NIBRS,
6487843,17076,2,2014,U,,,N,F,,C,2014_02_PA0580000_NIBRS,
6510293,17076,3,2014,U,,,N,F,,C,2014_03_PA0580000_NIBRS,
6532743,17076,4,2014,U,,,N,F,,C,2014_04_PA0580000_NIBRS,
6555193,17076,5,2014,U,,,N,F,,C,2014_05_PA0580000_NIBRS,
6577643,17076,6,2014,U,,,N,F,,C,2014_06_PA0580000_NIBRS,
6600093,17076,7,2014,U,,,N,F,,C,2014_07_PA0580000_NIBRS,
6622543,17076,8,2014,U,,,N,F,,C,2014_08_PA0580000_NIBRS,
6644993,17076,9,2014,U,,,N,F,,C,2014_09_PA0580000_NIBRS,
6667443,17076,10,2014,U,,,N,F,,C,2014_10_PA0580000_NIBRS,
6689893,17076,11,2014,U,,,N,F,,C,2014_11_PA0580000_NIBRS,
6712343,17076,12,2014,U,,,N,F,,C,2014_12_PA0580000_NIBRS,
6465394,17077,1,2014,U,,,N,F,,C,2014_01_PA0580100_NIBRS,
6487844,17077,2,2014,U,,,N,F,,C,2014_02_PA0580100_NIBRS,
6510294,17077,3,2014,U,,,N,F,,C,2014_03_PA0580100_NIBRS,
6532744,17077,4,2014,U,,,N,F,,C,2014_04_PA0580100_NIBRS,
6555194,17077,5,2014,U,,,N,F,,C,2014_05_PA0580100_NIBRS,
6577644,17077,6,2014,U,,,N,F,,C,2014_06_PA0580100_NIBRS,
6600094,17077,7,2014,U,,,N,F,,C,2014_07_PA0580100_NIBRS,
6622544,17077,8,2014,U,,,N,F,,C,2014_08_PA0580100_NIBRS,
6644994,17077,9,2014,U,,,N,F,,C,2014_09_PA0580100_NIBRS,
6667444,17077,10,2014,U,,,N,F,,C,2014_10_PA0580100_NIBRS,
6689894,17077,11,2014,U,,,N,F,,C,2014_11_PA0580100_NIBRS,
6712344,17077,12,2014,U,,,N,F,,C,2014_12_PA0580100_NIBRS,
6465395,17078,1,2014,U,,,N,F,,C,2014_01_PA0580200_NIBRS,
6487845,17078,2,2014,U,,,N,F,,C,2014_02_PA0580200_NIBRS,
6510295,17078,3,2014,U,,,N,F,,C,2014_03_PA0580200_NIBRS,
6532745,17078,4,2014,U,,,N,F,,C,2014_04_PA0580200_NIBRS,
6555195,17078,5,2014,U,,,N,F,,C,2014_05_PA0580200_NIBRS,
6577645,17078,6,2014,U,,,N,F,,C,2014_06_PA0580200_NIBRS,
6600095,17078,7,2014,U,,,N,F,,C,2014_07_PA0580200_NIBRS,
6622545,17078,8,2014,U,,,N,F,,C,2014_08_PA0580200_NIBRS,
6644995,17078,9,2014,U,,,N,F,,C,2014_09_PA0580200_NIBRS,
6667445,17078,10,2014,U,,,N,F,,C,2014_10_PA0580200_NIBRS,
6689895,17078,11,2014,U,,,N,F,,C,2014_11_PA0580200_NIBRS,
6712345,17078,12,2014,U,,,N,F,,C,2014_12_PA0580200_NIBRS,
6465396,17079,1,2014,U,,,N,F,,C,2014_01_PA0580300_NIBRS,
6487846,17079,2,2014,U,,,N,F,,C,2014_02_PA0580300_NIBRS,
6510296,17079,3,2014,U,,,N,F,,C,2014_03_PA0580300_NIBRS,
6532746,17079,4,2014,U,,,N,F,,C,2014_04_PA0580300_NIBRS,
6555196,17079,5,2014,U,,,N,F,,C,2014_05_PA0580300_NIBRS,
6577646,17079,6,2014,U,,,N,F,,C,2014_06_PA0580300_NIBRS,
6600096,17079,7,2014,U,,,N,F,,C,2014_07_PA0580300_NIBRS,
6622546,17079,8,2014,U,,,N,F,,C,2014_08_PA0580300_NIBRS,
6644996,17079,9,2014,U,,,N,F,,C,2014_09_PA0580300_NIBRS,
6667446,17079,10,2014,U,,,N,F,,C,2014_10_PA0580300_NIBRS,
6689896,17079,11,2014,U,,,N,F,,C,2014_11_PA0580300_NIBRS,
6712346,17079,12,2014,U,,,N,F,,C,2014_12_PA0580300_NIBRS,
6465397,17080,1,2014,U,,,N,F,,C,2014_01_PA0580400_NIBRS,
6487847,17080,2,2014,U,,,N,F,,C,2014_02_PA0580400_NIBRS,
6510297,17080,3,2014,U,,,N,F,,C,2014_03_PA0580400_NIBRS,
6532747,17080,4,2014,U,,,N,F,,C,2014_04_PA0580400_NIBRS,
6555197,17080,5,2014,U,,,N,F,,C,2014_05_PA0580400_NIBRS,
6577647,17080,6,2014,U,,,N,F,,C,2014_06_PA0580400_NIBRS,
6600097,17080,7,2014,U,,,N,F,,C,2014_07_PA0580400_NIBRS,
6622547,17080,8,2014,U,,,N,F,,C,2014_08_PA0580400_NIBRS,
6644997,17080,9,2014,U,,,N,F,,C,2014_09_PA0580400_NIBRS,
6667447,17080,10,2014,U,,,N,F,,C,2014_10_PA0580400_NIBRS,
6689897,17080,11,2014,U,,,N,F,,C,2014_11_PA0580400_NIBRS,
6712347,17080,12,2014,U,,,N,F,,C,2014_12_PA0580400_NIBRS,
6465693,17376,1,2014,U,,,N,F,,C,2014_01_PAPEP0000_NIBRS,
6488143,17376,2,2014,U,,,N,F,,C,2014_02_PAPEP0000_NIBRS,
6510593,17376,3,2014,U,,,N,F,,C,2014_03_PAPEP0000_NIBRS,
6533043,17376,4,2014,U,,,N,F,,C,2014_04_PAPEP0000_NIBRS,
6555493,17376,5,2014,U,,,N,F,,C,2014_05_PAPEP0000_NIBRS,
6577943,17376,6,2014,U,,,N,F,,C,2014_06_PAPEP0000_NIBRS,
6600393,17376,7,2014,U,,,N,F,,C,2014_07_PAPEP0000_NIBRS,
6622843,17376,8,2014,U,,,N,F,,C,2014_08_PAPEP0000_NIBRS,
6645293,17376,9,2014,U,,,N,F,,C,2014_09_PAPEP0000_NIBRS,
6667743,17376,10,2014,U,,,N,F,,C,2014_10_PAPEP0000_NIBRS,
6690193,17376,11,2014,U,,,N,F,,C,2014_11_PAPEP0000_NIBRS,
6712643,17376,12,2014,U,,,N,F,,C,2014_12_PAPEP0000_NIBRS,
6465694,17377,1,2014,U,,,N,F,,C,2014_01_PAPPD0000_NIBRS,
6488144,17377,2,2014,U,,,N,F,,C,2014_02_PAPPD0000_NIBRS,
6510594,17377,3,2014,U,,,N,F,,C,2014_03_PAPPD0000_NIBRS,
6533044,17377,4,2014,U,,,N,F,,C,2014_04_PAPPD0000_NIBRS,
6555494,17377,5,2014,U,,,N,F,,C,2014_05_PAPPD0000_NIBRS,
6577944,17377,6,2014,U,,,N,F,,C,2014_06_PAPPD0000_NIBRS,
6600394,17377,7,2014,U,,,N,F,,C,2014_07_PAPPD0000_NIBRS,
6622844,17377,8,2014,U,,,N,F,,C,2014_08_PAPPD0000_NIBRS,
6645294,17377,9,2014,U,,,N,F,,C,2014_09_PAPPD0000_NIBRS,
6667744,17377,10,2014,U,,,N,F,,C,2014_10_PAPPD0000_NIBRS,
6690194,17377,11,2014,U,,,N,F,,C,2014_11_PAPPD0000_NIBRS,
6712644,17377,12,2014,U,,,N,F,,C,2014_12_PAPPD0000_NIBRS,
6465695,17378,1,2014,U,,,N,F,,C,2014_01_PAPSP0000_NIBRS,
6488145,17378,2,2014,U,,,N,F,,C,2014_02_PAPSP0000_NIBRS,
6510595,17378,3,2014,U,,,N,F,,C,2014_03_PAPSP0000_NIBRS,
6533045,17378,4,2014,U,,,N,F,,C,2014_04_PAPSP0000_NIBRS,
6555495,17378,5,2014,U,,,N,F,,C,2014_05_PAPSP0000_NIBRS,
6577945,17378,6,2014,U,,,N,F,,C,2014_06_PAPSP0000_NIBRS,
6600395,17378,7,2014,U,,,N,F,,C,2014_07_PAPSP0000_NIBRS,
6622845,17378,8,2014,U,,,N,F,,C,2014_08_PAPSP0000_NIBRS,
6645295,17378,9,2014,U,,,N,F,,C,2014_09_PAPSP0000_NIBRS,
6667745,17378,10,2014,U,,,N,F,,C,2014_10_PAPSP0000_NIBRS,
6690195,17378,11,2014,U,,,N,F,,C,2014_11_PAPSP0000_NIBRS,
6712645,17378,12,2014,U,,,N,F,,C,2014_12_PAPSP0000_NIBRS,
6465692,17375,1,2014,U,,,N,F,,C,2014_01_PAGEA0700_NIBRS,
6488142,17375,2,2014,U,,,N,F,,C,2014_02_PAGEA0700_NIBRS,
6510592,17375,3,2014,U,,,N,F,,C,2014_03_PAGEA0700_NIBRS,
6533042,17375,4,2014,U,,,N,F,,C,2014_04_PAGEA0700_NIBRS,
6555492,17375,5,2014,U,,,N,F,,C,2014_05_PAGEA0700_NIBRS,
6577942,17375,6,2014,U,,,N,F,,C,2014_06_PAGEA0700_NIBRS,
6600392,17375,7,2014,U,,,N,F,,C,2014_07_PAGEA0700_NIBRS,
6622842,17375,8,2014,U,,,N,F,,C,2014_08_PAGEA0700_NIBRS,
6645292,17375,9,2014,U,,,N,F,,C,2014_09_PAGEA0700_NIBRS,
6667742,17375,10,2014,U,,,N,F,,C,2014_10_PAGEA0700_NIBRS,
6690192,17375,11,2014,U,,,N,F,,C,2014_11_PAGEA0700_NIBRS,
6712642,17375,12,2014,U,,,N,F,,C,2014_12_PAGEA0700_NIBRS,
6464695,16378,1,2014,U,,,N,F,,C,2014_01_PA0232200_NIBRS,
6487145,16378,2,2014,U,,,N,F,,C,2014_02_PA0232200_NIBRS,
6509595,16378,3,2014,U,,,N,F,,C,2014_03_PA0232200_NIBRS,
6532045,16378,4,2014,U,,,N,F,,C,2014_04_PA0232200_NIBRS,
6554495,16378,5,2014,U,,,N,F,,C,2014_05_PA0232200_NIBRS,
6576945,16378,6,2014,U,,,N,F,,C,2014_06_PA0232200_NIBRS,
6599395,16378,7,2014,U,,,N,F,,C,2014_07_PA0232200_NIBRS,
6621845,16378,8,2014,U,,,N,F,,C,2014_08_PA0232200_NIBRS,
6644295,16378,9,2014,U,,,N,F,,C,2014_09_PA0232200_NIBRS,
6666745,16378,10,2014,U,,,N,F,,C,2014_10_PA0232200_NIBRS,
6689195,16378,11,2014,U,,,N,F,,C,2014_11_PA0232200_NIBRS,
6711645,16378,12,2014,U,,,N,F,,C,2014_12_PA0232200_NIBRS,
6470478,23274,1,2014,U,,,N,F,,C,2014_01_PA0562900_NIBRS,
6492928,23274,2,2014,U,,,N,F,,C,2014_02_PA0562900_NIBRS,
6515378,23274,3,2014,U,,,N,F,,C,2014_03_PA0562900_NIBRS,
6537828,23274,4,2014,U,,,N,F,,C,2014_04_PA0562900_NIBRS,
6560278,23274,5,2014,U,,,N,F,,C,2014_05_PA0562900_NIBRS,
6582728,23274,6,2014,U,,,N,F,,C,2014_06_PA0562900_NIBRS,
6605178,23274,7,2014,U,,,N,F,,C,2014_07_PA0562900_NIBRS,
6627628,23274,8,2014,U,,,N,F,,C,2014_08_PA0562900_NIBRS,
6650078,23274,9,2014,U,,,N,F,,C,2014_09_PA0562900_NIBRS,
6672528,23274,10,2014,U,,,N,F,,C,2014_10_PA0562900_NIBRS,
6694978,23274,11,2014,U,,,N,F,,C,2014_11_PA0562900_NIBRS,
6717428,23274,12,2014,U,,,N,F,,C,2014_12_PA0562900_NIBRS,
6465385,17068,1,2014,U,,,N,F,,C,2014_01_PA056BF00_NIBRS,
6487835,17068,2,2014,U,,,N,F,,C,2014_02_PA056BF00_NIBRS,
6510285,17068,3,2014,U,,,N,F,,C,2014_03_PA056BF00_NIBRS,
6532735,17068,4,2014,U,,,N,F,,C,2014_04_PA056BF00_NIBRS,
6555185,17068,5,2014,U,,,N,F,,C,2014_05_PA056BF00_NIBRS,
6577635,17068,6,2014,U,,,N,F,,C,2014_06_PA056BF00_NIBRS,
6600085,17068,7,2014,U,,,N,F,,C,2014_07_PA056BF00_NIBRS,
6622535,17068,8,2014,U,,,N,F,,C,2014_08_PA056BF00_NIBRS,
6644985,17068,9,2014,U,,,N,F,,C,2014_09_PA056BF00_NIBRS,
6667435,17068,10,2014,U,,,N,F,,C,2014_10_PA056BF00_NIBRS,
6689885,17068,11,2014,U,,,N,F,,C,2014_11_PA056BF00_NIBRS,
6712335,17068,12,2014,U,,,N,F,,C,2014_12_PA056BF00_NIBRS,
6465386,17069,1,2014,U,,,N,F,,C,2014_01_PA056DE00_NIBRS,
6487836,17069,2,2014,U,,,N,F,,C,2014_02_PA056DE00_NIBRS,
6510286,17069,3,2014,U,,,N,F,,C,2014_03_PA056DE00_NIBRS,
6532736,17069,4,2014,U,,,N,F,,C,2014_04_PA056DE00_NIBRS,
6555186,17069,5,2014,U,,,N,F,,C,2014_05_PA056DE00_NIBRS,
6577636,17069,6,2014,U,,,N,F,,C,2014_06_PA056DE00_NIBRS,
6600086,17069,7,2014,U,,,N,F,,C,2014_07_PA056DE00_NIBRS,
6622536,17069,8,2014,U,,,N,F,,C,2014_08_PA056DE00_NIBRS,
6644986,17069,9,2014,U,,,N,F,,C,2014_09_PA056DE00_NIBRS,
6667436,17069,10,2014,U,,,N,F,,C,2014_10_PA056DE00_NIBRS,
6689886,17069,11,2014,U,,,N,F,,C,2014_11_PA056DE00_NIBRS,
6712336,17069,12,2014,U,,,N,F,,C,2014_12_PA056DE00_NIBRS,
6465387,17070,1,2014,U,,,N,F,,C,2014_01_PA056SP00_NIBRS,
6487837,17070,2,2014,U,,,N,F,,C,2014_02_PA056SP00_NIBRS,
6510287,17070,3,2014,U,,,N,F,,C,2014_03_PA056SP00_NIBRS,
6532737,17070,4,2014,U,,,N,F,,C,2014_04_PA056SP00_NIBRS,
6555187,17070,5,2014,U,,,N,F,,C,2014_05_PA056SP00_NIBRS,
6577637,17070,6,2014,U,,,N,F,,C,2014_06_PA056SP00_NIBRS,
6600087,17070,7,2014,U,,,N,F,,C,2014_07_PA056SP00_NIBRS,
6622537,17070,8,2014,U,,,N,F,,C,2014_08_PA056SP00_NIBRS,
6644987,17070,9,2014,U,,,N,F,,C,2014_09_PA056SP00_NIBRS,
6667437,17070,10,2014,U,,,N,F,,C,2014_10_PA056SP00_NIBRS,
6689887,17070,11,2014,U,,,N,F,,C,2014_11_PA056SP00_NIBRS,
6712337,17070,12,2014,U,,,N,F,,C,2014_12_PA056SP00_NIBRS,
6465388,17071,1,2014,U,,,N,F,,C,2014_01_PA0570000_NIBRS,
6487838,17071,2,2014,U,,,N,F,,C,2014_02_PA0570000_NIBRS,
6510288,17071,3,2014,U,,,N,F,,C,2014_03_PA0570000_NIBRS,
6532738,17071,4,2014,U,,,N,F,,C,2014_04_PA0570000_NIBRS,
6555188,17071,5,2014,U,,,N,F,,C,2014_05_PA0570000_NIBRS,
6577638,17071,6,2014,U,,,N,F,,C,2014_06_PA0570000_NIBRS,
6600088,17071,7,2014,U,,,N,F,,C,2014_07_PA0570000_NIBRS,
6622538,17071,8,2014,U,,,N,F,,C,2014_08_PA0570000_NIBRS,
6644988,17071,9,2014,U,,,N,F,,C,2014_09_PA0570000_NIBRS,
6667438,17071,10,2014,U,,,N,F,,C,2014_10_PA0570000_NIBRS,
6689888,17071,11,2014,U,,,N,F,,C,2014_11_PA0570000_NIBRS,
6712338,17071,12,2014,U,,,N,F,,C,2014_12_PA0570000_NIBRS,
6465389,17072,1,2014,U,,,N,F,,C,2014_01_PA0570100_NIBRS,
6487839,17072,2,2014,U,,,N,F,,C,2014_02_PA0570100_NIBRS,
6510289,17072,3,2014,U,,,N,F,,C,2014_03_PA0570100_NIBRS,
6532739,17072,4,2014,U,,,N,F,,C,2014_04_PA0570100_NIBRS,
6555189,17072,5,2014,U,,,N,F,,C,2014_05_PA0570100_NIBRS,
6577639,17072,6,2014,U,,,N,F,,C,2014_06_PA0570100_NIBRS,
6600089,17072,7,2014,U,,,N,F,,C,2014_07_PA0570100_NIBRS,
6622539,17072,8,2014,U,,,N,F,,C,2014_08_PA0570100_NIBRS,
6644989,17072,9,2014,U,,,N,F,,C,2014_09_PA0570100_NIBRS,
6667439,17072,10,2014,U,,,N,F,,C,2014_10_PA0570100_NIBRS,
6689889,17072,11,2014,U,,,N,F,,C,2014_11_PA0570100_NIBRS,
6712339,17072,12,2014,U,,,N,F,,C,2014_12_PA0570100_NIBRS,
6465398,17081,1,2014,U,,,N,F,,C,2014_01_PA0580500_NIBRS,
6487848,17081,2,2014,U,,,N,F,,C,2014_02_PA0580500_NIBRS,
6510298,17081,3,2014,U,,,N,F,,C,2014_03_PA0580500_NIBRS,
6532748,17081,4,2014,U,,,N,F,,C,2014_04_PA0580500_NIBRS,
6555198,17081,5,2014,U,,,N,F,,C,2014_05_PA0580500_NIBRS,
6577648,17081,6,2014,U,,,N,F,,C,2014_06_PA0580500_NIBRS,
6600098,17081,7,2014,U,,,N,F,,C,2014_07_PA0580500_NIBRS,
6622548,17081,8,2014,U,,,N,F,,C,2014_08_PA0580500_NIBRS,
6644998,17081,9,2014,U,,,N,F,,C,2014_09_PA0580500_NIBRS,
6667448,17081,10,2014,U,,,N,F,,C,2014_10_PA0580500_NIBRS,
6689898,17081,11,2014,U,,,N,F,,C,2014_11_PA0580500_NIBRS,
6712348,17081,12,2014,U,,,N,F,,C,2014_12_PA0580500_NIBRS,
6465399,17082,1,2014,U,,,N,F,,C,2014_01_PA0580600_NIBRS,
6487849,17082,2,2014,U,,,N,F,,C,2014_02_PA0580600_NIBRS,
6510299,17082,3,2014,U,,,N,F,,C,2014_03_PA0580600_NIBRS,
6532749,17082,4,2014,U,,,N,F,,C,2014_04_PA0580600_NIBRS,
6555199,17082,5,2014,U,,,N,F,,C,2014_05_PA0580600_NIBRS,
6577649,17082,6,2014,U,,,N,F,,C,2014_06_PA0580600_NIBRS,
6600099,17082,7,2014,U,,,N,F,,C,2014_07_PA0580600_NIBRS,
6622549,17082,8,2014,U,,,N,F,,C,2014_08_PA0580600_NIBRS,
6644999,17082,9,2014,U,,,N,F,,C,2014_09_PA0580600_NIBRS,
6667449,17082,10,2014,U,,,N,F,,C,2014_10_PA0580600_NIBRS,
6689899,17082,11,2014,U,,,N,F,,C,2014_11_PA0580600_NIBRS,
6712349,17082,12,2014,U,,,N,F,,C,2014_12_PA0580600_NIBRS,
6465400,17083,1,2014,U,,,N,F,,C,2014_01_PA0580800_NIBRS,
6487850,17083,2,2014,U,,,N,F,,C,2014_02_PA0580800_NIBRS,
6510300,17083,3,2014,U,,,N,F,,C,2014_03_PA0580800_NIBRS,
6532750,17083,4,2014,U,,,N,F,,C,2014_04_PA0580800_NIBRS,
6555200,17083,5,2014,U,,,N,F,,C,2014_05_PA0580800_NIBRS,
6577650,17083,6,2014,U,,,N,F,,C,2014_06_PA0580800_NIBRS,
6600100,17083,7,2014,U,,,N,F,,C,2014_07_PA0580800_NIBRS,
6622550,17083,8,2014,U,,,N,F,,C,2014_08_PA0580800_NIBRS,
6645000,17083,9,2014,U,,,N,F,,C,2014_09_PA0580800_NIBRS,
6667450,17083,10,2014,U,,,N,F,,C,2014_10_PA0580800_NIBRS,
6689900,17083,11,2014,U,,,N,F,,C,2014_11_PA0580800_NIBRS,
6712350,17083,12,2014,U,,,N,F,,C,2014_12_PA0580800_NIBRS,
6465401,17084,1,2014,U,,,N,F,,C,2014_01_PA0581100_NIBRS,
6487851,17084,2,2014,U,,,N,F,,C,2014_02_PA0581100_NIBRS,
6510301,17084,3,2014,U,,,N,F,,C,2014_03_PA0581100_NIBRS,
6532751,17084,4,2014,U,,,N,F,,C,2014_04_PA0581100_NIBRS,
6555201,17084,5,2014,U,,,N,F,,C,2014_05_PA0581100_NIBRS,
6577651,17084,6,2014,U,,,N,F,,C,2014_06_PA0581100_NIBRS,
6600101,17084,7,2014,U,,,N,F,,C,2014_07_PA0581100_NIBRS,
6622551,17084,8,2014,U,,,N,F,,C,2014_08_PA0581100_NIBRS,
6645001,17084,9,2014,U,,,N,F,,C,2014_09_PA0581100_NIBRS,
6667451,17084,10,2014,U,,,N,F,,C,2014_10_PA0581100_NIBRS,
6689901,17084,11,2014,U,,,N,F,,C,2014_11_PA0581100_NIBRS,
6712351,17084,12,2014,U,,,N,F,,C,2014_12_PA0581100_NIBRS,
6465402,17085,1,2014,U,,,N,F,,C,2014_01_PA0581200_NIBRS,
6487852,17085,2,2014,U,,,N,F,,C,2014_02_PA0581200_NIBRS,
6510302,17085,3,2014,U,,,N,F,,C,2014_03_PA0581200_NIBRS,
6532752,17085,4,2014,U,,,N,F,,C,2014_04_PA0581200_NIBRS,
6555202,17085,5,2014,U,,,N,F,,C,2014_05_PA0581200_NIBRS,
6577652,17085,6,2014,U,,,N,F,,C,2014_06_PA0581200_NIBRS,
6600102,17085,7,2014,U,,,N,F,,C,2014_07_PA0581200_NIBRS,
6622552,17085,8,2014,U,,,N,F,,C,2014_08_PA0581200_NIBRS,
6645002,17085,9,2014,U,,,N,F,,C,2014_09_PA0581200_NIBRS,
6667452,17085,10,2014,U,,,N,F,,C,2014_10_PA0581200_NIBRS,
6689902,17085,11,2014,U,,,N,F,,C,2014_11_PA0581200_NIBRS,
6712352,17085,12,2014,U,,,N,F,,C,2014_12_PA0581200_NIBRS,
6465403,17086,1,2014,U,,,N,F,,C,2014_01_PA0581300_NIBRS,
6487853,17086,2,2014,U,,,N,F,,C,2014_02_PA0581300_NIBRS,
6510303,17086,3,2014,U,,,N,F,,C,2014_03_PA0581300_NIBRS,
6532753,17086,4,2014,U,,,N,F,,C,2014_04_PA0581300_NIBRS,
6555203,17086,5,2014,U,,,N,F,,C,2014_05_PA0581300_NIBRS,
6577653,17086,6,2014,U,,,N,F,,C,2014_06_PA0581300_NIBRS,
6600103,17086,7,2014,U,,,N,F,,C,2014_07_PA0581300_NIBRS,
6622553,17086,8,2014,U,,,N,F,,C,2014_08_PA0581300_NIBRS,
6645003,17086,9,2014,U,,,N,F,,C,2014_09_PA0581300_NIBRS,
6667453,17086,10,2014,U,,,N,F,,C,2014_10_PA0581300_NIBRS,
6689903,17086,11,2014,U,,,N,F,,C,2014_11_PA0581300_NIBRS,
6712353,17086,12,2014,U,,,N,F,,C,2014_12_PA0581300_NIBRS,
6465404,17087,1,2014,U,,,N,F,,C,2014_01_PA0581500_NIBRS,
6487854,17087,2,2014,U,,,N,F,,C,2014_02_PA0581500_NIBRS,
6510304,17087,3,2014,U,,,N,F,,C,2014_03_PA0581500_NIBRS,
6532754,17087,4,2014,U,,,N,F,,C,2014_04_PA0581500_NIBRS,
6555204,17087,5,2014,U,,,N,F,,C,2014_05_PA0581500_NIBRS,
6577654,17087,6,2014,U,,,N,F,,C,2014_06_PA0581500_NIBRS,
6600104,17087,7,2014,U,,,N,F,,C,2014_07_PA0581500_NIBRS,
6622554,17087,8,2014,U,,,N,F,,C,2014_08_PA0581500_NIBRS,
6645004,17087,9,2014,U,,,N,F,,C,2014_09_PA0581500_NIBRS,
6667454,17087,10,2014,U,,,N,F,,C,2014_10_PA0581500_NIBRS,
6689904,17087,11,2014,U,,,N,F,,C,2014_11_PA0581500_NIBRS,
6712354,17087,12,2014,U,,,N,F,,C,2014_12_PA0581500_NIBRS,
6465405,17088,1,2014,U,,,N,F,,C,2014_01_PA0581800_NIBRS,
6487855,17088,2,2014,U,,,N,F,,C,2014_02_PA0581800_NIBRS,
6510305,17088,3,2014,U,,,N,F,,C,2014_03_PA0581800_NIBRS,
6532755,17088,4,2014,U,,,N,F,,C,2014_04_PA0581800_NIBRS,
6555205,17088,5,2014,U,,,N,F,,C,2014_05_PA0581800_NIBRS,
6577655,17088,6,2014,U,,,N,F,,C,2014_06_PA0581800_NIBRS,
6600105,17088,7,2014,U,,,N,F,,C,2014_07_PA0581800_NIBRS,
6622555,17088,8,2014,U,,,N,F,,C,2014_08_PA0581800_NIBRS,
6645005,17088,9,2014,U,,,N,F,,C,2014_09_PA0581800_NIBRS,
6667455,17088,10,2014,U,,,N,F,,C,2014_10_PA0581800_NIBRS,
6689905,17088,11,2014,U,,,N,F,,C,2014_11_PA0581800_NIBRS,
6712355,17088,12,2014,U,,,N,F,,C,2014_12_PA0581800_NIBRS,
6465406,17089,1,2014,U,,,N,F,,C,2014_01_PA058BF00_NIBRS,
6487856,17089,2,2014,U,,,N,F,,C,2014_02_PA058BF00_NIBRS,
6510306,17089,3,2014,U,,,N,F,,C,2014_03_PA058BF00_NIBRS,
6532756,17089,4,2014,U,,,N,F,,C,2014_04_PA058BF00_NIBRS,
6555206,17089,5,2014,U,,,N,F,,C,2014_05_PA058BF00_NIBRS,
6577656,17089,6,2014,U,,,N,F,,C,2014_06_PA058BF00_NIBRS,
6600106,17089,7,2014,U,,,N,F,,C,2014_07_PA058BF00_NIBRS,
6622556,17089,8,2014,U,,,N,F,,C,2014_08_PA058BF00_NIBRS,
6645006,17089,9,2014,U,,,N,F,,C,2014_09_PA058BF00_NIBRS,
6667456,17089,10,2014,U,,,N,F,,C,2014_10_PA058BF00_NIBRS,
6689906,17089,11,2014,U,,,N,F,,C,2014_11_PA058BF00_NIBRS,
6712356,17089,12,2014,U,,,N,F,,C,2014_12_PA058BF00_NIBRS,
6465407,17090,1,2014,U,,,N,F,,C,2014_01_PA058DE00_NIBRS,
6487857,17090,2,2014,U,,,N,F,,C,2014_02_PA058DE00_NIBRS,
6510307,17090,3,2014,U,,,N,F,,C,2014_03_PA058DE00_NIBRS,
6532757,17090,4,2014,U,,,N,F,,C,2014_04_PA058DE00_NIBRS,
6555207,17090,5,2014,U,,,N,F,,C,2014_05_PA058DE00_NIBRS,
6577657,17090,6,2014,U,,,N,F,,C,2014_06_PA058DE00_NIBRS,
6600107,17090,7,2014,U,,,N,F,,C,2014_07_PA058DE00_NIBRS,
6622557,17090,8,2014,U,,,N,F,,C,2014_08_PA058DE00_NIBRS,
6645007,17090,9,2014,U,,,N,F,,C,2014_09_PA058DE00_NIBRS,
6667457,17090,10,2014,U,,,N,F,,C,2014_10_PA058DE00_NIBRS,
6689907,17090,11,2014,U,,,N,F,,C,2014_11_PA058DE00_NIBRS,
6712357,17090,12,2014,U,,,N,F,,C,2014_12_PA058DE00_NIBRS,
6465232,16915,1,2014,U,,,N,F,,C,2014_01_PA0482100_NIBRS,
6487682,16915,2,2014,U,,,N,F,,C,2014_02_PA0482100_NIBRS,
6510132,16915,3,2014,U,,,N,F,,C,2014_03_PA0482100_NIBRS,
6532582,16915,4,2014,U,,,N,F,,C,2014_04_PA0482100_NIBRS,
6555032,16915,5,2014,U,,,N,F,,C,2014_05_PA0482100_NIBRS,
6577482,16915,6,2014,U,,,N,F,,C,2014_06_PA0482100_NIBRS,
6599932,16915,7,2014,U,,,N,F,,C,2014_07_PA0482100_NIBRS,
6622382,16915,8,2014,U,,,N,F,,C,2014_08_PA0482100_NIBRS,
6644832,16915,9,2014,U,,,N,F,,C,2014_09_PA0482100_NIBRS,
6667282,16915,10,2014,U,,,N,F,,C,2014_10_PA0482100_NIBRS,
6689732,16915,11,2014,U,,,N,F,,C,2014_11_PA0482100_NIBRS,
6712182,16915,12,2014,U,,,N,F,,C,2014_12_PA0482100_NIBRS,
6465233,16916,1,2014,U,,,N,F,,C,2014_01_PA0482200_NIBRS,
6487683,16916,2,2014,U,,,N,F,,C,2014_02_PA0482200_NIBRS,
6510133,16916,3,2014,U,,,N,F,,C,2014_03_PA0482200_NIBRS,
6532583,16916,4,2014,U,,,N,F,,C,2014_04_PA0482200_NIBRS,
6555033,16916,5,2014,U,,,N,F,,C,2014_05_PA0482200_NIBRS,
6577483,16916,6,2014,U,,,N,F,,C,2014_06_PA0482200_NIBRS,
6599933,16916,7,2014,U,,,N,F,,C,2014_07_PA0482200_NIBRS,
6622383,16916,8,2014,U,,,N,F,,C,2014_08_PA0482200_NIBRS,
6644833,16916,9,2014,U,,,N,F,,C,2014_09_PA0482200_NIBRS,
6667283,16916,10,2014,U,,,N,F,,C,2014_10_PA0482200_NIBRS,
6689733,16916,11,2014,U,,,N,F,,C,2014_11_PA0482200_NIBRS,
6712183,16916,12,2014,U,,,N,F,,C,2014_12_PA0482200_NIBRS,
6465234,16917,1,2014,U,,,N,F,,C,2014_01_PA0482300_NIBRS,
6487684,16917,2,2014,U,,,N,F,,C,2014_02_PA0482300_NIBRS,
6510134,16917,3,2014,U,,,N,F,,C,2014_03_PA0482300_NIBRS,
6532584,16917,4,2014,U,,,N,F,,C,2014_04_PA0482300_NIBRS,
6555034,16917,5,2014,U,,,N,F,,C,2014_05_PA0482300_NIBRS,
6577484,16917,6,2014,U,,,N,F,,C,2014_06_PA0482300_NIBRS,
6599934,16917,7,2014,U,,,N,F,,C,2014_07_PA0482300_NIBRS,
6622384,16917,8,2014,U,,,N,F,,C,2014_08_PA0482300_NIBRS,
6644834,16917,9,2014,U,,,N,F,,C,2014_09_PA0482300_NIBRS,
6667284,16917,10,2014,U,,,N,F,,C,2014_10_PA0482300_NIBRS,
6689734,16917,11,2014,U,,,N,F,,C,2014_11_PA0482300_NIBRS,
6712184,16917,12,2014,U,,,N,F,,C,2014_12_PA0482300_NIBRS,
6465235,16918,1,2014,U,,,N,F,,C,2014_01_PA0482400_NIBRS,
6487685,16918,2,2014,U,,,N,F,,C,2014_02_PA0482400_NIBRS,
6510135,16918,3,2014,U,,,N,F,,C,2014_03_PA0482400_NIBRS,
6532585,16918,4,2014,U,,,N,F,,C,2014_04_PA0482400_NIBRS,
6555035,16918,5,2014,U,,,N,F,,C,2014_05_PA0482400_NIBRS,
6577485,16918,6,2014,U,,,N,F,,C,2014_06_PA0482400_NIBRS,
6599935,16918,7,2014,U,,,N,F,,C,2014_07_PA0482400_NIBRS,
6622385,16918,8,2014,U,,,N,F,,C,2014_08_PA0482400_NIBRS,
6644835,16918,9,2014,U,,,N,F,,C,2014_09_PA0482400_NIBRS,
6667285,16918,10,2014,U,,,N,F,,C,2014_10_PA0482400_NIBRS,
6689735,16918,11,2014,U,,,N,F,,C,2014_11_PA0482400_NIBRS,
6712185,16918,12,2014,U,,,N,F,,C,2014_12_PA0482400_NIBRS,
6465045,16728,1,2014,U,,,N,F,,C,2014_01_PA0404000_NIBRS,
6487495,16728,2,2014,U,,,N,F,,C,2014_02_PA0404000_NIBRS,
6509945,16728,3,2014,U,,,N,F,,C,2014_03_PA0404000_NIBRS,
6532395,16728,4,2014,U,,,N,F,,C,2014_04_PA0404000_NIBRS,
6554845,16728,5,2014,U,,,N,F,,C,2014_05_PA0404000_NIBRS,
6577295,16728,6,2014,U,,,N,F,,C,2014_06_PA0404000_NIBRS,
6599745,16728,7,2014,U,,,N,F,,C,2014_07_PA0404000_NIBRS,
6622195,16728,8,2014,U,,,N,F,,C,2014_08_PA0404000_NIBRS,
6644645,16728,9,2014,U,,,N,F,,C,2014_09_PA0404000_NIBRS,
6667095,16728,10,2014,U,,,N,F,,C,2014_10_PA0404000_NIBRS,
6689545,16728,11,2014,U,,,N,F,,C,2014_11_PA0404000_NIBRS,
6711995,16728,12,2014,U,,,N,F,,C,2014_12_PA0404000_NIBRS,
6465046,16729,1,2014,U,,,N,F,,C,2014_01_PA0404100_NIBRS,
6487496,16729,2,2014,U,,,N,F,,C,2014_02_PA0404100_NIBRS,
6509946,16729,3,2014,U,,,N,F,,C,2014_03_PA0404100_NIBRS,
6532396,16729,4,2014,U,,,N,F,,C,2014_04_PA0404100_NIBRS,
6554846,16729,5,2014,U,,,N,F,,C,2014_05_PA0404100_NIBRS,
6577296,16729,6,2014,U,,,N,F,,C,2014_06_PA0404100_NIBRS,
6599746,16729,7,2014,U,,,N,F,,C,2014_07_PA0404100_NIBRS,
6622196,16729,8,2014,U,,,N,F,,C,2014_08_PA0404100_NIBRS,
6644646,16729,9,2014,U,,,N,F,,C,2014_09_PA0404100_NIBRS,
6667096,16729,10,2014,U,,,N,F,,C,2014_10_PA0404100_NIBRS,
6689546,16729,11,2014,U,,,N,F,,C,2014_11_PA0404100_NIBRS,
6711996,16729,12,2014,U,,,N,F,,C,2014_12_PA0404100_NIBRS,
6464550,16233,1,2014,U,,,N,F,,C,2014_01_PA0180100_NIBRS,
6487000,16233,2,2014,U,,,N,F,,C,2014_02_PA0180100_NIBRS,
6509450,16233,3,2014,U,,,N,F,,C,2014_03_PA0180100_NIBRS,
6531900,16233,4,2014,U,,,N,F,,C,2014_04_PA0180100_NIBRS,
6554350,16233,5,2014,U,,,N,F,,C,2014_05_PA0180100_NIBRS,
6576800,16233,6,2014,U,,,N,F,,C,2014_06_PA0180100_NIBRS,
6599250,16233,7,2014,U,,,N,F,,C,2014_07_PA0180100_NIBRS,
6621700,16233,8,2014,U,,,N,F,,C,2014_08_PA0180100_NIBRS,
6644150,16233,9,2014,U,,,N,F,,C,2014_09_PA0180100_NIBRS,
6666600,16233,10,2014,U,,,N,F,,C,2014_10_PA0180100_NIBRS,
6689050,16233,11,2014,U,,,N,F,,C,2014_11_PA0180100_NIBRS,
6711500,16233,12,2014,U,,,N,F,,C,2014_12_PA0180100_NIBRS,
6464551,16234,1,2014,U,,,N,F,,C,2014_01_PA0180200_NIBRS,
6487001,16234,2,2014,U,,,N,F,,C,2014_02_PA0180200_NIBRS,
6509451,16234,3,2014,U,,,N,F,,C,2014_03_PA0180200_NIBRS,
6531901,16234,4,2014,U,,,N,F,,C,2014_04_PA0180200_NIBRS,
6554351,16234,5,2014,U,,,N,F,,C,2014_05_PA0180200_NIBRS,
6576801,16234,6,2014,U,,,N,F,,C,2014_06_PA0180200_NIBRS,
6599251,16234,7,2014,U,,,N,F,,C,2014_07_PA0180200_NIBRS,
6621701,16234,8,2014,U,,,N,F,,C,2014_08_PA0180200_NIBRS,
6644151,16234,9,2014,U,,,N,F,,C,2014_09_PA0180200_NIBRS,
6666601,16234,10,2014,U,,,N,F,,C,2014_10_PA0180200_NIBRS,
6689051,16234,11,2014,U,,,N,F,,C,2014_11_PA0180200_NIBRS,
6711501,16234,12,2014,U,,,N,F,,C,2014_12_PA0180200_NIBRS,
6464552,16235,1,2014,U,,,N,F,,C,2014_01_PA0180300_NIBRS,
6487002,16235,2,2014,U,,,N,F,,C,2014_02_PA0180300_NIBRS,
6509452,16235,3,2014,U,,,N,F,,C,2014_03_PA0180300_NIBRS,
6531902,16235,4,2014,U,,,N,F,,C,2014_04_PA0180300_NIBRS,
6554352,16235,5,2014,U,,,N,F,,C,2014_05_PA0180300_NIBRS,
6576802,16235,6,2014,U,,,N,F,,C,2014_06_PA0180300_NIBRS,
6599252,16235,7,2014,U,,,N,F,,C,2014_07_PA0180300_NIBRS,
6621702,16235,8,2014,U,,,N,F,,C,2014_08_PA0180300_NIBRS,
6644152,16235,9,2014,U,,,N,F,,C,2014_09_PA0180300_NIBRS,
6666602,16235,10,2014,U,,,N,F,,C,2014_10_PA0180300_NIBRS,
6689052,16235,11,2014,U,,,N,F,,C,2014_11_PA0180300_NIBRS,
6711502,16235,12,2014,U,,,N,F,,C,2014_12_PA0180300_NIBRS,
6464840,16523,1,2014,U,,,N,F,,C,2014_01_PA0331100_NIBRS,
6487290,16523,2,2014,U,,,N,F,,C,2014_02_PA0331100_NIBRS,
6509740,16523,3,2014,U,,,N,F,,C,2014_03_PA0331100_NIBRS,
6532190,16523,4,2014,U,,,N,F,,C,2014_04_PA0331100_NIBRS,
6554640,16523,5,2014,U,,,N,F,,C,2014_05_PA0331100_NIBRS,
6577090,16523,6,2014,U,,,N,F,,C,2014_06_PA0331100_NIBRS,
6599540,16523,7,2014,U,,,N,F,,C,2014_07_PA0331100_NIBRS,
6621990,16523,8,2014,U,,,N,F,,C,2014_08_PA0331100_NIBRS,
6644440,16523,9,2014,U,,,N,F,,C,2014_09_PA0331100_NIBRS,
6666890,16523,10,2014,U,,,N,F,,C,2014_10_PA0331100_NIBRS,
6689340,16523,11,2014,U,,,N,F,,C,2014_11_PA0331100_NIBRS,
6711790,16523,12,2014,U,,,N,F,,C,2014_12_PA0331100_NIBRS,
6464997,16680,1,2014,U,,,N,F,,C,2014_01_PA0391100_NIBRS,
6487447,16680,2,2014,U,,,N,F,,C,2014_02_PA0391100_NIBRS,
6509897,16680,3,2014,U,,,N,F,,C,2014_03_PA0391100_NIBRS,
6532347,16680,4,2014,U,,,N,F,,C,2014_04_PA0391100_NIBRS,
6554797,16680,5,2014,U,,,N,F,,C,2014_05_PA0391100_NIBRS,
6577247,16680,6,2014,U,,,N,F,,C,2014_06_PA0391100_NIBRS,
6599697,16680,7,2014,U,,,N,F,,C,2014_07_PA0391100_NIBRS,
6622147,16680,8,2014,U,,,N,F,,C,2014_08_PA0391100_NIBRS,
6644597,16680,9,2014,U,,,N,F,,C,2014_09_PA0391100_NIBRS,
6667047,16680,10,2014,U,,,N,F,,C,2014_10_PA0391100_NIBRS,
6689497,16680,11,2014,U,,,N,F,,C,2014_11_PA0391100_NIBRS,
6711947,16680,12,2014,U,,,N,F,,C,2014_12_PA0391100_NIBRS,
6464998,16681,1,2014,U,,,N,F,,C,2014_01_PA0391200_NIBRS,
6487448,16681,2,2014,U,,,N,F,,C,2014_02_PA0391200_NIBRS,
6509898,16681,3,2014,U,,,N,F,,C,2014_03_PA0391200_NIBRS,
6532348,16681,4,2014,U,,,N,F,,C,2014_04_PA0391200_NIBRS,
6554798,16681,5,2014,U,,,N,F,,C,2014_05_PA0391200_NIBRS,
6577248,16681,6,2014,U,,,N,F,,C,2014_06_PA0391200_NIBRS,
6599698,16681,7,2014,U,,,N,F,,C,2014_07_PA0391200_NIBRS,
6622148,16681,8,2014,U,,,N,F,,C,2014_08_PA0391200_NIBRS,
6644598,16681,9,2014,U,,,N,F,,C,2014_09_PA0391200_NIBRS,
6667048,16681,10,2014,U,,,N,F,,C,2014_10_PA0391200_NIBRS,
6689498,16681,11,2014,U,,,N,F,,C,2014_11_PA0391200_NIBRS,
6711948,16681,12,2014,U,,,N,F,,C,2014_12_PA0391200_NIBRS,
6464999,16682,1,2014,U,,,N,F,,C,2014_01_PA0391300_NIBRS,
6487449,16682,2,2014,U,,,N,F,,C,2014_02_PA0391300_NIBRS,
6509899,16682,3,2014,U,,,N,F,,C,2014_03_PA0391300_NIBRS,
6532349,16682,4,2014,U,,,N,F,,C,2014_04_PA0391300_NIBRS,
6554799,16682,5,2014,U,,,N,F,,C,2014_05_PA0391300_NIBRS,
6577249,16682,6,2014,U,,,N,F,,C,2014_06_PA0391300_NIBRS,
6599699,16682,7,2014,U,,,N,F,,C,2014_07_PA0391300_NIBRS,
6622149,16682,8,2014,U,,,N,F,,C,2014_08_PA0391300_NIBRS,
6644599,16682,9,2014,U,,,N,F,,C,2014_09_PA0391300_NIBRS,
6667049,16682,10,2014,U,,,N,F,,C,2014_10_PA0391300_NIBRS,
6689499,16682,11,2014,U,,,N,F,,C,2014_11_PA0391300_NIBRS,
6711949,16682,12,2014,U,,,N,F,,C,2014_12_PA0391300_NIBRS,
6465000,16683,1,2014,U,,,N,F,,C,2014_01_PA0391400_NIBRS,
6487450,16683,2,2014,U,,,N,F,,C,2014_02_PA0391400_NIBRS,
6509900,16683,3,2014,U,,,N,F,,C,2014_03_PA0391400_NIBRS,
6532350,16683,4,2014,U,,,N,F,,C,2014_04_PA0391400_NIBRS,
6554800,16683,5,2014,U,,,N,F,,C,2014_05_PA0391400_NIBRS,
6577250,16683,6,2014,U,,,N,F,,C,2014_06_PA0391400_NIBRS,
6599700,16683,7,2014,U,,,N,F,,C,2014_07_PA0391400_NIBRS,
6622150,16683,8,2014,U,,,N,F,,C,2014_08_PA0391400_NIBRS,
6644600,16683,9,2014,U,,,N,F,,C,2014_09_PA0391400_NIBRS,
6667050,16683,10,2014,U,,,N,F,,C,2014_10_PA0391400_NIBRS,
6689500,16683,11,2014,U,,,N,F,,C,2014_11_PA0391400_NIBRS,
6711950,16683,12,2014,U,,,N,F,,C,2014_12_PA0391400_NIBRS,
6465001,16684,1,2014,U,,,N,F,,C,2014_01_PA0391500_NIBRS,
6487451,16684,2,2014,U,,,N,F,,C,2014_02_PA0391500_NIBRS,
6509901,16684,3,2014,U,,,N,F,,C,2014_03_PA0391500_NIBRS,
6532351,16684,4,2014,U,,,N,F,,C,2014_04_PA0391500_NIBRS,
6554801,16684,5,2014,U,,,N,F,,C,2014_05_PA0391500_NIBRS,
6577251,16684,6,2014,U,,,N,F,,C,2014_06_PA0391500_NIBRS,
6599701,16684,7,2014,U,,,N,F,,C,2014_07_PA0391500_NIBRS,
6622151,16684,8,2014,U,,,N,F,,C,2014_08_PA0391500_NIBRS,
6644601,16684,9,2014,U,,,N,F,,C,2014_09_PA0391500_NIBRS,
6667051,16684,10,2014,U,,,N,F,,C,2014_10_PA0391500_NIBRS,
6689501,16684,11,2014,U,,,N,F,,C,2014_11_PA0391500_NIBRS,
6711951,16684,12,2014,U,,,N,F,,C,2014_12_PA0391500_NIBRS,
6465002,16685,1,2014,U,,,N,F,,C,2014_01_PA0391900_NIBRS,
6487452,16685,2,2014,U,,,N,F,,C,2014_02_PA0391900_NIBRS,
6509902,16685,3,2014,U,,,N,F,,C,2014_03_PA0391900_NIBRS,
6532352,16685,4,2014,U,,,N,F,,C,2014_04_PA0391900_NIBRS,
6554802,16685,5,2014,U,,,N,F,,C,2014_05_PA0391900_NIBRS,
6577252,16685,6,2014,U,,,N,F,,C,2014_06_PA0391900_NIBRS,
6599702,16685,7,2014,U,,,N,F,,C,2014_07_PA0391900_NIBRS,
6622152,16685,8,2014,U,,,N,F,,C,2014_08_PA0391900_NIBRS,
6644602,16685,9,2014,U,,,N,F,,C,2014_09_PA0391900_NIBRS,
6667052,16685,10,2014,U,,,N,F,,C,2014_10_PA0391900_NIBRS,
6689502,16685,11,2014,U,,,N,F,,C,2014_11_PA0391900_NIBRS,
6711952,16685,12,2014,U,,,N,F,,C,2014_12_PA0391900_NIBRS,
6464553,16236,1,2014,U,,,N,F,,C,2014_01_PA0180500_NIBRS,
6487003,16236,2,2014,U,,,N,F,,C,2014_02_PA0180500_NIBRS,
6509453,16236,3,2014,U,,,N,F,,C,2014_03_PA0180500_NIBRS,
6531903,16236,4,2014,U,,,N,F,,C,2014_04_PA0180500_NIBRS,
6554353,16236,5,2014,U,,,N,F,,C,2014_05_PA0180500_NIBRS,
6576803,16236,6,2014,U,,,N,F,,C,2014_06_PA0180500_NIBRS,
6599253,16236,7,2014,U,,,N,F,,C,2014_07_PA0180500_NIBRS,
6621703,16236,8,2014,U,,,N,F,,C,2014_08_PA0180500_NIBRS,
6644153,16236,9,2014,U,,,N,F,,C,2014_09_PA0180500_NIBRS,
6666603,16236,10,2014,U,,,N,F,,C,2014_10_PA0180500_NIBRS,
6689053,16236,11,2014,U,,,N,F,,C,2014_11_PA0180500_NIBRS,
6711503,16236,12,2014,U,,,N,F,,C,2014_12_PA0180500_NIBRS,
6464554,16237,1,2014,U,,,N,F,,C,2014_01_PA0180600_NIBRS,
6487004,16237,2,2014,U,,,N,F,,C,2014_02_PA0180600_NIBRS,
6509454,16237,3,2014,U,,,N,F,,C,2014_03_PA0180600_NIBRS,
6531904,16237,4,2014,U,,,N,F,,C,2014_04_PA0180600_NIBRS,
6554354,16237,5,2014,U,,,N,F,,C,2014_05_PA0180600_NIBRS,
6576804,16237,6,2014,U,,,N,F,,C,2014_06_PA0180600_NIBRS,
6599254,16237,7,2014,U,,,N,F,,C,2014_07_PA0180600_NIBRS,
6621704,16237,8,2014,U,,,N,F,,C,2014_08_PA0180600_NIBRS,
6644154,16237,9,2014,U,,,N,F,,C,2014_09_PA0180600_NIBRS,
6666604,16237,10,2014,U,,,N,F,,C,2014_10_PA0180600_NIBRS,
6689054,16237,11,2014,U,,,N,F,,C,2014_11_PA0180600_NIBRS,
6711504,16237,12,2014,U,,,N,F,,C,2014_12_PA0180600_NIBRS,
6464555,16238,1,2014,U,,,N,F,,C,2014_01_PA0180700_NIBRS,
6487005,16238,2,2014,U,,,N,F,,C,2014_02_PA0180700_NIBRS,
6509455,16238,3,2014,U,,,N,F,,C,2014_03_PA0180700_NIBRS,
6531905,16238,4,2014,U,,,N,F,,C,2014_04_PA0180700_NIBRS,
6554355,16238,5,2014,U,,,N,F,,C,2014_05_PA0180700_NIBRS,
6576805,16238,6,2014,U,,,N,F,,C,2014_06_PA0180700_NIBRS,
6599255,16238,7,2014,U,,,N,F,,C,2014_07_PA0180700_NIBRS,
6621705,16238,8,2014,U,,,N,F,,C,2014_08_PA0180700_NIBRS,
6644155,16238,9,2014,U,,,N,F,,C,2014_09_PA0180700_NIBRS,
6666605,16238,10,2014,U,,,N,F,,C,2014_10_PA0180700_NIBRS,
6689055,16238,11,2014,U,,,N,F,,C,2014_11_PA0180700_NIBRS,
6711505,16238,12,2014,U,,,N,F,,C,2014_12_PA0180700_NIBRS,
6465195,16878,1,2014,U,,,N,F,,C,2014_01_PA0465200_NIBRS,
6487645,16878,2,2014,U,,,N,F,,C,2014_02_PA0465200_NIBRS,
6510095,16878,3,2014,U,,,N,F,,C,2014_03_PA0465200_NIBRS,
6532545,16878,4,2014,U,,,N,F,,C,2014_04_PA0465200_NIBRS,
6554995,16878,5,2014,U,,,N,F,,C,2014_05_PA0465200_NIBRS,
6577445,16878,6,2014,U,,,N,F,,C,2014_06_PA0465200_NIBRS,
6599895,16878,7,2014,U,,,N,F,,C,2014_07_PA0465200_NIBRS,
6622345,16878,8,2014,U,,,N,F,,C,2014_08_PA0465200_NIBRS,
6644795,16878,9,2014,U,,,N,F,,C,2014_09_PA0465200_NIBRS,
6667245,16878,10,2014,U,,,N,F,,C,2014_10_PA0465200_NIBRS,
6689695,16878,11,2014,U,,,N,F,,C,2014_11_PA0465200_NIBRS,
6712145,16878,12,2014,U,,,N,F,,C,2014_12_PA0465200_NIBRS,
6465196,16879,1,2014,U,,,N,F,,C,2014_01_PA0465300_NIBRS,
6487646,16879,2,2014,U,,,N,F,,C,2014_02_PA0465300_NIBRS,
6510096,16879,3,2014,U,,,N,F,,C,2014_03_PA0465300_NIBRS,
6532546,16879,4,2014,U,,,N,F,,C,2014_04_PA0465300_NIBRS,
6554996,16879,5,2014,U,,,N,F,,C,2014_05_PA0465300_NIBRS,
6577446,16879,6,2014,U,,,N,F,,C,2014_06_PA0465300_NIBRS,
6599896,16879,7,2014,U,,,N,F,,C,2014_07_PA0465300_NIBRS,
6622346,16879,8,2014,U,,,N,F,,C,2014_08_PA0465300_NIBRS,
6644796,16879,9,2014,U,,,N,F,,C,2014_09_PA0465300_NIBRS,
6667246,16879,10,2014,U,,,N,F,,C,2014_10_PA0465300_NIBRS,
6689696,16879,11,2014,U,,,N,F,,C,2014_11_PA0465300_NIBRS,
6712146,16879,12,2014,U,,,N,F,,C,2014_12_PA0465300_NIBRS,
6465197,16880,1,2014,U,,,N,F,,C,2014_01_PA0465400_NIBRS,
6487647,16880,2,2014,U,,,N,F,,C,2014_02_PA0465400_NIBRS,
6510097,16880,3,2014,U,,,N,F,,C,2014_03_PA0465400_NIBRS,
6532547,16880,4,2014,U,,,N,F,,C,2014_04_PA0465400_NIBRS,
6554997,16880,5,2014,U,,,N,F,,C,2014_05_PA0465400_NIBRS,
6577447,16880,6,2014,U,,,N,F,,C,2014_06_PA0465400_NIBRS,
6599897,16880,7,2014,U,,,N,F,,C,2014_07_PA0465400_NIBRS,
6622347,16880,8,2014,U,,,N,F,,C,2014_08_PA0465400_NIBRS,
6644797,16880,9,2014,U,,,N,F,,C,2014_09_PA0465400_NIBRS,
6667247,16880,10,2014,U,,,N,F,,C,2014_10_PA0465400_NIBRS,
6689697,16880,11,2014,U,,,N,F,,C,2014_11_PA0465400_NIBRS,
6712147,16880,12,2014,U,,,N,F,,C,2014_12_PA0465400_NIBRS,
6465198,16881,1,2014,U,,,N,F,,C,2014_01_PA0465500_NIBRS,
6487648,16881,2,2014,U,,,N,F,,C,2014_02_PA0465500_NIBRS,
6510098,16881,3,2014,U,,,N,F,,C,2014_03_PA0465500_NIBRS,
6532548,16881,4,2014,U,,,N,F,,C,2014_04_PA0465500_NIBRS,
6554998,16881,5,2014,U,,,N,F,,C,2014_05_PA0465500_NIBRS,
6577448,16881,6,2014,U,,,N,F,,C,2014_06_PA0465500_NIBRS,
6599898,16881,7,2014,U,,,N,F,,C,2014_07_PA0465500_NIBRS,
6622348,16881,8,2014,U,,,N,F,,C,2014_08_PA0465500_NIBRS,
6644798,16881,9,2014,U,,,N,F,,C,2014_09_PA0465500_NIBRS,
6667248,16881,10,2014,U,,,N,F,,C,2014_10_PA0465500_NIBRS,
6689698,16881,11,2014,U,,,N,F,,C,2014_11_PA0465500_NIBRS,
6712148,16881,12,2014,U,,,N,F,,C,2014_12_PA0465500_NIBRS,
6470505,23301,1,2014,U,,,N,F,,C,2014_01_PA0465600_NIBRS,
6492955,23301,2,2014,U,,,N,F,,C,2014_02_PA0465600_NIBRS,
6515405,23301,3,2014,U,,,N,F,,C,2014_03_PA0465600_NIBRS,
6537855,23301,4,2014,U,,,N,F,,C,2014_04_PA0465600_NIBRS,
6560305,23301,5,2014,U,,,N,F,,C,2014_05_PA0465600_NIBRS,
6582755,23301,6,2014,U,,,N,F,,C,2014_06_PA0465600_NIBRS,
6605205,23301,7,2014,U,,,N,F,,C,2014_07_PA0465600_NIBRS,
6627655,23301,8,2014,U,,,N,F,,C,2014_08_PA0465600_NIBRS,
6650105,23301,9,2014,U,,,N,F,,C,2014_09_PA0465600_NIBRS,
6672555,23301,10,2014,U,,,N,F,,C,2014_10_PA0465600_NIBRS,
6695005,23301,11,2014,U,,,N,F,,C,2014_11_PA0465600_NIBRS,
6717455,23301,12,2014,U,,,N,F,,C,2014_12_PA0465600_NIBRS,
6465199,16882,1,2014,U,,,N,F,,C,2014_01_PA0465700_NIBRS,
6487649,16882,2,2014,U,,,N,F,,C,2014_02_PA0465700_NIBRS,
6510099,16882,3,2014,U,,,N,F,,C,2014_03_PA0465700_NIBRS,
6532549,16882,4,2014,U,,,N,F,,C,2014_04_PA0465700_NIBRS,
6554999,16882,5,2014,U,,,N,F,,C,2014_05_PA0465700_NIBRS,
6577449,16882,6,2014,U,,,N,F,,C,2014_06_PA0465700_NIBRS,
6599899,16882,7,2014,U,,,N,F,,C,2014_07_PA0465700_NIBRS,
6622349,16882,8,2014,U,,,N,F,,C,2014_08_PA0465700_NIBRS,
6644799,16882,9,2014,U,,,N,F,,C,2014_09_PA0465700_NIBRS,
6667249,16882,10,2014,U,,,N,F,,C,2014_10_PA0465700_NIBRS,
6689699,16882,11,2014,U,,,N,F,,C,2014_11_PA0465700_NIBRS,
6712149,16882,12,2014,U,,,N,F,,C,2014_12_PA0465700_NIBRS,
6465200,16883,1,2014,U,,,N,F,,C,2014_01_PA0465800_NIBRS,
6487650,16883,2,2014,U,,,N,F,,C,2014_02_PA0465800_NIBRS,
6510100,16883,3,2014,U,,,N,F,,C,2014_03_PA0465800_NIBRS,
6532550,16883,4,2014,U,,,N,F,,C,2014_04_PA0465800_NIBRS,
6555000,16883,5,2014,U,,,N,F,,C,2014_05_PA0465800_NIBRS,
6577450,16883,6,2014,U,,,N,F,,C,2014_06_PA0465800_NIBRS,
6599900,16883,7,2014,U,,,N,F,,C,2014_07_PA0465800_NIBRS,
6622350,16883,8,2014,U,,,N,F,,C,2014_08_PA0465800_NIBRS,
6644800,16883,9,2014,U,,,N,F,,C,2014_09_PA0465800_NIBRS,
6667250,16883,10,2014,U,,,N,F,,C,2014_10_PA0465800_NIBRS,
6689700,16883,11,2014,U,,,N,F,,C,2014_11_PA0465800_NIBRS,
6712150,16883,12,2014,U,,,N,F,,C,2014_12_PA0465800_NIBRS,
6465201,16884,1,2014,U,,,N,F,,C,2014_01_PA0465900_NIBRS,
6487651,16884,2,2014,U,,,N,F,,C,2014_02_PA0465900_NIBRS,
6510101,16884,3,2014,U,,,N,F,,C,2014_03_PA0465900_NIBRS,
6532551,16884,4,2014,U,,,N,F,,C,2014_04_PA0465900_NIBRS,
6555001,16884,5,2014,U,,,N,F,,C,2014_05_PA0465900_NIBRS,
6577451,16884,6,2014,U,,,N,F,,C,2014_06_PA0465900_NIBRS,
6599901,16884,7,2014,U,,,N,F,,C,2014_07_PA0465900_NIBRS,
6622351,16884,8,2014,U,,,N,F,,C,2014_08_PA0465900_NIBRS,
6644801,16884,9,2014,U,,,N,F,,C,2014_09_PA0465900_NIBRS,
6667251,16884,10,2014,U,,,N,F,,C,2014_10_PA0465900_NIBRS,
6689701,16884,11,2014,U,,,N,F,,C,2014_11_PA0465900_NIBRS,
6712151,16884,12,2014,U,,,N,F,,C,2014_12_PA0465900_NIBRS,
6465202,16885,1,2014,U,,,N,F,,C,2014_01_PA046BF00_NIBRS,
6487652,16885,2,2014,U,,,N,F,,C,2014_02_PA046BF00_NIBRS,
6510102,16885,3,2014,U,,,N,F,,C,2014_03_PA046BF00_NIBRS,
6532552,16885,4,2014,U,,,N,F,,C,2014_04_PA046BF00_NIBRS,
6555002,16885,5,2014,U,,,N,F,,C,2014_05_PA046BF00_NIBRS,
6577452,16885,6,2014,U,,,N,F,,C,2014_06_PA046BF00_NIBRS,
6599902,16885,7,2014,U,,,N,F,,C,2014_07_PA046BF00_NIBRS,
6622352,16885,8,2014,U,,,N,F,,C,2014_08_PA046BF00_NIBRS,
6644802,16885,9,2014,U,,,N,F,,C,2014_09_PA046BF00_NIBRS,
6667252,16885,10,2014,U,,,N,F,,C,2014_10_PA046BF00_NIBRS,
6689702,16885,11,2014,U,,,N,F,,C,2014_11_PA046BF00_NIBRS,
6712152,16885,12,2014,U,,,N,F,,C,2014_12_PA046BF00_NIBRS,
6465203,16886,1,2014,U,,,N,F,,C,2014_01_PA046DE00_NIBRS,
6487653,16886,2,2014,U,,,N,F,,C,2014_02_PA046DE00_NIBRS,
6510103,16886,3,2014,U,,,N,F,,C,2014_03_PA046DE00_NIBRS,
6532553,16886,4,2014,U,,,N,F,,C,2014_04_PA046DE00_NIBRS,
6555003,16886,5,2014,U,,,N,F,,C,2014_05_PA046DE00_NIBRS,
6577453,16886,6,2014,U,,,N,F,,C,2014_06_PA046DE00_NIBRS,
6599903,16886,7,2014,U,,,N,F,,C,2014_07_PA046DE00_NIBRS,
6622353,16886,8,2014,U,,,N,F,,C,2014_08_PA046DE00_NIBRS,
6644803,16886,9,2014,U,,,N,F,,C,2014_09_PA046DE00_NIBRS,
6667253,16886,10,2014,U,,,N,F,,C,2014_10_PA046DE00_NIBRS,
6689703,16886,11,2014,U,,,N,F,,C,2014_11_PA046DE00_NIBRS,
6712153,16886,12,2014,U,,,N,F,,C,2014_12_PA046DE00_NIBRS,
6465204,16887,1,2014,U,,,N,F,,C,2014_01_PA046SP00_NIBRS,
6487654,16887,2,2014,U,,,N,F,,C,2014_02_PA046SP00_NIBRS,
6510104,16887,3,2014,U,,,N,F,,C,2014_03_PA046SP00_NIBRS,
6532554,16887,4,2014,U,,,N,F,,C,2014_04_PA046SP00_NIBRS,
6555004,16887,5,2014,U,,,N,F,,C,2014_05_PA046SP00_NIBRS,
6577454,16887,6,2014,U,,,N,F,,C,2014_06_PA046SP00_NIBRS,
6599904,16887,7,2014,U,,,N,F,,C,2014_07_PA046SP00_NIBRS,
6622354,16887,8,2014,U,,,N,F,,C,2014_08_PA046SP00_NIBRS,
6644804,16887,9,2014,U,,,N,F,,C,2014_09_PA046SP00_NIBRS,
6667254,16887,10,2014,U,,,N,F,,C,2014_10_PA046SP00_NIBRS,
6689704,16887,11,2014,U,,,N,F,,C,2014_11_PA046SP00_NIBRS,
6712154,16887,12,2014,U,,,N,F,,C,2014_12_PA046SP00_NIBRS,
6465205,16888,1,2014,U,,,N,F,,C,2014_01_PA0470000_NIBRS,
6487655,16888,2,2014,U,,,N,F,,C,2014_02_PA0470000_NIBRS,
6510105,16888,3,2014,U,,,N,F,,C,2014_03_PA0470000_NIBRS,
6532555,16888,4,2014,U,,,N,F,,C,2014_04_PA0470000_NIBRS,
6555005,16888,5,2014,U,,,N,F,,C,2014_05_PA0470000_NIBRS,
6577455,16888,6,2014,U,,,N,F,,C,2014_06_PA0470000_NIBRS,
6599905,16888,7,2014,U,,,N,F,,C,2014_07_PA0470000_NIBRS,
6622355,16888,8,2014,U,,,N,F,,C,2014_08_PA0470000_NIBRS,
6644805,16888,9,2014,U,,,N,F,,C,2014_09_PA0470000_NIBRS,
6667255,16888,10,2014,U,,,N,F,,C,2014_10_PA0470000_NIBRS,
6689705,16888,11,2014,U,,,N,F,,C,2014_11_PA0470000_NIBRS,
6712155,16888,12,2014,U,,,N,F,,C,2014_12_PA0470000_NIBRS,
6465206,16889,1,2014,U,,,N,F,,C,2014_01_PA0470100_NIBRS,
6487656,16889,2,2014,U,,,N,F,,C,2014_02_PA0470100_NIBRS,
6510106,16889,3,2014,U,,,N,F,,C,2014_03_PA0470100_NIBRS,
6532556,16889,4,2014,U,,,N,F,,C,2014_04_PA0470100_NIBRS,
6555006,16889,5,2014,U,,,N,F,,C,2014_05_PA0470100_NIBRS,
6577456,16889,6,2014,U,,,N,F,,C,2014_06_PA0470100_NIBRS,
6599906,16889,7,2014,U,,,N,F,,C,2014_07_PA0470100_NIBRS,
6622356,16889,8,2014,U,,,N,F,,C,2014_08_PA0470100_NIBRS,
6644806,16889,9,2014,U,,,N,F,,C,2014_09_PA0470100_NIBRS,
6667256,16889,10,2014,U,,,N,F,,C,2014_10_PA0470100_NIBRS,
6689706,16889,11,2014,U,,,N,F,,C,2014_11_PA0470100_NIBRS,
6712156,16889,12,2014,U,,,N,F,,C,2014_12_PA0470100_NIBRS,
6465207,16890,1,2014,U,,,N,F,,C,2014_01_PA0470200_NIBRS,
6487657,16890,2,2014,U,,,N,F,,C,2014_02_PA0470200_NIBRS,
6510107,16890,3,2014,U,,,N,F,,C,2014_03_PA0470200_NIBRS,
6532557,16890,4,2014,U,,,N,F,,C,2014_04_PA0470200_NIBRS,
6555007,16890,5,2014,U,,,N,F,,C,2014_05_PA0470200_NIBRS,
6577457,16890,6,2014,U,,,N,F,,C,2014_06_PA0470200_NIBRS,
6599907,16890,7,2014,U,,,N,F,,C,2014_07_PA0470200_NIBRS,
6622357,16890,8,2014,U,,,N,F,,C,2014_08_PA0470200_NIBRS,
6644807,16890,9,2014,U,,,N,F,,C,2014_09_PA0470200_NIBRS,
6667257,16890,10,2014,U,,,N,F,,C,2014_10_PA0470200_NIBRS,
6689707,16890,11,2014,U,,,N,F,,C,2014_11_PA0470200_NIBRS,
6712157,16890,12,2014,U,,,N,F,,C,2014_12_PA0470200_NIBRS,
6470290,23085,1,2014,U,,,N,F,,C,2014_01_PA0470300_NIBRS,
6492740,23085,2,2014,U,,,N,F,,C,2014_02_PA0470300_NIBRS,
6515190,23085,3,2014,U,,,N,F,,C,2014_03_PA0470300_NIBRS,
6537640,23085,4,2014,U,,,N,F,,C,2014_04_PA0470300_NIBRS,
6560090,23085,5,2014,U,,,N,F,,C,2014_05_PA0470300_NIBRS,
6582540,23085,6,2014,U,,,N,F,,C,2014_06_PA0470300_NIBRS,
6604990,23085,7,2014,U,,,N,F,,C,2014_07_PA0470300_NIBRS,
6627440,23085,8,2014,U,,,N,F,,C,2014_08_PA0470300_NIBRS,
6649890,23085,9,2014,U,,,N,F,,C,2014_09_PA0470300_NIBRS,
6672340,23085,10,2014,U,,,N,F,,C,2014_10_PA0470300_NIBRS,
6694790,23085,11,2014,U,,,N,F,,C,2014_11_PA0470300_NIBRS,
6717240,23085,12,2014,U,,,N,F,,C,2014_12_PA0470300_NIBRS,
6465208,16891,1,2014,U,,,N,F,,C,2014_01_PA047BF00_NIBRS,
6487658,16891,2,2014,U,,,N,F,,C,2014_02_PA047BF00_NIBRS,
6510108,16891,3,2014,U,,,N,F,,C,2014_03_PA047BF00_NIBRS,
6532558,16891,4,2014,U,,,N,F,,C,2014_04_PA047BF00_NIBRS,
6555008,16891,5,2014,U,,,N,F,,C,2014_05_PA047BF00_NIBRS,
6577458,16891,6,2014,U,,,N,F,,C,2014_06_PA047BF00_NIBRS,
6599908,16891,7,2014,U,,,N,F,,C,2014_07_PA047BF00_NIBRS,
6622358,16891,8,2014,U,,,N,F,,C,2014_08_PA047BF00_NIBRS,
6644808,16891,9,2014,U,,,N,F,,C,2014_09_PA047BF00_NIBRS,
6667258,16891,10,2014,U,,,N,F,,C,2014_10_PA047BF00_NIBRS,
6689708,16891,11,2014,U,,,N,F,,C,2014_11_PA047BF00_NIBRS,
6712158,16891,12,2014,U,,,N,F,,C,2014_12_PA047BF00_NIBRS,
6465209,16892,1,2014,U,,,N,F,,C,2014_01_PA047DE00_NIBRS,
6487659,16892,2,2014,U,,,N,F,,C,2014_02_PA047DE00_NIBRS,
6510109,16892,3,2014,U,,,N,F,,C,2014_03_PA047DE00_NIBRS,
6532559,16892,4,2014,U,,,N,F,,C,2014_04_PA047DE00_NIBRS,
6555009,16892,5,2014,U,,,N,F,,C,2014_05_PA047DE00_NIBRS,
6577459,16892,6,2014,U,,,N,F,,C,2014_06_PA047DE00_NIBRS,
6599909,16892,7,2014,U,,,N,F,,C,2014_07_PA047DE00_NIBRS,
6622359,16892,8,2014,U,,,N,F,,C,2014_08_PA047DE00_NIBRS,
6644809,16892,9,2014,U,,,N,F,,C,2014_09_PA047DE00_NIBRS,
6667259,16892,10,2014,U,,,N,F,,C,2014_10_PA047DE00_NIBRS,
6689709,16892,11,2014,U,,,N,F,,C,2014_11_PA047DE00_NIBRS,
6712159,16892,12,2014,U,,,N,F,,C,2014_12_PA047DE00_NIBRS,
6465210,16893,1,2014,U,,,N,F,,C,2014_01_PA047SP00_NIBRS,
6487660,16893,2,2014,U,,,N,F,,C,2014_02_PA047SP00_NIBRS,
6510110,16893,3,2014,U,,,N,F,,C,2014_03_PA047SP00_NIBRS,
6532560,16893,4,2014,U,,,N,F,,C,2014_04_PA047SP00_NIBRS,
6555010,16893,5,2014,U,,,N,F,,C,2014_05_PA047SP00_NIBRS,
6577460,16893,6,2014,U,,,N,F,,C,2014_06_PA047SP00_NIBRS,
6599910,16893,7,2014,U,,,N,F,,C,2014_07_PA047SP00_NIBRS,
6622360,16893,8,2014,U,,,N,F,,C,2014_08_PA047SP00_NIBRS,
6644810,16893,9,2014,U,,,N,F,,C,2014_09_PA047SP00_NIBRS,
6667260,16893,10,2014,U,,,N,F,,C,2014_10_PA047SP00_NIBRS,
6689710,16893,11,2014,U,,,N,F,,C,2014_11_PA047SP00_NIBRS,
6712160,16893,12,2014,U,,,N,F,,C,2014_12_PA047SP00_NIBRS,
6465211,16894,1,2014,U,,,N,F,,C,2014_01_PA0480000_NIBRS,
6487661,16894,2,2014,U,,,N,F,,C,2014_02_PA0480000_NIBRS,
6510111,16894,3,2014,U,,,N,F,,C,2014_03_PA0480000_NIBRS,
6532561,16894,4,2014,U,,,N,F,,C,2014_04_PA0480000_NIBRS,
6555011,16894,5,2014,U,,,N,F,,C,2014_05_PA0480000_NIBRS,
6577461,16894,6,2014,U,,,N,F,,C,2014_06_PA0480000_NIBRS,
6599911,16894,7,2014,U,,,N,F,,C,2014_07_PA0480000_NIBRS,
6622361,16894,8,2014,U,,,N,F,,C,2014_08_PA0480000_NIBRS,
6644811,16894,9,2014,U,,,N,F,,C,2014_09_PA0480000_NIBRS,
6667261,16894,10,2014,U,,,N,F,,C,2014_10_PA0480000_NIBRS,
6689711,16894,11,2014,U,,,N,F,,C,2014_11_PA0480000_NIBRS,
6712161,16894,12,2014,U,,,N,F,,C,2014_12_PA0480000_NIBRS,
6465212,16895,1,2014,U,,,N,F,,C,2014_01_PA0480100_NIBRS,
6487662,16895,2,2014,U,,,N,F,,C,2014_02_PA0480100_NIBRS,
6510112,16895,3,2014,U,,,N,F,,C,2014_03_PA0480100_NIBRS,
6532562,16895,4,2014,U,,,N,F,,C,2014_04_PA0480100_NIBRS,
6555012,16895,5,2014,U,,,N,F,,C,2014_05_PA0480100_NIBRS,
6577462,16895,6,2014,U,,,N,F,,C,2014_06_PA0480100_NIBRS,
6599912,16895,7,2014,U,,,N,F,,C,2014_07_PA0480100_NIBRS,
6622362,16895,8,2014,U,,,N,F,,C,2014_08_PA0480100_NIBRS,
6644812,16895,9,2014,U,,,N,F,,C,2014_09_PA0480100_NIBRS,
6667262,16895,10,2014,U,,,N,F,,C,2014_10_PA0480100_NIBRS,
6689712,16895,11,2014,U,,,N,F,,C,2014_11_PA0480100_NIBRS,
6712162,16895,12,2014,U,,,N,F,,C,2014_12_PA0480100_NIBRS,
6465213,16896,1,2014,U,,,N,F,,C,2014_01_PA0480200_NIBRS,
6487663,16896,2,2014,U,,,N,F,,C,2014_02_PA0480200_NIBRS,
6510113,16896,3,2014,U,,,N,F,,C,2014_03_PA0480200_NIBRS,
6532563,16896,4,2014,U,,,N,F,,C,2014_04_PA0480200_NIBRS,
6555013,16896,5,2014,U,,,N,F,,C,2014_05_PA0480200_NIBRS,
6577463,16896,6,2014,U,,,N,F,,C,2014_06_PA0480200_NIBRS,
6599913,16896,7,2014,U,,,N,F,,C,2014_07_PA0480200_NIBRS,
6622363,16896,8,2014,U,,,N,F,,C,2014_08_PA0480200_NIBRS,
6644813,16896,9,2014,U,,,N,F,,C,2014_09_PA0480200_NIBRS,
6667263,16896,10,2014,U,,,N,F,,C,2014_10_PA0480200_NIBRS,
6689713,16896,11,2014,U,,,N,F,,C,2014_11_PA0480200_NIBRS,
6712163,16896,12,2014,U,,,N,F,,C,2014_12_PA0480200_NIBRS,
6465214,16897,1,2014,U,,,N,F,,C,2014_01_PA0480300_NIBRS,
6487664,16897,2,2014,U,,,N,F,,C,2014_02_PA0480300_NIBRS,
6510114,16897,3,2014,U,,,N,F,,C,2014_03_PA0480300_NIBRS,
6532564,16897,4,2014,U,,,N,F,,C,2014_04_PA0480300_NIBRS,
6555014,16897,5,2014,U,,,N,F,,C,2014_05_PA0480300_NIBRS,
6577464,16897,6,2014,U,,,N,F,,C,2014_06_PA0480300_NIBRS,
6599914,16897,7,2014,U,,,N,F,,C,2014_07_PA0480300_NIBRS,
6622364,16897,8,2014,U,,,N,F,,C,2014_08_PA0480300_NIBRS,
6644814,16897,9,2014,U,,,N,F,,C,2014_09_PA0480300_NIBRS,
6667264,16897,10,2014,U,,,N,F,,C,2014_10_PA0480300_NIBRS,
6689714,16897,11,2014,U,,,N,F,,C,2014_11_PA0480300_NIBRS,
6712164,16897,12,2014,U,,,N,F,,C,2014_12_PA0480300_NIBRS,
6465215,16898,1,2014,U,,,N,F,,C,2014_01_PA0480400_NIBRS,
6487665,16898,2,2014,U,,,N,F,,C,2014_02_PA0480400_NIBRS,
6510115,16898,3,2014,U,,,N,F,,C,2014_03_PA0480400_NIBRS,
6532565,16898,4,2014,U,,,N,F,,C,2014_04_PA0480400_NIBRS,
6555015,16898,5,2014,U,,,N,F,,C,2014_05_PA0480400_NIBRS,
6577465,16898,6,2014,U,,,N,F,,C,2014_06_PA0480400_NIBRS,
6599915,16898,7,2014,U,,,N,F,,C,2014_07_PA0480400_NIBRS,
6622365,16898,8,2014,U,,,N,F,,C,2014_08_PA0480400_NIBRS,
6644815,16898,9,2014,U,,,N,F,,C,2014_09_PA0480400_NIBRS,
6667265,16898,10,2014,U,,,N,F,,C,2014_10_PA0480400_NIBRS,
6689715,16898,11,2014,U,,,N,F,,C,2014_11_PA0480400_NIBRS,
6712165,16898,12,2014,U,,,N,F,,C,2014_12_PA0480400_NIBRS,
6465216,16899,1,2014,U,,,N,F,,C,2014_01_PA0480500_NIBRS,
6487666,16899,2,2014,U,,,N,F,,C,2014_02_PA0480500_NIBRS,
6510116,16899,3,2014,U,,,N,F,,C,2014_03_PA0480500_NIBRS,
6532566,16899,4,2014,U,,,N,F,,C,2014_04_PA0480500_NIBRS,
6555016,16899,5,2014,U,,,N,F,,C,2014_05_PA0480500_NIBRS,
6577466,16899,6,2014,U,,,N,F,,C,2014_06_PA0480500_NIBRS,
6599916,16899,7,2014,U,,,N,F,,C,2014_07_PA0480500_NIBRS,
6622366,16899,8,2014,U,,,N,F,,C,2014_08_PA0480500_NIBRS,
6644816,16899,9,2014,U,,,N,F,,C,2014_09_PA0480500_NIBRS,
6667266,16899,10,2014,U,,,N,F,,C,2014_10_PA0480500_NIBRS,
6689716,16899,11,2014,U,,,N,F,,C,2014_11_PA0480500_NIBRS,
6712166,16899,12,2014,U,,,N,F,,C,2014_12_PA0480500_NIBRS,
6465217,16900,1,2014,U,,,N,F,,C,2014_01_PA0480600_NIBRS,
6487667,16900,2,2014,U,,,N,F,,C,2014_02_PA0480600_NIBRS,
6510117,16900,3,2014,U,,,N,F,,C,2014_03_PA0480600_NIBRS,
6532567,16900,4,2014,U,,,N,F,,C,2014_04_PA0480600_NIBRS,
6555017,16900,5,2014,U,,,N,F,,C,2014_05_PA0480600_NIBRS,
6577467,16900,6,2014,U,,,N,F,,C,2014_06_PA0480600_NIBRS,
6599917,16900,7,2014,U,,,N,F,,C,2014_07_PA0480600_NIBRS,
6622367,16900,8,2014,U,,,N,F,,C,2014_08_PA0480600_NIBRS,
6644817,16900,9,2014,U,,,N,F,,C,2014_09_PA0480600_NIBRS,
6667267,16900,10,2014,U,,,N,F,,C,2014_10_PA0480600_NIBRS,
6689717,16900,11,2014,U,,,N,F,,C,2014_11_PA0480600_NIBRS,
6712167,16900,12,2014,U,,,N,F,,C,2014_12_PA0480600_NIBRS,
6465218,16901,1,2014,U,,,N,F,,C,2014_01_PA0480700_NIBRS,
6487668,16901,2,2014,U,,,N,F,,C,2014_02_PA0480700_NIBRS,
6510118,16901,3,2014,U,,,N,F,,C,2014_03_PA0480700_NIBRS,
6532568,16901,4,2014,U,,,N,F,,C,2014_04_PA0480700_NIBRS,
6555018,16901,5,2014,U,,,N,F,,C,2014_05_PA0480700_NIBRS,
6577468,16901,6,2014,U,,,N,F,,C,2014_06_PA0480700_NIBRS,
6599918,16901,7,2014,U,,,N,F,,C,2014_07_PA0480700_NIBRS,
6622368,16901,8,2014,U,,,N,F,,C,2014_08_PA0480700_NIBRS,
6644818,16901,9,2014,U,,,N,F,,C,2014_09_PA0480700_NIBRS,
6667268,16901,10,2014,U,,,N,F,,C,2014_10_PA0480700_NIBRS,
6689718,16901,11,2014,U,,,N,F,,C,2014_11_PA0480700_NIBRS,
6712168,16901,12,2014,U,,,N,F,,C,2014_12_PA0480700_NIBRS,
6465219,16902,1,2014,U,,,N,F,,C,2014_01_PA0480800_NIBRS,
6487669,16902,2,2014,U,,,N,F,,C,2014_02_PA0480800_NIBRS,
6510119,16902,3,2014,U,,,N,F,,C,2014_03_PA0480800_NIBRS,
6532569,16902,4,2014,U,,,N,F,,C,2014_04_PA0480800_NIBRS,
6555019,16902,5,2014,U,,,N,F,,C,2014_05_PA0480800_NIBRS,
6577469,16902,6,2014,U,,,N,F,,C,2014_06_PA0480800_NIBRS,
6599919,16902,7,2014,U,,,N,F,,C,2014_07_PA0480800_NIBRS,
6622369,16902,8,2014,U,,,N,F,,C,2014_08_PA0480800_NIBRS,
6644819,16902,9,2014,U,,,N,F,,C,2014_09_PA0480800_NIBRS,
6667269,16902,10,2014,U,,,N,F,,C,2014_10_PA0480800_NIBRS,
6689719,16902,11,2014,U,,,N,F,,C,2014_11_PA0480800_NIBRS,
6712169,16902,12,2014,U,,,N,F,,C,2014_12_PA0480800_NIBRS,
6465220,16903,1,2014,U,,,N,F,,C,2014_01_PA0480900_NIBRS,
6487670,16903,2,2014,U,,,N,F,,C,2014_02_PA0480900_NIBRS,
6510120,16903,3,2014,U,,,N,F,,C,2014_03_PA0480900_NIBRS,
6532570,16903,4,2014,U,,,N,F,,C,2014_04_PA0480900_NIBRS,
6555020,16903,5,2014,U,,,N,F,,C,2014_05_PA0480900_NIBRS,
6577470,16903,6,2014,U,,,N,F,,C,2014_06_PA0480900_NIBRS,
6599920,16903,7,2014,U,,,N,F,,C,2014_07_PA0480900_NIBRS,
6622370,16903,8,2014,U,,,N,F,,C,2014_08_PA0480900_NIBRS,
6644820,16903,9,2014,U,,,N,F,,C,2014_09_PA0480900_NIBRS,
6667270,16903,10,2014,U,,,N,F,,C,2014_10_PA0480900_NIBRS,
6689720,16903,11,2014,U,,,N,F,,C,2014_11_PA0480900_NIBRS,
6712170,16903,12,2014,U,,,N,F,,C,2014_12_PA0480900_NIBRS,
6465221,16904,1,2014,U,,,N,F,,C,2014_01_PA0481000_NIBRS,
6487671,16904,2,2014,U,,,N,F,,C,2014_02_PA0481000_NIBRS,
6510121,16904,3,2014,U,,,N,F,,C,2014_03_PA0481000_NIBRS,
6532571,16904,4,2014,U,,,N,F,,C,2014_04_PA0481000_NIBRS,
6555021,16904,5,2014,U,,,N,F,,C,2014_05_PA0481000_NIBRS,
6577471,16904,6,2014,U,,,N,F,,C,2014_06_PA0481000_NIBRS,
6599921,16904,7,2014,U,,,N,F,,C,2014_07_PA0481000_NIBRS,
6622371,16904,8,2014,U,,,N,F,,C,2014_08_PA0481000_NIBRS,
6644821,16904,9,2014,U,,,N,F,,C,2014_09_PA0481000_NIBRS,
6667271,16904,10,2014,U,,,N,F,,C,2014_10_PA0481000_NIBRS,
6689721,16904,11,2014,U,,,N,F,,C,2014_11_PA0481000_NIBRS,
6712171,16904,12,2014,U,,,N,F,,C,2014_12_PA0481000_NIBRS,
6465222,16905,1,2014,U,,,N,F,,C,2014_01_PA0481100_NIBRS,
6487672,16905,2,2014,U,,,N,F,,C,2014_02_PA0481100_NIBRS,
6510122,16905,3,2014,U,,,N,F,,C,2014_03_PA0481100_NIBRS,
6532572,16905,4,2014,U,,,N,F,,C,2014_04_PA0481100_NIBRS,
6555022,16905,5,2014,U,,,N,F,,C,2014_05_PA0481100_NIBRS,
6577472,16905,6,2014,U,,,N,F,,C,2014_06_PA0481100_NIBRS,
6599922,16905,7,2014,U,,,N,F,,C,2014_07_PA0481100_NIBRS,
6622372,16905,8,2014,U,,,N,F,,C,2014_08_PA0481100_NIBRS,
6644822,16905,9,2014,U,,,N,F,,C,2014_09_PA0481100_NIBRS,
6667272,16905,10,2014,U,,,N,F,,C,2014_10_PA0481100_NIBRS,
6689722,16905,11,2014,U,,,N,F,,C,2014_11_PA0481100_NIBRS,
6712172,16905,12,2014,U,,,N,F,,C,2014_12_PA0481100_NIBRS,
6465223,16906,1,2014,U,,,N,F,,C,2014_01_PA0481200_NIBRS,
6487673,16906,2,2014,U,,,N,F,,C,2014_02_PA0481200_NIBRS,
6510123,16906,3,2014,U,,,N,F,,C,2014_03_PA0481200_NIBRS,
6532573,16906,4,2014,U,,,N,F,,C,2014_04_PA0481200_NIBRS,
6555023,16906,5,2014,U,,,N,F,,C,2014_05_PA0481200_NIBRS,
6577473,16906,6,2014,U,,,N,F,,C,2014_06_PA0481200_NIBRS,
6599923,16906,7,2014,U,,,N,F,,C,2014_07_PA0481200_NIBRS,
6622373,16906,8,2014,U,,,N,F,,C,2014_08_PA0481200_NIBRS,
6644823,16906,9,2014,U,,,N,F,,C,2014_09_PA0481200_NIBRS,
6667273,16906,10,2014,U,,,N,F,,C,2014_10_PA0481200_NIBRS,
6689723,16906,11,2014,U,,,N,F,,C,2014_11_PA0481200_NIBRS,
6712173,16906,12,2014,U,,,N,F,,C,2014_12_PA0481200_NIBRS,
6465224,16907,1,2014,U,,,N,F,,C,2014_01_PA0481300_NIBRS,
6487674,16907,2,2014,U,,,N,F,,C,2014_02_PA0481300_NIBRS,
6510124,16907,3,2014,U,,,N,F,,C,2014_03_PA0481300_NIBRS,
6532574,16907,4,2014,U,,,N,F,,C,2014_04_PA0481300_NIBRS,
6555024,16907,5,2014,U,,,N,F,,C,2014_05_PA0481300_NIBRS,
6577474,16907,6,2014,U,,,N,F,,C,2014_06_PA0481300_NIBRS,
6599924,16907,7,2014,U,,,N,F,,C,2014_07_PA0481300_NIBRS,
6622374,16907,8,2014,U,,,N,F,,C,2014_08_PA0481300_NIBRS,
6644824,16907,9,2014,U,,,N,F,,C,2014_09_PA0481300_NIBRS,
6667274,16907,10,2014,U,,,N,F,,C,2014_10_PA0481300_NIBRS,
6689724,16907,11,2014,U,,,N,F,,C,2014_11_PA0481300_NIBRS,
6712174,16907,12,2014,U,,,N,F,,C,2014_12_PA0481300_NIBRS,
6465225,16908,1,2014,U,,,N,F,,C,2014_01_PA0481400_NIBRS,
6487675,16908,2,2014,U,,,N,F,,C,2014_02_PA0481400_NIBRS,
6510125,16908,3,2014,U,,,N,F,,C,2014_03_PA0481400_NIBRS,
6532575,16908,4,2014,U,,,N,F,,C,2014_04_PA0481400_NIBRS,
6555025,16908,5,2014,U,,,N,F,,C,2014_05_PA0481400_NIBRS,
6577475,16908,6,2014,U,,,N,F,,C,2014_06_PA0481400_NIBRS,
6599925,16908,7,2014,U,,,N,F,,C,2014_07_PA0481400_NIBRS,
6622375,16908,8,2014,U,,,N,F,,C,2014_08_PA0481400_NIBRS,
6644825,16908,9,2014,U,,,N,F,,C,2014_09_PA0481400_NIBRS,
6667275,16908,10,2014,U,,,N,F,,C,2014_10_PA0481400_NIBRS,
6689725,16908,11,2014,U,,,N,F,,C,2014_11_PA0481400_NIBRS,
6712175,16908,12,2014,U,,,N,F,,C,2014_12_PA0481400_NIBRS,
6465226,16909,1,2014,U,,,N,F,,C,2014_01_PA0481500_NIBRS,
6487676,16909,2,2014,U,,,N,F,,C,2014_02_PA0481500_NIBRS,
6510126,16909,3,2014,U,,,N,F,,C,2014_03_PA0481500_NIBRS,
6532576,16909,4,2014,U,,,N,F,,C,2014_04_PA0481500_NIBRS,
6555026,16909,5,2014,U,,,N,F,,C,2014_05_PA0481500_NIBRS,
6577476,16909,6,2014,U,,,N,F,,C,2014_06_PA0481500_NIBRS,
6599926,16909,7,2014,U,,,N,F,,C,2014_07_PA0481500_NIBRS,
6622376,16909,8,2014,U,,,N,F,,C,2014_08_PA0481500_NIBRS,
6644826,16909,9,2014,U,,,N,F,,C,2014_09_PA0481500_NIBRS,
6667276,16909,10,2014,U,,,N,F,,C,2014_10_PA0481500_NIBRS,
6689726,16909,11,2014,U,,,N,F,,C,2014_11_PA0481500_NIBRS,
6712176,16909,12,2014,U,,,N,F,,C,2014_12_PA0481500_NIBRS,
6465227,16910,1,2014,U,,,N,F,,C,2014_01_PA0481600_NIBRS,
6487677,16910,2,2014,U,,,N,F,,C,2014_02_PA0481600_NIBRS,
6510127,16910,3,2014,U,,,N,F,,C,2014_03_PA0481600_NIBRS,
6532577,16910,4,2014,U,,,N,F,,C,2014_04_PA0481600_NIBRS,
6555027,16910,5,2014,U,,,N,F,,C,2014_05_PA0481600_NIBRS,
6577477,16910,6,2014,U,,,N,F,,C,2014_06_PA0481600_NIBRS,
6599927,16910,7,2014,U,,,N,F,,C,2014_07_PA0481600_NIBRS,
6622377,16910,8,2014,U,,,N,F,,C,2014_08_PA0481600_NIBRS,
6644827,16910,9,2014,U,,,N,F,,C,2014_09_PA0481600_NIBRS,
6667277,16910,10,2014,U,,,N,F,,C,2014_10_PA0481600_NIBRS,
6689727,16910,11,2014,U,,,N,F,,C,2014_11_PA0481600_NIBRS,
6712177,16910,12,2014,U,,,N,F,,C,2014_12_PA0481600_NIBRS,
6465228,16911,1,2014,U,,,N,F,,C,2014_01_PA0481700_NIBRS,
6487678,16911,2,2014,U,,,N,F,,C,2014_02_PA0481700_NIBRS,
6510128,16911,3,2014,U,,,N,F,,C,2014_03_PA0481700_NIBRS,
6532578,16911,4,2014,U,,,N,F,,C,2014_04_PA0481700_NIBRS,
6555028,16911,5,2014,U,,,N,F,,C,2014_05_PA0481700_NIBRS,
6577478,16911,6,2014,U,,,N,F,,C,2014_06_PA0481700_NIBRS,
6599928,16911,7,2014,U,,,N,F,,C,2014_07_PA0481700_NIBRS,
6622378,16911,8,2014,U,,,N,F,,C,2014_08_PA0481700_NIBRS,
6644828,16911,9,2014,U,,,N,F,,C,2014_09_PA0481700_NIBRS,
6667278,16911,10,2014,U,,,N,F,,C,2014_10_PA0481700_NIBRS,
6689728,16911,11,2014,U,,,N,F,,C,2014_11_PA0481700_NIBRS,
6712178,16911,12,2014,U,,,N,F,,C,2014_12_PA0481700_NIBRS,
6465229,16912,1,2014,U,,,N,F,,C,2014_01_PA0481800_NIBRS,
6487679,16912,2,2014,U,,,N,F,,C,2014_02_PA0481800_NIBRS,
6510129,16912,3,2014,U,,,N,F,,C,2014_03_PA0481800_NIBRS,
6532579,16912,4,2014,U,,,N,F,,C,2014_04_PA0481800_NIBRS,
6555029,16912,5,2014,U,,,N,F,,C,2014_05_PA0481800_NIBRS,
6577479,16912,6,2014,U,,,N,F,,C,2014_06_PA0481800_NIBRS,
6599929,16912,7,2014,U,,,N,F,,C,2014_07_PA0481800_NIBRS,
6622379,16912,8,2014,U,,,N,F,,C,2014_08_PA0481800_NIBRS,
6644829,16912,9,2014,U,,,N,F,,C,2014_09_PA0481800_NIBRS,
6667279,16912,10,2014,U,,,N,F,,C,2014_10_PA0481800_NIBRS,
6689729,16912,11,2014,U,,,N,F,,C,2014_11_PA0481800_NIBRS,
6712179,16912,12,2014,U,,,N,F,,C,2014_12_PA0481800_NIBRS,
6465230,16913,1,2014,U,,,N,F,,C,2014_01_PA0481900_NIBRS,
6487680,16913,2,2014,U,,,N,F,,C,2014_02_PA0481900_NIBRS,
6510130,16913,3,2014,U,,,N,F,,C,2014_03_PA0481900_NIBRS,
6532580,16913,4,2014,U,,,N,F,,C,2014_04_PA0481900_NIBRS,
6555030,16913,5,2014,U,,,N,F,,C,2014_05_PA0481900_NIBRS,
6577480,16913,6,2014,U,,,N,F,,C,2014_06_PA0481900_NIBRS,
6599930,16913,7,2014,U,,,N,F,,C,2014_07_PA0481900_NIBRS,
6622380,16913,8,2014,U,,,N,F,,C,2014_08_PA0481900_NIBRS,
6644830,16913,9,2014,U,,,N,F,,C,2014_09_PA0481900_NIBRS,
6667280,16913,10,2014,U,,,N,F,,C,2014_10_PA0481900_NIBRS,
6689730,16913,11,2014,U,,,N,F,,C,2014_11_PA0481900_NIBRS,
6712180,16913,12,2014,U,,,N,F,,C,2014_12_PA0481900_NIBRS,
6464509,16192,1,2014,U,,,N,F,,C,2014_01_PA0154900_NIBRS,
6486959,16192,2,2014,U,,,N,F,,C,2014_02_PA0154900_NIBRS,
6509409,16192,3,2014,U,,,N,F,,C,2014_03_PA0154900_NIBRS,
6531859,16192,4,2014,U,,,N,F,,C,2014_04_PA0154900_NIBRS,
6554309,16192,5,2014,U,,,N,F,,C,2014_05_PA0154900_NIBRS,
6576759,16192,6,2014,U,,,N,F,,C,2014_06_PA0154900_NIBRS,
6599209,16192,7,2014,U,,,N,F,,C,2014_07_PA0154900_NIBRS,
6621659,16192,8,2014,U,,,N,F,,C,2014_08_PA0154900_NIBRS,
6644109,16192,9,2014,U,,,N,F,,C,2014_09_PA0154900_NIBRS,
6666559,16192,10,2014,U,,,N,F,,C,2014_10_PA0154900_NIBRS,
6689009,16192,11,2014,U,,,N,F,,C,2014_11_PA0154900_NIBRS,
6711459,16192,12,2014,U,,,N,F,,C,2014_12_PA0154900_NIBRS,
6464587,16270,1,2014,Z,,,N,F,,C,2014_01_PA0192400_NIBRS,
6487037,16270,2,2014,Z,,,N,F,,C,2014_02_PA0192400_NIBRS,
6509487,16270,3,2014,Z,,,N,F,,C,2014_03_PA0192400_NIBRS,
6531937,16270,4,2014,Z,,,N,F,,C,2014_04_PA0192400_NIBRS,
6554387,16270,5,2014,Z,,,N,F,,C,2014_05_PA0192400_NIBRS,
6576837,16270,6,2014,I,,,N,F,,C,2014_06_PA0192400_NIBRS,
6599287,16270,7,2014,Z,,,N,F,,C,2014_07_PA0192400_NIBRS,
6621737,16270,8,2014,Z,,,N,F,,C,2014_08_PA0192400_NIBRS,
6644187,16270,9,2014,Z,,,N,F,,C,2014_09_PA0192400_NIBRS,
6666637,16270,10,2014,U,,,N,F,,C,2014_10_PA0192400_NIBRS,
6689087,16270,11,2014,Z,,,N,F,,C,2014_11_PA0192400_NIBRS,
6711537,16270,12,2014,I,,,N,F,,C,2014_12_PA0192400_NIBRS,
6464588,16271,1,2014,U,,,N,F,,C,2014_01_PA0192500_NIBRS,
6487038,16271,2,2014,U,,,N,F,,C,2014_02_PA0192500_NIBRS,
6509488,16271,3,2014,U,,,N,F,,C,2014_03_PA0192500_NIBRS,
6531938,16271,4,2014,U,,,N,F,,C,2014_04_PA0192500_NIBRS,
6554388,16271,5,2014,U,,,N,F,,C,2014_05_PA0192500_NIBRS,
6576838,16271,6,2014,U,,,N,F,,C,2014_06_PA0192500_NIBRS,
6599288,16271,7,2014,U,,,N,F,,C,2014_07_PA0192500_NIBRS,
6621738,16271,8,2014,U,,,N,F,,C,2014_08_PA0192500_NIBRS,
6644188,16271,9,2014,U,,,N,F,,C,2014_09_PA0192500_NIBRS,
6666638,16271,10,2014,U,,,N,F,,C,2014_10_PA0192500_NIBRS,
6689088,16271,11,2014,U,,,N,F,,C,2014_11_PA0192500_NIBRS,
6711538,16271,12,2014,U,,,N,F,,C,2014_12_PA0192500_NIBRS,
6464589,16272,1,2014,U,,,N,F,,C,2014_01_PA0192600_NIBRS,
6487039,16272,2,2014,U,,,N,F,,C,2014_02_PA0192600_NIBRS,
6509489,16272,3,2014,U,,,N,F,,C,2014_03_PA0192600_NIBRS,
6531939,16272,4,2014,U,,,N,F,,C,2014_04_PA0192600_NIBRS,
6554389,16272,5,2014,U,,,N,F,,C,2014_05_PA0192600_NIBRS,
6576839,16272,6,2014,U,,,N,F,,C,2014_06_PA0192600_NIBRS,
6599289,16272,7,2014,U,,,N,F,,C,2014_07_PA0192600_NIBRS,
6621739,16272,8,2014,U,,,N,F,,C,2014_08_PA0192600_NIBRS,
6644189,16272,9,2014,U,,,N,F,,C,2014_09_PA0192600_NIBRS,
6666639,16272,10,2014,U,,,N,F,,C,2014_10_PA0192600_NIBRS,
6689089,16272,11,2014,U,,,N,F,,C,2014_11_PA0192600_NIBRS,
6711539,16272,12,2014,U,,,N,F,,C,2014_12_PA0192600_NIBRS,
6464590,16273,1,2014,U,,,N,F,,C,2014_01_PA0192700_NIBRS,
6487040,16273,2,2014,U,,,N,F,,C,2014_02_PA0192700_NIBRS,
6509490,16273,3,2014,U,,,N,F,,C,2014_03_PA0192700_NIBRS,
6531940,16273,4,2014,U,,,N,F,,C,2014_04_PA0192700_NIBRS,
6554390,16273,5,2014,U,,,N,F,,C,2014_05_PA0192700_NIBRS,
6576840,16273,6,2014,U,,,N,F,,C,2014_06_PA0192700_NIBRS,
6599290,16273,7,2014,U,,,N,F,,C,2014_07_PA0192700_NIBRS,
6621740,16273,8,2014,U,,,N,F,,C,2014_08_PA0192700_NIBRS,
6644190,16273,9,2014,U,,,N,F,,C,2014_09_PA0192700_NIBRS,
6666640,16273,10,2014,U,,,N,F,,C,2014_10_PA0192700_NIBRS,
6689090,16273,11,2014,U,,,N,F,,C,2014_11_PA0192700_NIBRS,
6711540,16273,12,2014,U,,,N,F,,C,2014_12_PA0192700_NIBRS,
6464647,16330,1,2014,U,,,N,F,,C,2014_01_PA0220600_NIBRS,
6487097,16330,2,2014,U,,,N,F,,C,2014_02_PA0220600_NIBRS,
6509547,16330,3,2014,U,,,N,F,,C,2014_03_PA0220600_NIBRS,
6531997,16330,4,2014,U,,,N,F,,C,2014_04_PA0220600_NIBRS,
6554447,16330,5,2014,U,,,N,F,,C,2014_05_PA0220600_NIBRS,
6576897,16330,6,2014,U,,,N,F,,C,2014_06_PA0220600_NIBRS,
6599347,16330,7,2014,U,,,N,F,,C,2014_07_PA0220600_NIBRS,
6621797,16330,8,2014,U,,,N,F,,C,2014_08_PA0220600_NIBRS,
6644247,16330,9,2014,U,,,N,F,,C,2014_09_PA0220600_NIBRS,
6666697,16330,10,2014,U,,,N,F,,C,2014_10_PA0220600_NIBRS,
6689147,16330,11,2014,U,,,N,F,,C,2014_11_PA0220600_NIBRS,
6711597,16330,12,2014,U,,,N,F,,C,2014_12_PA0220600_NIBRS,
6464648,16331,1,2014,U,,,N,F,,C,2014_01_PA0220700_NIBRS,
6487098,16331,2,2014,U,,,N,F,,C,2014_02_PA0220700_NIBRS,
6509548,16331,3,2014,U,,,N,F,,C,2014_03_PA0220700_NIBRS,
6531998,16331,4,2014,U,,,N,F,,C,2014_04_PA0220700_NIBRS,
6554448,16331,5,2014,U,,,N,F,,C,2014_05_PA0220700_NIBRS,
6576898,16331,6,2014,U,,,N,F,,C,2014_06_PA0220700_NIBRS,
6599348,16331,7,2014,U,,,N,F,,C,2014_07_PA0220700_NIBRS,
6621798,16331,8,2014,U,,,N,F,,C,2014_08_PA0220700_NIBRS,
6644248,16331,9,2014,U,,,N,F,,C,2014_09_PA0220700_NIBRS,
6666698,16331,10,2014,U,,,N,F,,C,2014_10_PA0220700_NIBRS,
6689148,16331,11,2014,U,,,N,F,,C,2014_11_PA0220700_NIBRS,
6711598,16331,12,2014,U,,,N,F,,C,2014_12_PA0220700_NIBRS,
6464649,16332,1,2014,U,,,N,F,,C,2014_01_PA0220800_NIBRS,
6487099,16332,2,2014,U,,,N,F,,C,2014_02_PA0220800_NIBRS,
6509549,16332,3,2014,U,,,N,F,,C,2014_03_PA0220800_NIBRS,
6531999,16332,4,2014,U,,,N,F,,C,2014_04_PA0220800_NIBRS,
6554449,16332,5,2014,U,,,N,F,,C,2014_05_PA0220800_NIBRS,
6576899,16332,6,2014,U,,,N,F,,C,2014_06_PA0220800_NIBRS,
6599349,16332,7,2014,U,,,N,F,,C,2014_07_PA0220800_NIBRS,
6621799,16332,8,2014,U,,,N,F,,C,2014_08_PA0220800_NIBRS,
6644249,16332,9,2014,U,,,N,F,,C,2014_09_PA0220800_NIBRS,
6666699,16332,10,2014,U,,,N,F,,C,2014_10_PA0220800_NIBRS,
6689149,16332,11,2014,U,,,N,F,,C,2014_11_PA0220800_NIBRS,
6711599,16332,12,2014,U,,,N,F,,C,2014_12_PA0220800_NIBRS,
6464650,16333,1,2014,U,,,N,F,,C,2014_01_PA0220900_NIBRS,
6487100,16333,2,2014,U,,,N,F,,C,2014_02_PA0220900_NIBRS,
6509550,16333,3,2014,U,,,N,F,,C,2014_03_PA0220900_NIBRS,
6532000,16333,4,2014,U,,,N,F,,C,2014_04_PA0220900_NIBRS,
6554450,16333,5,2014,U,,,N,F,,C,2014_05_PA0220900_NIBRS,
6576900,16333,6,2014,U,,,N,F,,C,2014_06_PA0220900_NIBRS,
6599350,16333,7,2014,U,,,N,F,,C,2014_07_PA0220900_NIBRS,
6621800,16333,8,2014,U,,,N,F,,C,2014_08_PA0220900_NIBRS,
6644250,16333,9,2014,U,,,N,F,,C,2014_09_PA0220900_NIBRS,
6666700,16333,10,2014,U,,,N,F,,C,2014_10_PA0220900_NIBRS,
6689150,16333,11,2014,U,,,N,F,,C,2014_11_PA0220900_NIBRS,
6711600,16333,12,2014,U,,,N,F,,C,2014_12_PA0220900_NIBRS,
6464651,16334,1,2014,U,,,N,F,,C,2014_01_PA0221000_NIBRS,
6487101,16334,2,2014,U,,,N,F,,C,2014_02_PA0221000_NIBRS,
6509551,16334,3,2014,U,,,N,F,,C,2014_03_PA0221000_NIBRS,
6532001,16334,4,2014,U,,,N,F,,C,2014_04_PA0221000_NIBRS,
6554451,16334,5,2014,U,,,N,F,,C,2014_05_PA0221000_NIBRS,
6576901,16334,6,2014,U,,,N,F,,C,2014_06_PA0221000_NIBRS,
6599351,16334,7,2014,U,,,N,F,,C,2014_07_PA0221000_NIBRS,
6621801,16334,8,2014,U,,,N,F,,C,2014_08_PA0221000_NIBRS,
6644251,16334,9,2014,U,,,N,F,,C,2014_09_PA0221000_NIBRS,
6666701,16334,10,2014,U,,,N,F,,C,2014_10_PA0221000_NIBRS,
6689151,16334,11,2014,U,,,N,F,,C,2014_11_PA0221000_NIBRS,
6711601,16334,12,2014,U,,,N,F,,C,2014_12_PA0221000_NIBRS,
6464652,16335,1,2014,U,,,N,F,,C,2014_01_PA0221100_NIBRS,
6487102,16335,2,2014,U,,,N,F,,C,2014_02_PA0221100_NIBRS,
6509552,16335,3,2014,U,,,N,F,,C,2014_03_PA0221100_NIBRS,
6532002,16335,4,2014,U,,,N,F,,C,2014_04_PA0221100_NIBRS,
6554452,16335,5,2014,U,,,N,F,,C,2014_05_PA0221100_NIBRS,
6576902,16335,6,2014,U,,,N,F,,C,2014_06_PA0221100_NIBRS,
6599352,16335,7,2014,U,,,N,F,,C,2014_07_PA0221100_NIBRS,
6621802,16335,8,2014,U,,,N,F,,C,2014_08_PA0221100_NIBRS,
6644252,16335,9,2014,U,,,N,F,,C,2014_09_PA0221100_NIBRS,
6666702,16335,10,2014,U,,,N,F,,C,2014_10_PA0221100_NIBRS,
6689152,16335,11,2014,U,,,N,F,,C,2014_11_PA0221100_NIBRS,
6711602,16335,12,2014,U,,,N,F,,C,2014_12_PA0221100_NIBRS,
6464653,16336,1,2014,U,,,N,F,,C,2014_01_PA0221200_NIBRS,
6487103,16336,2,2014,U,,,N,F,,C,2014_02_PA0221200_NIBRS,
6509553,16336,3,2014,U,,,N,F,,C,2014_03_PA0221200_NIBRS,
6532003,16336,4,2014,U,,,N,F,,C,2014_04_PA0221200_NIBRS,
6554453,16336,5,2014,U,,,N,F,,C,2014_05_PA0221200_NIBRS,
6576903,16336,6,2014,U,,,N,F,,C,2014_06_PA0221200_NIBRS,
6599353,16336,7,2014,U,,,N,F,,C,2014_07_PA0221200_NIBRS,
6621803,16336,8,2014,U,,,N,F,,C,2014_08_PA0221200_NIBRS,
6644253,16336,9,2014,U,,,N,F,,C,2014_09_PA0221200_NIBRS,
6666703,16336,10,2014,U,,,N,F,,C,2014_10_PA0221200_NIBRS,
6689153,16336,11,2014,U,,,N,F,,C,2014_11_PA0221200_NIBRS,
6711603,16336,12,2014,U,,,N,F,,C,2014_12_PA0221200_NIBRS,
6464654,16337,1,2014,I,,,N,F,,C,2014_01_PA0221300_NIBRS,
6487104,16337,2,2014,I,,,N,F,,C,2014_02_PA0221300_NIBRS,
6509554,16337,3,2014,I,,,N,F,,C,2014_03_PA0221300_NIBRS,
6532004,16337,4,2014,I,,,N,F,,C,2014_04_PA0221300_NIBRS,
6554454,16337,5,2014,I,,,N,F,,C,2014_05_PA0221300_NIBRS,
6576904,16337,6,2014,I,,,N,F,,C,2014_06_PA0221300_NIBRS,
6599354,16337,7,2014,I,,,N,F,,C,2014_07_PA0221300_NIBRS,
6621804,16337,8,2014,I,,,N,F,,C,2014_08_PA0221300_NIBRS,
6644254,16337,9,2014,I,,,N,F,,C,2014_09_PA0221300_NIBRS,
6666704,16337,10,2014,I,,,N,F,,C,2014_10_PA0221300_NIBRS,
6689154,16337,11,2014,I,,,N,F,,C,2014_11_PA0221300_NIBRS,
6711604,16337,12,2014,I,,,N,F,,C,2014_12_PA0221300_NIBRS,
6464655,16338,1,2014,U,,,N,F,,C,2014_01_PA0221400_NIBRS,
6487105,16338,2,2014,U,,,N,F,,C,2014_02_PA0221400_NIBRS,
6509555,16338,3,2014,U,,,N,F,,C,2014_03_PA0221400_NIBRS,
6532005,16338,4,2014,U,,,N,F,,C,2014_04_PA0221400_NIBRS,
6554455,16338,5,2014,U,,,N,F,,C,2014_05_PA0221400_NIBRS,
6576905,16338,6,2014,U,,,N,F,,C,2014_06_PA0221400_NIBRS,
6599355,16338,7,2014,U,,,N,F,,C,2014_07_PA0221400_NIBRS,
6621805,16338,8,2014,U,,,N,F,,C,2014_08_PA0221400_NIBRS,
6644255,16338,9,2014,U,,,N,F,,C,2014_09_PA0221400_NIBRS,
6666705,16338,10,2014,U,,,N,F,,C,2014_10_PA0221400_NIBRS,
6689155,16338,11,2014,U,,,N,F,,C,2014_11_PA0221400_NIBRS,
6711605,16338,12,2014,U,,,N,F,,C,2014_12_PA0221400_NIBRS,
6464656,16339,1,2014,U,,,N,F,,C,2014_01_PA0221500_NIBRS,
6487106,16339,2,2014,U,,,N,F,,C,2014_02_PA0221500_NIBRS,
6509556,16339,3,2014,U,,,N,F,,C,2014_03_PA0221500_NIBRS,
6532006,16339,4,2014,U,,,N,F,,C,2014_04_PA0221500_NIBRS,
6554456,16339,5,2014,U,,,N,F,,C,2014_05_PA0221500_NIBRS,
6576906,16339,6,2014,U,,,N,F,,C,2014_06_PA0221500_NIBRS,
6599356,16339,7,2014,U,,,N,F,,C,2014_07_PA0221500_NIBRS,
6621806,16339,8,2014,U,,,N,F,,C,2014_08_PA0221500_NIBRS,
6644256,16339,9,2014,U,,,N,F,,C,2014_09_PA0221500_NIBRS,
6666706,16339,10,2014,U,,,N,F,,C,2014_10_PA0221500_NIBRS,
6689156,16339,11,2014,U,,,N,F,,C,2014_11_PA0221500_NIBRS,
6711606,16339,12,2014,U,,,N,F,,C,2014_12_PA0221500_NIBRS,
6464657,16340,1,2014,U,,,N,F,,C,2014_01_PA0221600_NIBRS,
6487107,16340,2,2014,U,,,N,F,,C,2014_02_PA0221600_NIBRS,
6509557,16340,3,2014,U,,,N,F,,C,2014_03_PA0221600_NIBRS,
6532007,16340,4,2014,U,,,N,F,,C,2014_04_PA0221600_NIBRS,
6554457,16340,5,2014,U,,,N,F,,C,2014_05_PA0221600_NIBRS,
6576907,16340,6,2014,U,,,N,F,,C,2014_06_PA0221600_NIBRS,
6599357,16340,7,2014,U,,,N,F,,C,2014_07_PA0221600_NIBRS,
6621807,16340,8,2014,U,,,N,F,,C,2014_08_PA0221600_NIBRS,
6644257,16340,9,2014,U,,,N,F,,C,2014_09_PA0221600_NIBRS,
6666707,16340,10,2014,U,,,N,F,,C,2014_10_PA0221600_NIBRS,
6689157,16340,11,2014,U,,,N,F,,C,2014_11_PA0221600_NIBRS,
6711607,16340,12,2014,U,,,N,F,,C,2014_12_PA0221600_NIBRS,
6464658,16341,1,2014,U,,,N,F,,C,2014_01_PA0221700_NIBRS,
6487108,16341,2,2014,U,,,N,F,,C,2014_02_PA0221700_NIBRS,
6509558,16341,3,2014,U,,,N,F,,C,2014_03_PA0221700_NIBRS,
6532008,16341,4,2014,U,,,N,F,,C,2014_04_PA0221700_NIBRS,
6554458,16341,5,2014,U,,,N,F,,C,2014_05_PA0221700_NIBRS,
6576908,16341,6,2014,U,,,N,F,,C,2014_06_PA0221700_NIBRS,
6599358,16341,7,2014,U,,,N,F,,C,2014_07_PA0221700_NIBRS,
6621808,16341,8,2014,U,,,N,F,,C,2014_08_PA0221700_NIBRS,
6644258,16341,9,2014,U,,,N,F,,C,2014_09_PA0221700_NIBRS,
6666708,16341,10,2014,U,,,N,F,,C,2014_10_PA0221700_NIBRS,
6689158,16341,11,2014,U,,,N,F,,C,2014_11_PA0221700_NIBRS,
6711608,16341,12,2014,U,,,N,F,,C,2014_12_PA0221700_NIBRS,
6464659,16342,1,2014,U,,,N,F,,C,2014_01_PA0221800_NIBRS,
6487109,16342,2,2014,U,,,N,F,,C,2014_02_PA0221800_NIBRS,
6509559,16342,3,2014,U,,,N,F,,C,2014_03_PA0221800_NIBRS,
6532009,16342,4,2014,U,,,N,F,,C,2014_04_PA0221800_NIBRS,
6554459,16342,5,2014,U,,,N,F,,C,2014_05_PA0221800_NIBRS,
6576909,16342,6,2014,U,,,N,F,,C,2014_06_PA0221800_NIBRS,
6599359,16342,7,2014,U,,,N,F,,C,2014_07_PA0221800_NIBRS,
6621809,16342,8,2014,U,,,N,F,,C,2014_08_PA0221800_NIBRS,
6644259,16342,9,2014,U,,,N,F,,C,2014_09_PA0221800_NIBRS,
6666709,16342,10,2014,U,,,N,F,,C,2014_10_PA0221800_NIBRS,
6689159,16342,11,2014,U,,,N,F,,C,2014_11_PA0221800_NIBRS,
6711609,16342,12,2014,U,,,N,F,,C,2014_12_PA0221800_NIBRS,
6464660,16343,1,2014,U,,,N,F,,C,2014_01_PA0222100_NIBRS,
6487110,16343,2,2014,U,,,N,F,,C,2014_02_PA0222100_NIBRS,
6509560,16343,3,2014,U,,,N,F,,C,2014_03_PA0222100_NIBRS,
6532010,16343,4,2014,U,,,N,F,,C,2014_04_PA0222100_NIBRS,
6554460,16343,5,2014,U,,,N,F,,C,2014_05_PA0222100_NIBRS,
6576910,16343,6,2014,U,,,N,F,,C,2014_06_PA0222100_NIBRS,
6599360,16343,7,2014,U,,,N,F,,C,2014_07_PA0222100_NIBRS,
6621810,16343,8,2014,U,,,N,F,,C,2014_08_PA0222100_NIBRS,
6644260,16343,9,2014,U,,,N,F,,C,2014_09_PA0222100_NIBRS,
6666710,16343,10,2014,U,,,N,F,,C,2014_10_PA0222100_NIBRS,
6689160,16343,11,2014,U,,,N,F,,C,2014_11_PA0222100_NIBRS,
6711610,16343,12,2014,U,,,N,F,,C,2014_12_PA0222100_NIBRS,
6464470,16153,1,2014,U,,,N,F,,C,2014_01_PA0150500_NIBRS,
6486920,16153,2,2014,U,,,N,F,,C,2014_02_PA0150500_NIBRS,
6509370,16153,3,2014,U,,,N,F,,C,2014_03_PA0150500_NIBRS,
6531820,16153,4,2014,U,,,N,F,,C,2014_04_PA0150500_NIBRS,
6554270,16153,5,2014,U,,,N,F,,C,2014_05_PA0150500_NIBRS,
6576720,16153,6,2014,U,,,N,F,,C,2014_06_PA0150500_NIBRS,
6599170,16153,7,2014,U,,,N,F,,C,2014_07_PA0150500_NIBRS,
6621620,16153,8,2014,U,,,N,F,,C,2014_08_PA0150500_NIBRS,
6644070,16153,9,2014,U,,,N,F,,C,2014_09_PA0150500_NIBRS,
6666520,16153,10,2014,U,,,N,F,,C,2014_10_PA0150500_NIBRS,
6688970,16153,11,2014,U,,,N,F,,C,2014_11_PA0150500_NIBRS,
6711420,16153,12,2014,U,,,N,F,,C,2014_12_PA0150500_NIBRS,
6464471,16154,1,2014,U,,,N,F,,C,2014_01_PA0150600_NIBRS,
6486921,16154,2,2014,U,,,N,F,,C,2014_02_PA0150600_NIBRS,
6509371,16154,3,2014,U,,,N,F,,C,2014_03_PA0150600_NIBRS,
6531821,16154,4,2014,U,,,N,F,,C,2014_04_PA0150600_NIBRS,
6554271,16154,5,2014,U,,,N,F,,C,2014_05_PA0150600_NIBRS,
6576721,16154,6,2014,U,,,N,F,,C,2014_06_PA0150600_NIBRS,
6599171,16154,7,2014,U,,,N,F,,C,2014_07_PA0150600_NIBRS,
6621621,16154,8,2014,U,,,N,F,,C,2014_08_PA0150600_NIBRS,
6644071,16154,9,2014,U,,,N,F,,C,2014_09_PA0150600_NIBRS,
6666521,16154,10,2014,U,,,N,F,,C,2014_10_PA0150600_NIBRS,
6688971,16154,11,2014,U,,,N,F,,C,2014_11_PA0150600_NIBRS,
6711421,16154,12,2014,U,,,N,F,,C,2014_12_PA0150600_NIBRS,
6464472,16155,1,2014,U,,,N,F,,C,2014_01_PA0150700_NIBRS,
6486922,16155,2,2014,U,,,N,F,,C,2014_02_PA0150700_NIBRS,
6509372,16155,3,2014,U,,,N,F,,C,2014_03_PA0150700_NIBRS,
6531822,16155,4,2014,U,,,N,F,,C,2014_04_PA0150700_NIBRS,
6554272,16155,5,2014,U,,,N,F,,C,2014_05_PA0150700_NIBRS,
6576722,16155,6,2014,U,,,N,F,,C,2014_06_PA0150700_NIBRS,
6599172,16155,7,2014,U,,,N,F,,C,2014_07_PA0150700_NIBRS,
6621622,16155,8,2014,U,,,N,F,,C,2014_08_PA0150700_NIBRS,
6644072,16155,9,2014,U,,,N,F,,C,2014_09_PA0150700_NIBRS,
6666522,16155,10,2014,U,,,N,F,,C,2014_10_PA0150700_NIBRS,
6688972,16155,11,2014,U,,,N,F,,C,2014_11_PA0150700_NIBRS,
6711422,16155,12,2014,U,,,N,F,,C,2014_12_PA0150700_NIBRS,
6464473,16156,1,2014,U,,,N,F,,C,2014_01_PA0150800_NIBRS,
6486923,16156,2,2014,U,,,N,F,,C,2014_02_PA0150800_NIBRS,
6509373,16156,3,2014,U,,,N,F,,C,2014_03_PA0150800_NIBRS,
6531823,16156,4,2014,U,,,N,F,,C,2014_04_PA0150800_NIBRS,
6554273,16156,5,2014,U,,,N,F,,C,2014_05_PA0150800_NIBRS,
6576723,16156,6,2014,U,,,N,F,,C,2014_06_PA0150800_NIBRS,
6599173,16156,7,2014,U,,,N,F,,C,2014_07_PA0150800_NIBRS,
6621623,16156,8,2014,U,,,N,F,,C,2014_08_PA0150800_NIBRS,
6644073,16156,9,2014,U,,,N,F,,C,2014_09_PA0150800_NIBRS,
6666523,16156,10,2014,U,,,N,F,,C,2014_10_PA0150800_NIBRS,
6688973,16156,11,2014,U,,,N,F,,C,2014_11_PA0150800_NIBRS,
6711423,16156,12,2014,U,,,N,F,,C,2014_12_PA0150800_NIBRS,
6464474,16157,1,2014,U,,,N,F,,C,2014_01_PA0150900_NIBRS,
6486924,16157,2,2014,U,,,N,F,,C,2014_02_PA0150900_NIBRS,
6509374,16157,3,2014,U,,,N,F,,C,2014_03_PA0150900_NIBRS,
6531824,16157,4,2014,U,,,N,F,,C,2014_04_PA0150900_NIBRS,
6554274,16157,5,2014,U,,,N,F,,C,2014_05_PA0150900_NIBRS,
6576724,16157,6,2014,U,,,N,F,,C,2014_06_PA0150900_NIBRS,
6599174,16157,7,2014,U,,,N,F,,C,2014_07_PA0150900_NIBRS,
6621624,16157,8,2014,U,,,N,F,,C,2014_08_PA0150900_NIBRS,
6644074,16157,9,2014,U,,,N,F,,C,2014_09_PA0150900_NIBRS,
6666524,16157,10,2014,U,,,N,F,,C,2014_10_PA0150900_NIBRS,
6688974,16157,11,2014,U,,,N,F,,C,2014_11_PA0150900_NIBRS,
6711424,16157,12,2014,U,,,N,F,,C,2014_12_PA0150900_NIBRS,
6464475,16158,1,2014,U,,,N,F,,C,2014_01_PA0151000_NIBRS,
6486925,16158,2,2014,U,,,N,F,,C,2014_02_PA0151000_NIBRS,
6509375,16158,3,2014,U,,,N,F,,C,2014_03_PA0151000_NIBRS,
6531825,16158,4,2014,U,,,N,F,,C,2014_04_PA0151000_NIBRS,
6554275,16158,5,2014,U,,,N,F,,C,2014_05_PA0151000_NIBRS,
6576725,16158,6,2014,U,,,N,F,,C,2014_06_PA0151000_NIBRS,
6599175,16158,7,2014,U,,,N,F,,C,2014_07_PA0151000_NIBRS,
6621625,16158,8,2014,U,,,N,F,,C,2014_08_PA0151000_NIBRS,
6644075,16158,9,2014,U,,,N,F,,C,2014_09_PA0151000_NIBRS,
6666525,16158,10,2014,U,,,N,F,,C,2014_10_PA0151000_NIBRS,
6688975,16158,11,2014,U,,,N,F,,C,2014_11_PA0151000_NIBRS,
6711425,16158,12,2014,U,,,N,F,,C,2014_12_PA0151000_NIBRS,
6464476,16159,1,2014,U,,,N,F,,C,2014_01_PA0151100_NIBRS,
6486926,16159,2,2014,U,,,N,F,,C,2014_02_PA0151100_NIBRS,
6509376,16159,3,2014,U,,,N,F,,C,2014_03_PA0151100_NIBRS,
6531826,16159,4,2014,U,,,N,F,,C,2014_04_PA0151100_NIBRS,
6554276,16159,5,2014,U,,,N,F,,C,2014_05_PA0151100_NIBRS,
6576726,16159,6,2014,U,,,N,F,,C,2014_06_PA0151100_NIBRS,
6599176,16159,7,2014,U,,,N,F,,C,2014_07_PA0151100_NIBRS,
6621626,16159,8,2014,U,,,N,F,,C,2014_08_PA0151100_NIBRS,
6644076,16159,9,2014,U,,,N,F,,C,2014_09_PA0151100_NIBRS,
6666526,16159,10,2014,U,,,N,F,,C,2014_10_PA0151100_NIBRS,
6688976,16159,11,2014,U,,,N,F,,C,2014_11_PA0151100_NIBRS,
6711426,16159,12,2014,U,,,N,F,,C,2014_12_PA0151100_NIBRS,
6464477,16160,1,2014,U,,,N,F,,C,2014_01_PA0151200_NIBRS,
6486927,16160,2,2014,U,,,N,F,,C,2014_02_PA0151200_NIBRS,
6509377,16160,3,2014,U,,,N,F,,C,2014_03_PA0151200_NIBRS,
6531827,16160,4,2014,U,,,N,F,,C,2014_04_PA0151200_NIBRS,
6554277,16160,5,2014,U,,,N,F,,C,2014_05_PA0151200_NIBRS,
6576727,16160,6,2014,U,,,N,F,,C,2014_06_PA0151200_NIBRS,
6599177,16160,7,2014,U,,,N,F,,C,2014_07_PA0151200_NIBRS,
6621627,16160,8,2014,U,,,N,F,,C,2014_08_PA0151200_NIBRS,
6644077,16160,9,2014,U,,,N,F,,C,2014_09_PA0151200_NIBRS,
6666527,16160,10,2014,U,,,N,F,,C,2014_10_PA0151200_NIBRS,
6688977,16160,11,2014,U,,,N,F,,C,2014_11_PA0151200_NIBRS,
6711427,16160,12,2014,U,,,N,F,,C,2014_12_PA0151200_NIBRS,
6464478,16161,1,2014,U,,,N,F,,C,2014_01_PA0151300_NIBRS,
6486928,16161,2,2014,U,,,N,F,,C,2014_02_PA0151300_NIBRS,
6509378,16161,3,2014,U,,,N,F,,C,2014_03_PA0151300_NIBRS,
6531828,16161,4,2014,U,,,N,F,,C,2014_04_PA0151300_NIBRS,
6554278,16161,5,2014,U,,,N,F,,C,2014_05_PA0151300_NIBRS,
6576728,16161,6,2014,U,,,N,F,,C,2014_06_PA0151300_NIBRS,
6599178,16161,7,2014,U,,,N,F,,C,2014_07_PA0151300_NIBRS,
6621628,16161,8,2014,U,,,N,F,,C,2014_08_PA0151300_NIBRS,
6644078,16161,9,2014,U,,,N,F,,C,2014_09_PA0151300_NIBRS,
6666528,16161,10,2014,U,,,N,F,,C,2014_10_PA0151300_NIBRS,
6688978,16161,11,2014,U,,,N,F,,C,2014_11_PA0151300_NIBRS,
6711428,16161,12,2014,U,,,N,F,,C,2014_12_PA0151300_NIBRS,
6464479,16162,1,2014,U,,,N,F,,C,2014_01_PA0151400_NIBRS,
6486929,16162,2,2014,U,,,N,F,,C,2014_02_PA0151400_NIBRS,
6509379,16162,3,2014,U,,,N,F,,C,2014_03_PA0151400_NIBRS,
6531829,16162,4,2014,U,,,N,F,,C,2014_04_PA0151400_NIBRS,
6554279,16162,5,2014,U,,,N,F,,C,2014_05_PA0151400_NIBRS,
6576729,16162,6,2014,U,,,N,F,,C,2014_06_PA0151400_NIBRS,
6599179,16162,7,2014,U,,,N,F,,C,2014_07_PA0151400_NIBRS,
6621629,16162,8,2014,U,,,N,F,,C,2014_08_PA0151400_NIBRS,
6644079,16162,9,2014,U,,,N,F,,C,2014_09_PA0151400_NIBRS,
6666529,16162,10,2014,U,,,N,F,,C,2014_10_PA0151400_NIBRS,
6688979,16162,11,2014,U,,,N,F,,C,2014_11_PA0151400_NIBRS,
6711429,16162,12,2014,U,,,N,F,,C,2014_12_PA0151400_NIBRS,
6464480,16163,1,2014,U,,,N,F,,C,2014_01_PA0151500_NIBRS,
6486930,16163,2,2014,U,,,N,F,,C,2014_02_PA0151500_NIBRS,
6509380,16163,3,2014,U,,,N,F,,C,2014_03_PA0151500_NIBRS,
6531830,16163,4,2014,U,,,N,F,,C,2014_04_PA0151500_NIBRS,
6554280,16163,5,2014,U,,,N,F,,C,2014_05_PA0151500_NIBRS,
6576730,16163,6,2014,U,,,N,F,,C,2014_06_PA0151500_NIBRS,
6599180,16163,7,2014,U,,,N,F,,C,2014_07_PA0151500_NIBRS,
6621630,16163,8,2014,U,,,N,F,,C,2014_08_PA0151500_NIBRS,
6644080,16163,9,2014,U,,,N,F,,C,2014_09_PA0151500_NIBRS,
6666530,16163,10,2014,U,,,N,F,,C,2014_10_PA0151500_NIBRS,
6688980,16163,11,2014,U,,,N,F,,C,2014_11_PA0151500_NIBRS,
6711430,16163,12,2014,U,,,N,F,,C,2014_12_PA0151500_NIBRS,
6464481,16164,1,2014,U,,,N,F,,C,2014_01_PA0151600_NIBRS,
6486931,16164,2,2014,U,,,N,F,,C,2014_02_PA0151600_NIBRS,
6509381,16164,3,2014,U,,,N,F,,C,2014_03_PA0151600_NIBRS,
6531831,16164,4,2014,U,,,N,F,,C,2014_04_PA0151600_NIBRS,
6554281,16164,5,2014,U,,,N,F,,C,2014_05_PA0151600_NIBRS,
6576731,16164,6,2014,U,,,N,F,,C,2014_06_PA0151600_NIBRS,
6599181,16164,7,2014,U,,,N,F,,C,2014_07_PA0151600_NIBRS,
6621631,16164,8,2014,U,,,N,F,,C,2014_08_PA0151600_NIBRS,
6644081,16164,9,2014,U,,,N,F,,C,2014_09_PA0151600_NIBRS,
6666531,16164,10,2014,U,,,N,F,,C,2014_10_PA0151600_NIBRS,
6688981,16164,11,2014,U,,,N,F,,C,2014_11_PA0151600_NIBRS,
6711431,16164,12,2014,U,,,N,F,,C,2014_12_PA0151600_NIBRS,
6464482,16165,1,2014,U,,,N,F,,C,2014_01_PA0151700_NIBRS,
6486932,16165,2,2014,U,,,N,F,,C,2014_02_PA0151700_NIBRS,
6509382,16165,3,2014,U,,,N,F,,C,2014_03_PA0151700_NIBRS,
6531832,16165,4,2014,U,,,N,F,,C,2014_04_PA0151700_NIBRS,
6554282,16165,5,2014,U,,,N,F,,C,2014_05_PA0151700_NIBRS,
6576732,16165,6,2014,U,,,N,F,,C,2014_06_PA0151700_NIBRS,
6599182,16165,7,2014,U,,,N,F,,C,2014_07_PA0151700_NIBRS,
6621632,16165,8,2014,U,,,N,F,,C,2014_08_PA0151700_NIBRS,
6644082,16165,9,2014,U,,,N,F,,C,2014_09_PA0151700_NIBRS,
6666532,16165,10,2014,U,,,N,F,,C,2014_10_PA0151700_NIBRS,
6688982,16165,11,2014,U,,,N,F,,C,2014_11_PA0151700_NIBRS,
6711432,16165,12,2014,U,,,N,F,,C,2014_12_PA0151700_NIBRS,
6464483,16166,1,2014,U,,,N,F,,C,2014_01_PA0151800_NIBRS,
6486933,16166,2,2014,U,,,N,F,,C,2014_02_PA0151800_NIBRS,
6509383,16166,3,2014,U,,,N,F,,C,2014_03_PA0151800_NIBRS,
6531833,16166,4,2014,U,,,N,F,,C,2014_04_PA0151800_NIBRS,
6554283,16166,5,2014,U,,,N,F,,C,2014_05_PA0151800_NIBRS,
6576733,16166,6,2014,U,,,N,F,,C,2014_06_PA0151800_NIBRS,
6599183,16166,7,2014,U,,,N,F,,C,2014_07_PA0151800_NIBRS,
6621633,16166,8,2014,U,,,N,F,,C,2014_08_PA0151800_NIBRS,
6644083,16166,9,2014,U,,,N,F,,C,2014_09_PA0151800_NIBRS,
6666533,16166,10,2014,U,,,N,F,,C,2014_10_PA0151800_NIBRS,
6688983,16166,11,2014,U,,,N,F,,C,2014_11_PA0151800_NIBRS,
6711433,16166,12,2014,U,,,N,F,,C,2014_12_PA0151800_NIBRS,
6464484,16167,1,2014,U,,,N,F,,C,2014_01_PA0151900_NIBRS,
6486934,16167,2,2014,U,,,N,F,,C,2014_02_PA0151900_NIBRS,
6509384,16167,3,2014,U,,,N,F,,C,2014_03_PA0151900_NIBRS,
6531834,16167,4,2014,U,,,N,F,,C,2014_04_PA0151900_NIBRS,
6554284,16167,5,2014,U,,,N,F,,C,2014_05_PA0151900_NIBRS,
6576734,16167,6,2014,U,,,N,F,,C,2014_06_PA0151900_NIBRS,
6599184,16167,7,2014,U,,,N,F,,C,2014_07_PA0151900_NIBRS,
6621634,16167,8,2014,U,,,N,F,,C,2014_08_PA0151900_NIBRS,
6644084,16167,9,2014,U,,,N,F,,C,2014_09_PA0151900_NIBRS,
6666534,16167,10,2014,U,,,N,F,,C,2014_10_PA0151900_NIBRS,
6688984,16167,11,2014,U,,,N,F,,C,2014_11_PA0151900_NIBRS,
6711434,16167,12,2014,U,,,N,F,,C,2014_12_PA0151900_NIBRS,
6464485,16168,1,2014,U,,,N,F,,C,2014_01_PA0152000_NIBRS,
6486935,16168,2,2014,U,,,N,F,,C,2014_02_PA0152000_NIBRS,
6509385,16168,3,2014,U,,,N,F,,C,2014_03_PA0152000_NIBRS,
6531835,16168,4,2014,U,,,N,F,,C,2014_04_PA0152000_NIBRS,
6554285,16168,5,2014,U,,,N,F,,C,2014_05_PA0152000_NIBRS,
6576735,16168,6,2014,U,,,N,F,,C,2014_06_PA0152000_NIBRS,
6599185,16168,7,2014,U,,,N,F,,C,2014_07_PA0152000_NIBRS,
6621635,16168,8,2014,U,,,N,F,,C,2014_08_PA0152000_NIBRS,
6644085,16168,9,2014,U,,,N,F,,C,2014_09_PA0152000_NIBRS,
6666535,16168,10,2014,U,,,N,F,,C,2014_10_PA0152000_NIBRS,
6688985,16168,11,2014,U,,,N,F,,C,2014_11_PA0152000_NIBRS,
6711435,16168,12,2014,U,,,N,F,,C,2014_12_PA0152000_NIBRS,
6464486,16169,1,2014,U,,,N,F,,C,2014_01_PA0152100_NIBRS,
6486936,16169,2,2014,U,,,N,F,,C,2014_02_PA0152100_NIBRS,
6509386,16169,3,2014,U,,,N,F,,C,2014_03_PA0152100_NIBRS,
6531836,16169,4,2014,U,,,N,F,,C,2014_04_PA0152100_NIBRS,
6554286,16169,5,2014,U,,,N,F,,C,2014_05_PA0152100_NIBRS,
6576736,16169,6,2014,U,,,N,F,,C,2014_06_PA0152100_NIBRS,
6599186,16169,7,2014,U,,,N,F,,C,2014_07_PA0152100_NIBRS,
6621636,16169,8,2014,U,,,N,F,,C,2014_08_PA0152100_NIBRS,
6644086,16169,9,2014,U,,,N,F,,C,2014_09_PA0152100_NIBRS,
6666536,16169,10,2014,U,,,N,F,,C,2014_10_PA0152100_NIBRS,
6688986,16169,11,2014,U,,,N,F,,C,2014_11_PA0152100_NIBRS,
6711436,16169,12,2014,U,,,N,F,,C,2014_12_PA0152100_NIBRS,
6464487,16170,1,2014,U,,,N,F,,C,2014_01_PA0152200_NIBRS,
6486937,16170,2,2014,U,,,N,F,,C,2014_02_PA0152200_NIBRS,
6509387,16170,3,2014,U,,,N,F,,C,2014_03_PA0152200_NIBRS,
6531837,16170,4,2014,U,,,N,F,,C,2014_04_PA0152200_NIBRS,
6554287,16170,5,2014,U,,,N,F,,C,2014_05_PA0152200_NIBRS,
6576737,16170,6,2014,U,,,N,F,,C,2014_06_PA0152200_NIBRS,
6599187,16170,7,2014,U,,,N,F,,C,2014_07_PA0152200_NIBRS,
6621637,16170,8,2014,U,,,N,F,,C,2014_08_PA0152200_NIBRS,
6644087,16170,9,2014,U,,,N,F,,C,2014_09_PA0152200_NIBRS,
6666537,16170,10,2014,U,,,N,F,,C,2014_10_PA0152200_NIBRS,
6688987,16170,11,2014,U,,,N,F,,C,2014_11_PA0152200_NIBRS,
6711437,16170,12,2014,U,,,N,F,,C,2014_12_PA0152200_NIBRS,
6464488,16171,1,2014,U,,,N,F,,C,2014_01_PA0152300_NIBRS,
6486938,16171,2,2014,U,,,N,F,,C,2014_02_PA0152300_NIBRS,
6509388,16171,3,2014,U,,,N,F,,C,2014_03_PA0152300_NIBRS,
6531838,16171,4,2014,U,,,N,F,,C,2014_04_PA0152300_NIBRS,
6554288,16171,5,2014,U,,,N,F,,C,2014_05_PA0152300_NIBRS,
6576738,16171,6,2014,U,,,N,F,,C,2014_06_PA0152300_NIBRS,
6599188,16171,7,2014,U,,,N,F,,C,2014_07_PA0152300_NIBRS,
6621638,16171,8,2014,U,,,N,F,,C,2014_08_PA0152300_NIBRS,
6644088,16171,9,2014,U,,,N,F,,C,2014_09_PA0152300_NIBRS,
6666538,16171,10,2014,U,,,N,F,,C,2014_10_PA0152300_NIBRS,
6688988,16171,11,2014,U,,,N,F,,C,2014_11_PA0152300_NIBRS,
6711438,16171,12,2014,U,,,N,F,,C,2014_12_PA0152300_NIBRS,
6464489,16172,1,2014,U,,,N,F,,C,2014_01_PA0152400_NIBRS,
6486939,16172,2,2014,U,,,N,F,,C,2014_02_PA0152400_NIBRS,
6509389,16172,3,2014,U,,,N,F,,C,2014_03_PA0152400_NIBRS,
6531839,16172,4,2014,U,,,N,F,,C,2014_04_PA0152400_NIBRS,
6554289,16172,5,2014,U,,,N,F,,C,2014_05_PA0152400_NIBRS,
6576739,16172,6,2014,U,,,N,F,,C,2014_06_PA0152400_NIBRS,
6599189,16172,7,2014,U,,,N,F,,C,2014_07_PA0152400_NIBRS,
6621639,16172,8,2014,U,,,N,F,,C,2014_08_PA0152400_NIBRS,
6644089,16172,9,2014,U,,,N,F,,C,2014_09_PA0152400_NIBRS,
6666539,16172,10,2014,U,,,N,F,,C,2014_10_PA0152400_NIBRS,
6688989,16172,11,2014,U,,,N,F,,C,2014_11_PA0152400_NIBRS,
6711439,16172,12,2014,U,,,N,F,,C,2014_12_PA0152400_NIBRS,
6464490,16173,1,2014,U,,,N,F,,C,2014_01_PA0152500_NIBRS,
6486940,16173,2,2014,U,,,N,F,,C,2014_02_PA0152500_NIBRS,
6509390,16173,3,2014,U,,,N,F,,C,2014_03_PA0152500_NIBRS,
6531840,16173,4,2014,U,,,N,F,,C,2014_04_PA0152500_NIBRS,
6554290,16173,5,2014,U,,,N,F,,C,2014_05_PA0152500_NIBRS,
6576740,16173,6,2014,U,,,N,F,,C,2014_06_PA0152500_NIBRS,
6599190,16173,7,2014,U,,,N,F,,C,2014_07_PA0152500_NIBRS,
6621640,16173,8,2014,U,,,N,F,,C,2014_08_PA0152500_NIBRS,
6644090,16173,9,2014,U,,,N,F,,C,2014_09_PA0152500_NIBRS,
6666540,16173,10,2014,U,,,N,F,,C,2014_10_PA0152500_NIBRS,
6688990,16173,11,2014,U,,,N,F,,C,2014_11_PA0152500_NIBRS,
6711440,16173,12,2014,U,,,N,F,,C,2014_12_PA0152500_NIBRS,
6464491,16174,1,2014,U,,,N,F,,C,2014_01_PA0152700_NIBRS,
6486941,16174,2,2014,U,,,N,F,,C,2014_02_PA0152700_NIBRS,
6509391,16174,3,2014,U,,,N,F,,C,2014_03_PA0152700_NIBRS,
6531841,16174,4,2014,U,,,N,F,,C,2014_04_PA0152700_NIBRS,
6554291,16174,5,2014,U,,,N,F,,C,2014_05_PA0152700_NIBRS,
6576741,16174,6,2014,U,,,N,F,,C,2014_06_PA0152700_NIBRS,
6599191,16174,7,2014,U,,,N,F,,C,2014_07_PA0152700_NIBRS,
6621641,16174,8,2014,U,,,N,F,,C,2014_08_PA0152700_NIBRS,
6644091,16174,9,2014,U,,,N,F,,C,2014_09_PA0152700_NIBRS,
6666541,16174,10,2014,U,,,N,F,,C,2014_10_PA0152700_NIBRS,
6688991,16174,11,2014,U,,,N,F,,C,2014_11_PA0152700_NIBRS,
6711441,16174,12,2014,U,,,N,F,,C,2014_12_PA0152700_NIBRS,
6464492,16175,1,2014,U,,,N,F,,C,2014_01_PA0152800_NIBRS,
6486942,16175,2,2014,U,,,N,F,,C,2014_02_PA0152800_NIBRS,
6509392,16175,3,2014,U,,,N,F,,C,2014_03_PA0152800_NIBRS,
6531842,16175,4,2014,U,,,N,F,,C,2014_04_PA0152800_NIBRS,
6554292,16175,5,2014,U,,,N,F,,C,2014_05_PA0152800_NIBRS,
6576742,16175,6,2014,U,,,N,F,,C,2014_06_PA0152800_NIBRS,
6599192,16175,7,2014,U,,,N,F,,C,2014_07_PA0152800_NIBRS,
6621642,16175,8,2014,U,,,N,F,,C,2014_08_PA0152800_NIBRS,
6644092,16175,9,2014,U,,,N,F,,C,2014_09_PA0152800_NIBRS,
6666542,16175,10,2014,U,,,N,F,,C,2014_10_PA0152800_NIBRS,
6688992,16175,11,2014,U,,,N,F,,C,2014_11_PA0152800_NIBRS,
6711442,16175,12,2014,U,,,N,F,,C,2014_12_PA0152800_NIBRS,
6464493,16176,1,2014,U,,,N,F,,C,2014_01_PA0152900_NIBRS,
6486943,16176,2,2014,U,,,N,F,,C,2014_02_PA0152900_NIBRS,
6509393,16176,3,2014,U,,,N,F,,C,2014_03_PA0152900_NIBRS,
6531843,16176,4,2014,U,,,N,F,,C,2014_04_PA0152900_NIBRS,
6554293,16176,5,2014,U,,,N,F,,C,2014_05_PA0152900_NIBRS,
6576743,16176,6,2014,U,,,N,F,,C,2014_06_PA0152900_NIBRS,
6599193,16176,7,2014,U,,,N,F,,C,2014_07_PA0152900_NIBRS,
6621643,16176,8,2014,U,,,N,F,,C,2014_08_PA0152900_NIBRS,
6644093,16176,9,2014,U,,,N,F,,C,2014_09_PA0152900_NIBRS,
6666543,16176,10,2014,U,,,N,F,,C,2014_10_PA0152900_NIBRS,
6688993,16176,11,2014,U,,,N,F,,C,2014_11_PA0152900_NIBRS,
6711443,16176,12,2014,U,,,N,F,,C,2014_12_PA0152900_NIBRS,
6464494,16177,1,2014,U,,,N,F,,C,2014_01_PA0153200_NIBRS,
6486944,16177,2,2014,U,,,N,F,,C,2014_02_PA0153200_NIBRS,
6509394,16177,3,2014,U,,,N,F,,C,2014_03_PA0153200_NIBRS,
6531844,16177,4,2014,U,,,N,F,,C,2014_04_PA0153200_NIBRS,
6554294,16177,5,2014,U,,,N,F,,C,2014_05_PA0153200_NIBRS,
6576744,16177,6,2014,U,,,N,F,,C,2014_06_PA0153200_NIBRS,
6599194,16177,7,2014,U,,,N,F,,C,2014_07_PA0153200_NIBRS,
6621644,16177,8,2014,U,,,N,F,,C,2014_08_PA0153200_NIBRS,
6644094,16177,9,2014,U,,,N,F,,C,2014_09_PA0153200_NIBRS,
6666544,16177,10,2014,U,,,N,F,,C,2014_10_PA0153200_NIBRS,
6688994,16177,11,2014,U,,,N,F,,C,2014_11_PA0153200_NIBRS,
6711444,16177,12,2014,U,,,N,F,,C,2014_12_PA0153200_NIBRS,
6464495,16178,1,2014,U,,,N,F,,C,2014_01_PA0153300_NIBRS,
6486945,16178,2,2014,U,,,N,F,,C,2014_02_PA0153300_NIBRS,
6509395,16178,3,2014,U,,,N,F,,C,2014_03_PA0153300_NIBRS,
6531845,16178,4,2014,U,,,N,F,,C,2014_04_PA0153300_NIBRS,
6554295,16178,5,2014,U,,,N,F,,C,2014_05_PA0153300_NIBRS,
6576745,16178,6,2014,U,,,N,F,,C,2014_06_PA0153300_NIBRS,
6599195,16178,7,2014,U,,,N,F,,C,2014_07_PA0153300_NIBRS,
6621645,16178,8,2014,U,,,N,F,,C,2014_08_PA0153300_NIBRS,
6644095,16178,9,2014,U,,,N,F,,C,2014_09_PA0153300_NIBRS,
6666545,16178,10,2014,U,,,N,F,,C,2014_10_PA0153300_NIBRS,
6688995,16178,11,2014,U,,,N,F,,C,2014_11_PA0153300_NIBRS,
6711445,16178,12,2014,U,,,N,F,,C,2014_12_PA0153300_NIBRS,
6464496,16179,1,2014,U,,,N,F,,C,2014_01_PA0153400_NIBRS,
6486946,16179,2,2014,U,,,N,F,,C,2014_02_PA0153400_NIBRS,
6509396,16179,3,2014,U,,,N,F,,C,2014_03_PA0153400_NIBRS,
6531846,16179,4,2014,U,,,N,F,,C,2014_04_PA0153400_NIBRS,
6554296,16179,5,2014,U,,,N,F,,C,2014_05_PA0153400_NIBRS,
6576746,16179,6,2014,U,,,N,F,,C,2014_06_PA0153400_NIBRS,
6599196,16179,7,2014,U,,,N,F,,C,2014_07_PA0153400_NIBRS,
6621646,16179,8,2014,U,,,N,F,,C,2014_08_PA0153400_NIBRS,
6644096,16179,9,2014,U,,,N,F,,C,2014_09_PA0153400_NIBRS,
6666546,16179,10,2014,U,,,N,F,,C,2014_10_PA0153400_NIBRS,
6688996,16179,11,2014,U,,,N,F,,C,2014_11_PA0153400_NIBRS,
6711446,16179,12,2014,U,,,N,F,,C,2014_12_PA0153400_NIBRS,
6464497,16180,1,2014,U,,,N,F,,C,2014_01_PA0153500_NIBRS,
6486947,16180,2,2014,U,,,N,F,,C,2014_02_PA0153500_NIBRS,
6509397,16180,3,2014,U,,,N,F,,C,2014_03_PA0153500_NIBRS,
6531847,16180,4,2014,U,,,N,F,,C,2014_04_PA0153500_NIBRS,
6554297,16180,5,2014,U,,,N,F,,C,2014_05_PA0153500_NIBRS,
6576747,16180,6,2014,U,,,N,F,,C,2014_06_PA0153500_NIBRS,
6599197,16180,7,2014,U,,,N,F,,C,2014_07_PA0153500_NIBRS,
6621647,16180,8,2014,U,,,N,F,,C,2014_08_PA0153500_NIBRS,
6644097,16180,9,2014,U,,,N,F,,C,2014_09_PA0153500_NIBRS,
6666547,16180,10,2014,U,,,N,F,,C,2014_10_PA0153500_NIBRS,
6688997,16180,11,2014,U,,,N,F,,C,2014_11_PA0153500_NIBRS,
6711447,16180,12,2014,U,,,N,F,,C,2014_12_PA0153500_NIBRS,
6464498,16181,1,2014,U,,,N,F,,C,2014_01_PA0153600_NIBRS,
6486948,16181,2,2014,U,,,N,F,,C,2014_02_PA0153600_NIBRS,
6509398,16181,3,2014,U,,,N,F,,C,2014_03_PA0153600_NIBRS,
6531848,16181,4,2014,U,,,N,F,,C,2014_04_PA0153600_NIBRS,
6554298,16181,5,2014,U,,,N,F,,C,2014_05_PA0153600_NIBRS,
6576748,16181,6,2014,U,,,N,F,,C,2014_06_PA0153600_NIBRS,
6599198,16181,7,2014,U,,,N,F,,C,2014_07_PA0153600_NIBRS,
6621648,16181,8,2014,U,,,N,F,,C,2014_08_PA0153600_NIBRS,
6644098,16181,9,2014,U,,,N,F,,C,2014_09_PA0153600_NIBRS,
6666548,16181,10,2014,U,,,N,F,,C,2014_10_PA0153600_NIBRS,
6688998,16181,11,2014,U,,,N,F,,C,2014_11_PA0153600_NIBRS,
6711448,16181,12,2014,U,,,N,F,,C,2014_12_PA0153600_NIBRS,
6464499,16182,1,2014,U,,,N,F,,C,2014_01_PA0153700_NIBRS,
6486949,16182,2,2014,U,,,N,F,,C,2014_02_PA0153700_NIBRS,
6509399,16182,3,2014,U,,,N,F,,C,2014_03_PA0153700_NIBRS,
6531849,16182,4,2014,U,,,N,F,,C,2014_04_PA0153700_NIBRS,
6554299,16182,5,2014,U,,,N,F,,C,2014_05_PA0153700_NIBRS,
6576749,16182,6,2014,U,,,N,F,,C,2014_06_PA0153700_NIBRS,
6599199,16182,7,2014,U,,,N,F,,C,2014_07_PA0153700_NIBRS,
6621649,16182,8,2014,U,,,N,F,,C,2014_08_PA0153700_NIBRS,
6644099,16182,9,2014,U,,,N,F,,C,2014_09_PA0153700_NIBRS,
6666549,16182,10,2014,U,,,N,F,,C,2014_10_PA0153700_NIBRS,
6688999,16182,11,2014,U,,,N,F,,C,2014_11_PA0153700_NIBRS,
6711449,16182,12,2014,U,,,N,F,,C,2014_12_PA0153700_NIBRS,
6464500,16183,1,2014,U,,,N,F,,C,2014_01_PA0153800_NIBRS,
6486950,16183,2,2014,U,,,N,F,,C,2014_02_PA0153800_NIBRS,
6509400,16183,3,2014,U,,,N,F,,C,2014_03_PA0153800_NIBRS,
6531850,16183,4,2014,U,,,N,F,,C,2014_04_PA0153800_NIBRS,
6554300,16183,5,2014,U,,,N,F,,C,2014_05_PA0153800_NIBRS,
6576750,16183,6,2014,U,,,N,F,,C,2014_06_PA0153800_NIBRS,
6599200,16183,7,2014,U,,,N,F,,C,2014_07_PA0153800_NIBRS,
6621650,16183,8,2014,U,,,N,F,,C,2014_08_PA0153800_NIBRS,
6644100,16183,9,2014,U,,,N,F,,C,2014_09_PA0153800_NIBRS,
6666550,16183,10,2014,U,,,N,F,,C,2014_10_PA0153800_NIBRS,
6689000,16183,11,2014,U,,,N,F,,C,2014_11_PA0153800_NIBRS,
6711450,16183,12,2014,U,,,N,F,,C,2014_12_PA0153800_NIBRS,
6464501,16184,1,2014,U,,,N,F,,C,2014_01_PA0153900_NIBRS,
6486951,16184,2,2014,U,,,N,F,,C,2014_02_PA0153900_NIBRS,
6509401,16184,3,2014,U,,,N,F,,C,2014_03_PA0153900_NIBRS,
6531851,16184,4,2014,U,,,N,F,,C,2014_04_PA0153900_NIBRS,
6554301,16184,5,2014,U,,,N,F,,C,2014_05_PA0153900_NIBRS,
6576751,16184,6,2014,U,,,N,F,,C,2014_06_PA0153900_NIBRS,
6599201,16184,7,2014,U,,,N,F,,C,2014_07_PA0153900_NIBRS,
6621651,16184,8,2014,U,,,N,F,,C,2014_08_PA0153900_NIBRS,
6644101,16184,9,2014,U,,,N,F,,C,2014_09_PA0153900_NIBRS,
6666551,16184,10,2014,U,,,N,F,,C,2014_10_PA0153900_NIBRS,
6689001,16184,11,2014,U,,,N,F,,C,2014_11_PA0153900_NIBRS,
6711451,16184,12,2014,U,,,N,F,,C,2014_12_PA0153900_NIBRS,
6465276,16959,1,2014,U,,,N,F,,C,2014_01_PA050DE00_NIBRS,
6487726,16959,2,2014,U,,,N,F,,C,2014_02_PA050DE00_NIBRS,
6510176,16959,3,2014,U,,,N,F,,C,2014_03_PA050DE00_NIBRS,
6532626,16959,4,2014,U,,,N,F,,C,2014_04_PA050DE00_NIBRS,
6555076,16959,5,2014,U,,,N,F,,C,2014_05_PA050DE00_NIBRS,
6577526,16959,6,2014,U,,,N,F,,C,2014_06_PA050DE00_NIBRS,
6599976,16959,7,2014,U,,,N,F,,C,2014_07_PA050DE00_NIBRS,
6622426,16959,8,2014,U,,,N,F,,C,2014_08_PA050DE00_NIBRS,
6644876,16959,9,2014,U,,,N,F,,C,2014_09_PA050DE00_NIBRS,
6667326,16959,10,2014,U,,,N,F,,C,2014_10_PA050DE00_NIBRS,
6689776,16959,11,2014,U,,,N,F,,C,2014_11_PA050DE00_NIBRS,
6712226,16959,12,2014,U,,,N,F,,C,2014_12_PA050DE00_NIBRS,
6465277,16960,1,2014,U,,,N,F,,C,2014_01_PA050SP00_NIBRS,
6487727,16960,2,2014,U,,,N,F,,C,2014_02_PA050SP00_NIBRS,
6510177,16960,3,2014,U,,,N,F,,C,2014_03_PA050SP00_NIBRS,
6532627,16960,4,2014,U,,,N,F,,C,2014_04_PA050SP00_NIBRS,
6555077,16960,5,2014,U,,,N,F,,C,2014_05_PA050SP00_NIBRS,
6577527,16960,6,2014,U,,,N,F,,C,2014_06_PA050SP00_NIBRS,
6599977,16960,7,2014,U,,,N,F,,C,2014_07_PA050SP00_NIBRS,
6622427,16960,8,2014,U,,,N,F,,C,2014_08_PA050SP00_NIBRS,
6644877,16960,9,2014,U,,,N,F,,C,2014_09_PA050SP00_NIBRS,
6667327,16960,10,2014,U,,,N,F,,C,2014_10_PA050SP00_NIBRS,
6689777,16960,11,2014,U,,,N,F,,C,2014_11_PA050SP00_NIBRS,
6712227,16960,12,2014,U,,,N,F,,C,2014_12_PA050SP00_NIBRS,
6464696,16379,1,2014,U,,,N,F,,C,2014_01_PA0232300_NIBRS,
6487146,16379,2,2014,U,,,N,F,,C,2014_02_PA0232300_NIBRS,
6509596,16379,3,2014,U,,,N,F,,C,2014_03_PA0232300_NIBRS,
6532046,16379,4,2014,U,,,N,F,,C,2014_04_PA0232300_NIBRS,
6554496,16379,5,2014,U,,,N,F,,C,2014_05_PA0232300_NIBRS,
6576946,16379,6,2014,U,,,N,F,,C,2014_06_PA0232300_NIBRS,
6599396,16379,7,2014,U,,,N,F,,C,2014_07_PA0232300_NIBRS,
6621846,16379,8,2014,U,,,N,F,,C,2014_08_PA0232300_NIBRS,
6644296,16379,9,2014,U,,,N,F,,C,2014_09_PA0232300_NIBRS,
6666746,16379,10,2014,U,,,N,F,,C,2014_10_PA0232300_NIBRS,
6689196,16379,11,2014,U,,,N,F,,C,2014_11_PA0232300_NIBRS,
6711646,16379,12,2014,U,,,N,F,,C,2014_12_PA0232300_NIBRS,
6464697,16380,1,2014,U,,,N,F,,C,2014_01_PA0232400_NIBRS,
6487147,16380,2,2014,U,,,N,F,,C,2014_02_PA0232400_NIBRS,
6509597,16380,3,2014,U,,,N,F,,C,2014_03_PA0232400_NIBRS,
6532047,16380,4,2014,U,,,N,F,,C,2014_04_PA0232400_NIBRS,
6554497,16380,5,2014,U,,,N,F,,C,2014_05_PA0232400_NIBRS,
6576947,16380,6,2014,U,,,N,F,,C,2014_06_PA0232400_NIBRS,
6599397,16380,7,2014,U,,,N,F,,C,2014_07_PA0232400_NIBRS,
6621847,16380,8,2014,U,,,N,F,,C,2014_08_PA0232400_NIBRS,
6644297,16380,9,2014,U,,,N,F,,C,2014_09_PA0232400_NIBRS,
6666747,16380,10,2014,U,,,N,F,,C,2014_10_PA0232400_NIBRS,
6689197,16380,11,2014,U,,,N,F,,C,2014_11_PA0232400_NIBRS,
6711647,16380,12,2014,U,,,N,F,,C,2014_12_PA0232400_NIBRS,
6464312,15995,1,2014,U,,,N,F,,C,2014_01_PA0091800_NIBRS,
6486762,15995,2,2014,U,,,N,F,,C,2014_02_PA0091800_NIBRS,
6509212,15995,3,2014,U,,,N,F,,C,2014_03_PA0091800_NIBRS,
6531662,15995,4,2014,U,,,N,F,,C,2014_04_PA0091800_NIBRS,
6554112,15995,5,2014,U,,,N,F,,C,2014_05_PA0091800_NIBRS,
6576562,15995,6,2014,U,,,N,F,,C,2014_06_PA0091800_NIBRS,
6599012,15995,7,2014,U,,,N,F,,C,2014_07_PA0091800_NIBRS,
6621462,15995,8,2014,U,,,N,F,,C,2014_08_PA0091800_NIBRS,
6643912,15995,9,2014,U,,,N,F,,C,2014_09_PA0091800_NIBRS,
6666362,15995,10,2014,U,,,N,F,,C,2014_10_PA0091800_NIBRS,
6688812,15995,11,2014,U,,,N,F,,C,2014_11_PA0091800_NIBRS,
6711262,15995,12,2014,U,,,N,F,,C,2014_12_PA0091800_NIBRS,
6464313,15996,1,2014,U,,,N,F,,C,2014_01_PA0091900_NIBRS,
6486763,15996,2,2014,U,,,N,F,,C,2014_02_PA0091900_NIBRS,
6509213,15996,3,2014,U,,,N,F,,C,2014_03_PA0091900_NIBRS,
6531663,15996,4,2014,U,,,N,F,,C,2014_04_PA0091900_NIBRS,
6554113,15996,5,2014,U,,,N,F,,C,2014_05_PA0091900_NIBRS,
6576563,15996,6,2014,U,,,N,F,,C,2014_06_PA0091900_NIBRS,
6599013,15996,7,2014,U,,,N,F,,C,2014_07_PA0091900_NIBRS,
6621463,15996,8,2014,U,,,N,F,,C,2014_08_PA0091900_NIBRS,
6643913,15996,9,2014,U,,,N,F,,C,2014_09_PA0091900_NIBRS,
6666363,15996,10,2014,U,,,N,F,,C,2014_10_PA0091900_NIBRS,
6688813,15996,11,2014,U,,,N,F,,C,2014_11_PA0091900_NIBRS,
6711263,15996,12,2014,U,,,N,F,,C,2014_12_PA0091900_NIBRS,
6464314,15997,1,2014,U,,,N,F,,C,2014_01_PA0092000_NIBRS,
6486764,15997,2,2014,U,,,N,F,,C,2014_02_PA0092000_NIBRS,
6509214,15997,3,2014,U,,,N,F,,C,2014_03_PA0092000_NIBRS,
6531664,15997,4,2014,U,,,N,F,,C,2014_04_PA0092000_NIBRS,
6554114,15997,5,2014,U,,,N,F,,C,2014_05_PA0092000_NIBRS,
6576564,15997,6,2014,U,,,N,F,,C,2014_06_PA0092000_NIBRS,
6599014,15997,7,2014,U,,,N,F,,C,2014_07_PA0092000_NIBRS,
6621464,15997,8,2014,U,,,N,F,,C,2014_08_PA0092000_NIBRS,
6643914,15997,9,2014,U,,,N,F,,C,2014_09_PA0092000_NIBRS,
6666364,15997,10,2014,U,,,N,F,,C,2014_10_PA0092000_NIBRS,
6688814,15997,11,2014,U,,,N,F,,C,2014_11_PA0092000_NIBRS,
6711264,15997,12,2014,U,,,N,F,,C,2014_12_PA0092000_NIBRS,
6464315,15998,1,2014,U,,,N,F,,C,2014_01_PA0092100_NIBRS,
6486765,15998,2,2014,U,,,N,F,,C,2014_02_PA0092100_NIBRS,
6509215,15998,3,2014,U,,,N,F,,C,2014_03_PA0092100_NIBRS,
6531665,15998,4,2014,U,,,N,F,,C,2014_04_PA0092100_NIBRS,
6554115,15998,5,2014,U,,,N,F,,C,2014_05_PA0092100_NIBRS,
6576565,15998,6,2014,U,,,N,F,,C,2014_06_PA0092100_NIBRS,
6599015,15998,7,2014,U,,,N,F,,C,2014_07_PA0092100_NIBRS,
6621465,15998,8,2014,U,,,N,F,,C,2014_08_PA0092100_NIBRS,
6643915,15998,9,2014,U,,,N,F,,C,2014_09_PA0092100_NIBRS,
6666365,15998,10,2014,U,,,N,F,,C,2014_10_PA0092100_NIBRS,
6688815,15998,11,2014,U,,,N,F,,C,2014_11_PA0092100_NIBRS,
6711265,15998,12,2014,U,,,N,F,,C,2014_12_PA0092100_NIBRS,
6464316,15999,1,2014,U,,,N,F,,C,2014_01_PA0092200_NIBRS,
6486766,15999,2,2014,U,,,N,F,,C,2014_02_PA0092200_NIBRS,
6509216,15999,3,2014,U,,,N,F,,C,2014_03_PA0092200_NIBRS,
6531666,15999,4,2014,U,,,N,F,,C,2014_04_PA0092200_NIBRS,
6554116,15999,5,2014,U,,,N,F,,C,2014_05_PA0092200_NIBRS,
6576566,15999,6,2014,U,,,N,F,,C,2014_06_PA0092200_NIBRS,
6599016,15999,7,2014,U,,,N,F,,C,2014_07_PA0092200_NIBRS,
6621466,15999,8,2014,U,,,N,F,,C,2014_08_PA0092200_NIBRS,
6643916,15999,9,2014,U,,,N,F,,C,2014_09_PA0092200_NIBRS,
6666366,15999,10,2014,U,,,N,F,,C,2014_10_PA0092200_NIBRS,
6688816,15999,11,2014,U,,,N,F,,C,2014_11_PA0092200_NIBRS,
6711266,15999,12,2014,U,,,N,F,,C,2014_12_PA0092200_NIBRS,
6464556,16239,1,2014,U,,,N,F,,C,2014_01_PA0180900_NIBRS,
6487006,16239,2,2014,U,,,N,F,,C,2014_02_PA0180900_NIBRS,
6509456,16239,3,2014,U,,,N,F,,C,2014_03_PA0180900_NIBRS,
6531906,16239,4,2014,U,,,N,F,,C,2014_04_PA0180900_NIBRS,
6554356,16239,5,2014,U,,,N,F,,C,2014_05_PA0180900_NIBRS,
6576806,16239,6,2014,U,,,N,F,,C,2014_06_PA0180900_NIBRS,
6599256,16239,7,2014,U,,,N,F,,C,2014_07_PA0180900_NIBRS,
6621706,16239,8,2014,U,,,N,F,,C,2014_08_PA0180900_NIBRS,
6644156,16239,9,2014,U,,,N,F,,C,2014_09_PA0180900_NIBRS,
6666606,16239,10,2014,U,,,N,F,,C,2014_10_PA0180900_NIBRS,
6689056,16239,11,2014,U,,,N,F,,C,2014_11_PA0180900_NIBRS,
6711506,16239,12,2014,U,,,N,F,,C,2014_12_PA0180900_NIBRS,
6464557,16240,1,2014,U,,,N,F,,C,2014_01_PA0181000_NIBRS,
6487007,16240,2,2014,U,,,N,F,,C,2014_02_PA0181000_NIBRS,
6509457,16240,3,2014,U,,,N,F,,C,2014_03_PA0181000_NIBRS,
6531907,16240,4,2014,U,,,N,F,,C,2014_04_PA0181000_NIBRS,
6554357,16240,5,2014,U,,,N,F,,C,2014_05_PA0181000_NIBRS,
6576807,16240,6,2014,U,,,N,F,,C,2014_06_PA0181000_NIBRS,
6599257,16240,7,2014,U,,,N,F,,C,2014_07_PA0181000_NIBRS,
6621707,16240,8,2014,U,,,N,F,,C,2014_08_PA0181000_NIBRS,
6644157,16240,9,2014,U,,,N,F,,C,2014_09_PA0181000_NIBRS,
6666607,16240,10,2014,U,,,N,F,,C,2014_10_PA0181000_NIBRS,
6689057,16240,11,2014,U,,,N,F,,C,2014_11_PA0181000_NIBRS,
6711507,16240,12,2014,U,,,N,F,,C,2014_12_PA0181000_NIBRS,
6464558,16241,1,2014,U,,,N,F,,C,2014_01_PA0181100_NIBRS,
6487008,16241,2,2014,U,,,N,F,,C,2014_02_PA0181100_NIBRS,
6509458,16241,3,2014,U,,,N,F,,C,2014_03_PA0181100_NIBRS,
6531908,16241,4,2014,U,,,N,F,,C,2014_04_PA0181100_NIBRS,
6554358,16241,5,2014,U,,,N,F,,C,2014_05_PA0181100_NIBRS,
6576808,16241,6,2014,U,,,N,F,,C,2014_06_PA0181100_NIBRS,
6599258,16241,7,2014,U,,,N,F,,C,2014_07_PA0181100_NIBRS,
6621708,16241,8,2014,U,,,N,F,,C,2014_08_PA0181100_NIBRS,
6644158,16241,9,2014,U,,,N,F,,C,2014_09_PA0181100_NIBRS,
6666608,16241,10,2014,U,,,N,F,,C,2014_10_PA0181100_NIBRS,
6689058,16241,11,2014,U,,,N,F,,C,2014_11_PA0181100_NIBRS,
6711508,16241,12,2014,U,,,N,F,,C,2014_12_PA0181100_NIBRS,
6464559,16242,1,2014,U,,,N,F,,C,2014_01_PA0181200_NIBRS,
6487009,16242,2,2014,U,,,N,F,,C,2014_02_PA0181200_NIBRS,
6509459,16242,3,2014,U,,,N,F,,C,2014_03_PA0181200_NIBRS,
6531909,16242,4,2014,U,,,N,F,,C,2014_04_PA0181200_NIBRS,
6554359,16242,5,2014,U,,,N,F,,C,2014_05_PA0181200_NIBRS,
6576809,16242,6,2014,U,,,N,F,,C,2014_06_PA0181200_NIBRS,
6599259,16242,7,2014,U,,,N,F,,C,2014_07_PA0181200_NIBRS,
6621709,16242,8,2014,U,,,N,F,,C,2014_08_PA0181200_NIBRS,
6644159,16242,9,2014,U,,,N,F,,C,2014_09_PA0181200_NIBRS,
6666609,16242,10,2014,U,,,N,F,,C,2014_10_PA0181200_NIBRS,
6689059,16242,11,2014,U,,,N,F,,C,2014_11_PA0181200_NIBRS,
6711509,16242,12,2014,U,,,N,F,,C,2014_12_PA0181200_NIBRS,
6464560,16243,1,2014,U,,,N,F,,C,2014_01_PA0181500_NIBRS,
6487010,16243,2,2014,U,,,N,F,,C,2014_02_PA0181500_NIBRS,
6509460,16243,3,2014,U,,,N,F,,C,2014_03_PA0181500_NIBRS,
6531910,16243,4,2014,U,,,N,F,,C,2014_04_PA0181500_NIBRS,
6554360,16243,5,2014,U,,,N,F,,C,2014_05_PA0181500_NIBRS,
6576810,16243,6,2014,U,,,N,F,,C,2014_06_PA0181500_NIBRS,
6599260,16243,7,2014,U,,,N,F,,C,2014_07_PA0181500_NIBRS,
6621710,16243,8,2014,U,,,N,F,,C,2014_08_PA0181500_NIBRS,
6644160,16243,9,2014,U,,,N,F,,C,2014_09_PA0181500_NIBRS,
6666610,16243,10,2014,U,,,N,F,,C,2014_10_PA0181500_NIBRS,
6689060,16243,11,2014,U,,,N,F,,C,2014_11_PA0181500_NIBRS,
6711510,16243,12,2014,U,,,N,F,,C,2014_12_PA0181500_NIBRS,
6464561,16244,1,2014,U,,,N,F,,C,2014_01_PA0181600_NIBRS,
6487011,16244,2,2014,U,,,N,F,,C,2014_02_PA0181600_NIBRS,
6509461,16244,3,2014,U,,,N,F,,C,2014_03_PA0181600_NIBRS,
6531911,16244,4,2014,U,,,N,F,,C,2014_04_PA0181600_NIBRS,
6554361,16244,5,2014,U,,,N,F,,C,2014_05_PA0181600_NIBRS,
6576811,16244,6,2014,U,,,N,F,,C,2014_06_PA0181600_NIBRS,
6599261,16244,7,2014,U,,,N,F,,C,2014_07_PA0181600_NIBRS,
6621711,16244,8,2014,U,,,N,F,,C,2014_08_PA0181600_NIBRS,
6644161,16244,9,2014,U,,,N,F,,C,2014_09_PA0181600_NIBRS,
6666611,16244,10,2014,U,,,N,F,,C,2014_10_PA0181600_NIBRS,
6689061,16244,11,2014,U,,,N,F,,C,2014_11_PA0181600_NIBRS,
6711511,16244,12,2014,U,,,N,F,,C,2014_12_PA0181600_NIBRS,
6464562,16245,1,2014,U,,,N,F,,C,2014_01_PA018BF00_NIBRS,
6487012,16245,2,2014,U,,,N,F,,C,2014_02_PA018BF00_NIBRS,
6509462,16245,3,2014,U,,,N,F,,C,2014_03_PA018BF00_NIBRS,
6531912,16245,4,2014,U,,,N,F,,C,2014_04_PA018BF00_NIBRS,
6554362,16245,5,2014,U,,,N,F,,C,2014_05_PA018BF00_NIBRS,
6576812,16245,6,2014,U,,,N,F,,C,2014_06_PA018BF00_NIBRS,
6599262,16245,7,2014,U,,,N,F,,C,2014_07_PA018BF00_NIBRS,
6621712,16245,8,2014,U,,,N,F,,C,2014_08_PA018BF00_NIBRS,
6644162,16245,9,2014,U,,,N,F,,C,2014_09_PA018BF00_NIBRS,
6666612,16245,10,2014,U,,,N,F,,C,2014_10_PA018BF00_NIBRS,
6689062,16245,11,2014,U,,,N,F,,C,2014_11_PA018BF00_NIBRS,
6711512,16245,12,2014,U,,,N,F,,C,2014_12_PA018BF00_NIBRS,
6464563,16246,1,2014,U,,,N,F,,C,2014_01_PA018DE00_NIBRS,
6487013,16246,2,2014,U,,,N,F,,C,2014_02_PA018DE00_NIBRS,
6509463,16246,3,2014,U,,,N,F,,C,2014_03_PA018DE00_NIBRS,
6531913,16246,4,2014,U,,,N,F,,C,2014_04_PA018DE00_NIBRS,
6554363,16246,5,2014,U,,,N,F,,C,2014_05_PA018DE00_NIBRS,
6576813,16246,6,2014,U,,,N,F,,C,2014_06_PA018DE00_NIBRS,
6599263,16246,7,2014,U,,,N,F,,C,2014_07_PA018DE00_NIBRS,
6621713,16246,8,2014,U,,,N,F,,C,2014_08_PA018DE00_NIBRS,
6644163,16246,9,2014,U,,,N,F,,C,2014_09_PA018DE00_NIBRS,
6666613,16246,10,2014,U,,,N,F,,C,2014_10_PA018DE00_NIBRS,
6689063,16246,11,2014,U,,,N,F,,C,2014_11_PA018DE00_NIBRS,
6711513,16246,12,2014,U,,,N,F,,C,2014_12_PA018DE00_NIBRS,
6464564,16247,1,2014,U,,,N,F,,C,2014_01_PA018SP00_NIBRS,
6487014,16247,2,2014,U,,,N,F,,C,2014_02_PA018SP00_NIBRS,
6509464,16247,3,2014,U,,,N,F,,C,2014_03_PA018SP00_NIBRS,
6531914,16247,4,2014,U,,,N,F,,C,2014_04_PA018SP00_NIBRS,
6554364,16247,5,2014,U,,,N,F,,C,2014_05_PA018SP00_NIBRS,
6576814,16247,6,2014,U,,,N,F,,C,2014_06_PA018SP00_NIBRS,
6599264,16247,7,2014,U,,,N,F,,C,2014_07_PA018SP00_NIBRS,
6621714,16247,8,2014,U,,,N,F,,C,2014_08_PA018SP00_NIBRS,
6644164,16247,9,2014,U,,,N,F,,C,2014_09_PA018SP00_NIBRS,
6666614,16247,10,2014,U,,,N,F,,C,2014_10_PA018SP00_NIBRS,
6689064,16247,11,2014,U,,,N,F,,C,2014_11_PA018SP00_NIBRS,
6711514,16247,12,2014,U,,,N,F,,C,2014_12_PA018SP00_NIBRS,
6464565,16248,1,2014,U,,,N,F,,C,2014_01_PA0190000_NIBRS,
6487015,16248,2,2014,U,,,N,F,,C,2014_02_PA0190000_NIBRS,
6509465,16248,3,2014,U,,,N,F,,C,2014_03_PA0190000_NIBRS,
6531915,16248,4,2014,U,,,N,F,,C,2014_04_PA0190000_NIBRS,
6554365,16248,5,2014,U,,,N,F,,C,2014_05_PA0190000_NIBRS,
6576815,16248,6,2014,U,,,N,F,,C,2014_06_PA0190000_NIBRS,
6599265,16248,7,2014,U,,,N,F,,C,2014_07_PA0190000_NIBRS,
6621715,16248,8,2014,U,,,N,F,,C,2014_08_PA0190000_NIBRS,
6644165,16248,9,2014,U,,,N,F,,C,2014_09_PA0190000_NIBRS,
6666615,16248,10,2014,U,,,N,F,,C,2014_10_PA0190000_NIBRS,
6689065,16248,11,2014,U,,,N,F,,C,2014_11_PA0190000_NIBRS,
6711515,16248,12,2014,U,,,N,F,,C,2014_12_PA0190000_NIBRS,
6464566,16249,1,2014,U,,,N,F,,C,2014_01_PA0190100_NIBRS,
6487016,16249,2,2014,U,,,N,F,,C,2014_02_PA0190100_NIBRS,
6509466,16249,3,2014,U,,,N,F,,C,2014_03_PA0190100_NIBRS,
6531916,16249,4,2014,U,,,N,F,,C,2014_04_PA0190100_NIBRS,
6554366,16249,5,2014,U,,,N,F,,C,2014_05_PA0190100_NIBRS,
6576816,16249,6,2014,U,,,N,F,,C,2014_06_PA0190100_NIBRS,
6599266,16249,7,2014,U,,,N,F,,C,2014_07_PA0190100_NIBRS,
6621716,16249,8,2014,U,,,N,F,,C,2014_08_PA0190100_NIBRS,
6644166,16249,9,2014,U,,,N,F,,C,2014_09_PA0190100_NIBRS,
6666616,16249,10,2014,U,,,N,F,,C,2014_10_PA0190100_NIBRS,
6689066,16249,11,2014,U,,,N,F,,C,2014_11_PA0190100_NIBRS,
6711516,16249,12,2014,U,,,N,F,,C,2014_12_PA0190100_NIBRS,
6464567,16250,1,2014,U,,,N,F,,C,2014_01_PA0190200_NIBRS,
6487017,16250,2,2014,U,,,N,F,,C,2014_02_PA0190200_NIBRS,
6509467,16250,3,2014,U,,,N,F,,C,2014_03_PA0190200_NIBRS,
6531917,16250,4,2014,U,,,N,F,,C,2014_04_PA0190200_NIBRS,
6554367,16250,5,2014,U,,,N,F,,C,2014_05_PA0190200_NIBRS,
6576817,16250,6,2014,U,,,N,F,,C,2014_06_PA0190200_NIBRS,
6599267,16250,7,2014,U,,,N,F,,C,2014_07_PA0190200_NIBRS,
6621717,16250,8,2014,U,,,N,F,,C,2014_08_PA0190200_NIBRS,
6644167,16250,9,2014,U,,,N,F,,C,2014_09_PA0190200_NIBRS,
6666617,16250,10,2014,U,,,N,F,,C,2014_10_PA0190200_NIBRS,
6689067,16250,11,2014,U,,,N,F,,C,2014_11_PA0190200_NIBRS,
6711517,16250,12,2014,U,,,N,F,,C,2014_12_PA0190200_NIBRS,
6464568,16251,1,2014,U,,,N,F,,C,2014_01_PA0190300_NIBRS,
6487018,16251,2,2014,U,,,N,F,,C,2014_02_PA0190300_NIBRS,
6509468,16251,3,2014,U,,,N,F,,C,2014_03_PA0190300_NIBRS,
6531918,16251,4,2014,U,,,N,F,,C,2014_04_PA0190300_NIBRS,
6554368,16251,5,2014,U,,,N,F,,C,2014_05_PA0190300_NIBRS,
6576818,16251,6,2014,U,,,N,F,,C,2014_06_PA0190300_NIBRS,
6599268,16251,7,2014,U,,,N,F,,C,2014_07_PA0190300_NIBRS,
6621718,16251,8,2014,U,,,N,F,,C,2014_08_PA0190300_NIBRS,
6644168,16251,9,2014,U,,,N,F,,C,2014_09_PA0190300_NIBRS,
6666618,16251,10,2014,U,,,N,F,,C,2014_10_PA0190300_NIBRS,
6689068,16251,11,2014,U,,,N,F,,C,2014_11_PA0190300_NIBRS,
6711518,16251,12,2014,U,,,N,F,,C,2014_12_PA0190300_NIBRS,
6464569,16252,1,2014,U,,,N,F,,C,2014_01_PA0190400_NIBRS,
6487019,16252,2,2014,U,,,N,F,,C,2014_02_PA0190400_NIBRS,
6509469,16252,3,2014,U,,,N,F,,C,2014_03_PA0190400_NIBRS,
6531919,16252,4,2014,U,,,N,F,,C,2014_04_PA0190400_NIBRS,
6554369,16252,5,2014,U,,,N,F,,C,2014_05_PA0190400_NIBRS,
6576819,16252,6,2014,U,,,N,F,,C,2014_06_PA0190400_NIBRS,
6599269,16252,7,2014,U,,,N,F,,C,2014_07_PA0190400_NIBRS,
6621719,16252,8,2014,U,,,N,F,,C,2014_08_PA0190400_NIBRS,
6644169,16252,9,2014,U,,,N,F,,C,2014_09_PA0190400_NIBRS,
6666619,16252,10,2014,U,,,N,F,,C,2014_10_PA0190400_NIBRS,
6689069,16252,11,2014,U,,,N,F,,C,2014_11_PA0190400_NIBRS,
6711519,16252,12,2014,U,,,N,F,,C,2014_12_PA0190400_NIBRS,
6464570,16253,1,2014,U,,,N,F,,C,2014_01_PA0190500_NIBRS,
6487020,16253,2,2014,U,,,N,F,,C,2014_02_PA0190500_NIBRS,
6509470,16253,3,2014,U,,,N,F,,C,2014_03_PA0190500_NIBRS,
6531920,16253,4,2014,U,,,N,F,,C,2014_04_PA0190500_NIBRS,
6554370,16253,5,2014,U,,,N,F,,C,2014_05_PA0190500_NIBRS,
6576820,16253,6,2014,U,,,N,F,,C,2014_06_PA0190500_NIBRS,
6599270,16253,7,2014,U,,,N,F,,C,2014_07_PA0190500_NIBRS,
6621720,16253,8,2014,U,,,N,F,,C,2014_08_PA0190500_NIBRS,
6644170,16253,9,2014,U,,,N,F,,C,2014_09_PA0190500_NIBRS,
6666620,16253,10,2014,U,,,N,F,,C,2014_10_PA0190500_NIBRS,
6689070,16253,11,2014,U,,,N,F,,C,2014_11_PA0190500_NIBRS,
6711520,16253,12,2014,U,,,N,F,,C,2014_12_PA0190500_NIBRS,
6464571,16254,1,2014,U,,,N,F,,C,2014_01_PA0190600_NIBRS,
6487021,16254,2,2014,U,,,N,F,,C,2014_02_PA0190600_NIBRS,
6509471,16254,3,2014,U,,,N,F,,C,2014_03_PA0190600_NIBRS,
6531921,16254,4,2014,U,,,N,F,,C,2014_04_PA0190600_NIBRS,
6554371,16254,5,2014,U,,,N,F,,C,2014_05_PA0190600_NIBRS,
6576821,16254,6,2014,U,,,N,F,,C,2014_06_PA0190600_NIBRS,
6599271,16254,7,2014,U,,,N,F,,C,2014_07_PA0190600_NIBRS,
6621721,16254,8,2014,U,,,N,F,,C,2014_08_PA0190600_NIBRS,
6644171,16254,9,2014,U,,,N,F,,C,2014_09_PA0190600_NIBRS,
6666621,16254,10,2014,U,,,N,F,,C,2014_10_PA0190600_NIBRS,
6689071,16254,11,2014,U,,,N,F,,C,2014_11_PA0190600_NIBRS,
6711521,16254,12,2014,U,,,N,F,,C,2014_12_PA0190600_NIBRS,
6464572,16255,1,2014,U,,,N,F,,C,2014_01_PA0190800_NIBRS,
6487022,16255,2,2014,U,,,N,F,,C,2014_02_PA0190800_NIBRS,
6509472,16255,3,2014,U,,,N,F,,C,2014_03_PA0190800_NIBRS,
6531922,16255,4,2014,U,,,N,F,,C,2014_04_PA0190800_NIBRS,
6554372,16255,5,2014,U,,,N,F,,C,2014_05_PA0190800_NIBRS,
6576822,16255,6,2014,U,,,N,F,,C,2014_06_PA0190800_NIBRS,
6599272,16255,7,2014,U,,,N,F,,C,2014_07_PA0190800_NIBRS,
6621722,16255,8,2014,U,,,N,F,,C,2014_08_PA0190800_NIBRS,
6644172,16255,9,2014,U,,,N,F,,C,2014_09_PA0190800_NIBRS,
6666622,16255,10,2014,U,,,N,F,,C,2014_10_PA0190800_NIBRS,
6689072,16255,11,2014,U,,,N,F,,C,2014_11_PA0190800_NIBRS,
6711522,16255,12,2014,U,,,N,F,,C,2014_12_PA0190800_NIBRS,
6464573,16256,1,2014,U,,,N,F,,C,2014_01_PA0190900_NIBRS,
6487023,16256,2,2014,U,,,N,F,,C,2014_02_PA0190900_NIBRS,
6509473,16256,3,2014,U,,,N,F,,C,2014_03_PA0190900_NIBRS,
6531923,16256,4,2014,U,,,N,F,,C,2014_04_PA0190900_NIBRS,
6554373,16256,5,2014,U,,,N,F,,C,2014_05_PA0190900_NIBRS,
6576823,16256,6,2014,U,,,N,F,,C,2014_06_PA0190900_NIBRS,
6599273,16256,7,2014,U,,,N,F,,C,2014_07_PA0190900_NIBRS,
6621723,16256,8,2014,U,,,N,F,,C,2014_08_PA0190900_NIBRS,
6644173,16256,9,2014,U,,,N,F,,C,2014_09_PA0190900_NIBRS,
6666623,16256,10,2014,U,,,N,F,,C,2014_10_PA0190900_NIBRS,
6689073,16256,11,2014,U,,,N,F,,C,2014_11_PA0190900_NIBRS,
6711523,16256,12,2014,U,,,N,F,,C,2014_12_PA0190900_NIBRS,
6464574,16257,1,2014,U,,,N,F,,C,2014_01_PA0191000_NIBRS,
6487024,16257,2,2014,U,,,N,F,,C,2014_02_PA0191000_NIBRS,
6509474,16257,3,2014,U,,,N,F,,C,2014_03_PA0191000_NIBRS,
6531924,16257,4,2014,U,,,N,F,,C,2014_04_PA0191000_NIBRS,
6554374,16257,5,2014,U,,,N,F,,C,2014_05_PA0191000_NIBRS,
6576824,16257,6,2014,U,,,N,F,,C,2014_06_PA0191000_NIBRS,
6599274,16257,7,2014,U,,,N,F,,C,2014_07_PA0191000_NIBRS,
6621724,16257,8,2014,U,,,N,F,,C,2014_08_PA0191000_NIBRS,
6644174,16257,9,2014,U,,,N,F,,C,2014_09_PA0191000_NIBRS,
6666624,16257,10,2014,U,,,N,F,,C,2014_10_PA0191000_NIBRS,
6689074,16257,11,2014,U,,,N,F,,C,2014_11_PA0191000_NIBRS,
6711524,16257,12,2014,U,,,N,F,,C,2014_12_PA0191000_NIBRS,
6464575,16258,1,2014,U,,,N,F,,C,2014_01_PA0191100_NIBRS,
6487025,16258,2,2014,U,,,N,F,,C,2014_02_PA0191100_NIBRS,
6509475,16258,3,2014,U,,,N,F,,C,2014_03_PA0191100_NIBRS,
6531925,16258,4,2014,U,,,N,F,,C,2014_04_PA0191100_NIBRS,
6554375,16258,5,2014,U,,,N,F,,C,2014_05_PA0191100_NIBRS,
6576825,16258,6,2014,U,,,N,F,,C,2014_06_PA0191100_NIBRS,
6599275,16258,7,2014,U,,,N,F,,C,2014_07_PA0191100_NIBRS,
6621725,16258,8,2014,U,,,N,F,,C,2014_08_PA0191100_NIBRS,
6644175,16258,9,2014,U,,,N,F,,C,2014_09_PA0191100_NIBRS,
6666625,16258,10,2014,U,,,N,F,,C,2014_10_PA0191100_NIBRS,
6689075,16258,11,2014,U,,,N,F,,C,2014_11_PA0191100_NIBRS,
6711525,16258,12,2014,U,,,N,F,,C,2014_12_PA0191100_NIBRS,
6464576,16259,1,2014,U,,,N,F,,C,2014_01_PA0191200_NIBRS,
6487026,16259,2,2014,U,,,N,F,,C,2014_02_PA0191200_NIBRS,
6509476,16259,3,2014,U,,,N,F,,C,2014_03_PA0191200_NIBRS,
6531926,16259,4,2014,U,,,N,F,,C,2014_04_PA0191200_NIBRS,
6554376,16259,5,2014,U,,,N,F,,C,2014_05_PA0191200_NIBRS,
6576826,16259,6,2014,U,,,N,F,,C,2014_06_PA0191200_NIBRS,
6599276,16259,7,2014,U,,,N,F,,C,2014_07_PA0191200_NIBRS,
6621726,16259,8,2014,U,,,N,F,,C,2014_08_PA0191200_NIBRS,
6644176,16259,9,2014,U,,,N,F,,C,2014_09_PA0191200_NIBRS,
6666626,16259,10,2014,U,,,N,F,,C,2014_10_PA0191200_NIBRS,
6689076,16259,11,2014,U,,,N,F,,C,2014_11_PA0191200_NIBRS,
6711526,16259,12,2014,U,,,N,F,,C,2014_12_PA0191200_NIBRS,
6464577,16260,1,2014,U,,,N,F,,C,2014_01_PA0191300_NIBRS,
6487027,16260,2,2014,U,,,N,F,,C,2014_02_PA0191300_NIBRS,
6509477,16260,3,2014,U,,,N,F,,C,2014_03_PA0191300_NIBRS,
6531927,16260,4,2014,U,,,N,F,,C,2014_04_PA0191300_NIBRS,
6554377,16260,5,2014,U,,,N,F,,C,2014_05_PA0191300_NIBRS,
6576827,16260,6,2014,U,,,N,F,,C,2014_06_PA0191300_NIBRS,
6599277,16260,7,2014,U,,,N,F,,C,2014_07_PA0191300_NIBRS,
6621727,16260,8,2014,U,,,N,F,,C,2014_08_PA0191300_NIBRS,
6644177,16260,9,2014,U,,,N,F,,C,2014_09_PA0191300_NIBRS,
6666627,16260,10,2014,U,,,N,F,,C,2014_10_PA0191300_NIBRS,
6689077,16260,11,2014,U,,,N,F,,C,2014_11_PA0191300_NIBRS,
6711527,16260,12,2014,U,,,N,F,,C,2014_12_PA0191300_NIBRS,
6464578,16261,1,2014,U,,,N,F,,C,2014_01_PA0191400_NIBRS,
6487028,16261,2,2014,U,,,N,F,,C,2014_02_PA0191400_NIBRS,
6509478,16261,3,2014,U,,,N,F,,C,2014_03_PA0191400_NIBRS,
6531928,16261,4,2014,U,,,N,F,,C,2014_04_PA0191400_NIBRS,
6554378,16261,5,2014,U,,,N,F,,C,2014_05_PA0191400_NIBRS,
6576828,16261,6,2014,U,,,N,F,,C,2014_06_PA0191400_NIBRS,
6599278,16261,7,2014,U,,,N,F,,C,2014_07_PA0191400_NIBRS,
6621728,16261,8,2014,U,,,N,F,,C,2014_08_PA0191400_NIBRS,
6644178,16261,9,2014,U,,,N,F,,C,2014_09_PA0191400_NIBRS,
6666628,16261,10,2014,U,,,N,F,,C,2014_10_PA0191400_NIBRS,
6689078,16261,11,2014,U,,,N,F,,C,2014_11_PA0191400_NIBRS,
6711528,16261,12,2014,U,,,N,F,,C,2014_12_PA0191400_NIBRS,
6464579,16262,1,2014,U,,,N,F,,C,2014_01_PA0191500_NIBRS,
6487029,16262,2,2014,U,,,N,F,,C,2014_02_PA0191500_NIBRS,
6509479,16262,3,2014,U,,,N,F,,C,2014_03_PA0191500_NIBRS,
6531929,16262,4,2014,U,,,N,F,,C,2014_04_PA0191500_NIBRS,
6554379,16262,5,2014,U,,,N,F,,C,2014_05_PA0191500_NIBRS,
6576829,16262,6,2014,U,,,N,F,,C,2014_06_PA0191500_NIBRS,
6599279,16262,7,2014,U,,,N,F,,C,2014_07_PA0191500_NIBRS,
6621729,16262,8,2014,U,,,N,F,,C,2014_08_PA0191500_NIBRS,
6644179,16262,9,2014,U,,,N,F,,C,2014_09_PA0191500_NIBRS,
6666629,16262,10,2014,U,,,N,F,,C,2014_10_PA0191500_NIBRS,
6689079,16262,11,2014,U,,,N,F,,C,2014_11_PA0191500_NIBRS,
6711529,16262,12,2014,U,,,N,F,,C,2014_12_PA0191500_NIBRS,
6464580,16263,1,2014,U,,,N,F,,C,2014_01_PA0191600_NIBRS,
6487030,16263,2,2014,U,,,N,F,,C,2014_02_PA0191600_NIBRS,
6509480,16263,3,2014,U,,,N,F,,C,2014_03_PA0191600_NIBRS,
6531930,16263,4,2014,U,,,N,F,,C,2014_04_PA0191600_NIBRS,
6554380,16263,5,2014,U,,,N,F,,C,2014_05_PA0191600_NIBRS,
6576830,16263,6,2014,U,,,N,F,,C,2014_06_PA0191600_NIBRS,
6599280,16263,7,2014,U,,,N,F,,C,2014_07_PA0191600_NIBRS,
6621730,16263,8,2014,U,,,N,F,,C,2014_08_PA0191600_NIBRS,
6644180,16263,9,2014,U,,,N,F,,C,2014_09_PA0191600_NIBRS,
6666630,16263,10,2014,U,,,N,F,,C,2014_10_PA0191600_NIBRS,
6689080,16263,11,2014,U,,,N,F,,C,2014_11_PA0191600_NIBRS,
6711530,16263,12,2014,U,,,N,F,,C,2014_12_PA0191600_NIBRS,
6464581,16264,1,2014,U,,,N,F,,C,2014_01_PA0191700_NIBRS,
6487031,16264,2,2014,U,,,N,F,,C,2014_02_PA0191700_NIBRS,
6509481,16264,3,2014,U,,,N,F,,C,2014_03_PA0191700_NIBRS,
6531931,16264,4,2014,U,,,N,F,,C,2014_04_PA0191700_NIBRS,
6554381,16264,5,2014,U,,,N,F,,C,2014_05_PA0191700_NIBRS,
6576831,16264,6,2014,U,,,N,F,,C,2014_06_PA0191700_NIBRS,
6599281,16264,7,2014,U,,,N,F,,C,2014_07_PA0191700_NIBRS,
6621731,16264,8,2014,U,,,N,F,,C,2014_08_PA0191700_NIBRS,
6644181,16264,9,2014,U,,,N,F,,C,2014_09_PA0191700_NIBRS,
6666631,16264,10,2014,U,,,N,F,,C,2014_10_PA0191700_NIBRS,
6689081,16264,11,2014,U,,,N,F,,C,2014_11_PA0191700_NIBRS,
6711531,16264,12,2014,U,,,N,F,,C,2014_12_PA0191700_NIBRS,
6464582,16265,1,2014,U,,,N,F,,C,2014_01_PA0191800_NIBRS,
6487032,16265,2,2014,U,,,N,F,,C,2014_02_PA0191800_NIBRS,
6509482,16265,3,2014,U,,,N,F,,C,2014_03_PA0191800_NIBRS,
6531932,16265,4,2014,U,,,N,F,,C,2014_04_PA0191800_NIBRS,
6554382,16265,5,2014,U,,,N,F,,C,2014_05_PA0191800_NIBRS,
6576832,16265,6,2014,U,,,N,F,,C,2014_06_PA0191800_NIBRS,
6599282,16265,7,2014,U,,,N,F,,C,2014_07_PA0191800_NIBRS,
6621732,16265,8,2014,U,,,N,F,,C,2014_08_PA0191800_NIBRS,
6644182,16265,9,2014,U,,,N,F,,C,2014_09_PA0191800_NIBRS,
6666632,16265,10,2014,U,,,N,F,,C,2014_10_PA0191800_NIBRS,
6689082,16265,11,2014,U,,,N,F,,C,2014_11_PA0191800_NIBRS,
6711532,16265,12,2014,U,,,N,F,,C,2014_12_PA0191800_NIBRS,
6464583,16266,1,2014,U,,,N,F,,C,2014_01_PA0191900_NIBRS,
6487033,16266,2,2014,U,,,N,F,,C,2014_02_PA0191900_NIBRS,
6509483,16266,3,2014,U,,,N,F,,C,2014_03_PA0191900_NIBRS,
6531933,16266,4,2014,U,,,N,F,,C,2014_04_PA0191900_NIBRS,
6554383,16266,5,2014,U,,,N,F,,C,2014_05_PA0191900_NIBRS,
6576833,16266,6,2014,U,,,N,F,,C,2014_06_PA0191900_NIBRS,
6599283,16266,7,2014,U,,,N,F,,C,2014_07_PA0191900_NIBRS,
6621733,16266,8,2014,U,,,N,F,,C,2014_08_PA0191900_NIBRS,
6644183,16266,9,2014,U,,,N,F,,C,2014_09_PA0191900_NIBRS,
6666633,16266,10,2014,U,,,N,F,,C,2014_10_PA0191900_NIBRS,
6689083,16266,11,2014,U,,,N,F,,C,2014_11_PA0191900_NIBRS,
6711533,16266,12,2014,U,,,N,F,,C,2014_12_PA0191900_NIBRS,
6464584,16267,1,2014,U,,,N,F,,C,2014_01_PA0192000_NIBRS,
6487034,16267,2,2014,U,,,N,F,,C,2014_02_PA0192000_NIBRS,
6509484,16267,3,2014,U,,,N,F,,C,2014_03_PA0192000_NIBRS,
6531934,16267,4,2014,U,,,N,F,,C,2014_04_PA0192000_NIBRS,
6554384,16267,5,2014,U,,,N,F,,C,2014_05_PA0192000_NIBRS,
6576834,16267,6,2014,U,,,N,F,,C,2014_06_PA0192000_NIBRS,
6599284,16267,7,2014,U,,,N,F,,C,2014_07_PA0192000_NIBRS,
6621734,16267,8,2014,U,,,N,F,,C,2014_08_PA0192000_NIBRS,
6644184,16267,9,2014,U,,,N,F,,C,2014_09_PA0192000_NIBRS,
6666634,16267,10,2014,U,,,N,F,,C,2014_10_PA0192000_NIBRS,
6689084,16267,11,2014,U,,,N,F,,C,2014_11_PA0192000_NIBRS,
6711534,16267,12,2014,U,,,N,F,,C,2014_12_PA0192000_NIBRS,
6464585,16268,1,2014,U,,,N,F,,C,2014_01_PA0192200_NIBRS,
6487035,16268,2,2014,U,,,N,F,,C,2014_02_PA0192200_NIBRS,
6509485,16268,3,2014,U,,,N,F,,C,2014_03_PA0192200_NIBRS,
6531935,16268,4,2014,U,,,N,F,,C,2014_04_PA0192200_NIBRS,
6554385,16268,5,2014,U,,,N,F,,C,2014_05_PA0192200_NIBRS,
6576835,16268,6,2014,U,,,N,F,,C,2014_06_PA0192200_NIBRS,
6599285,16268,7,2014,U,,,N,F,,C,2014_07_PA0192200_NIBRS,
6621735,16268,8,2014,U,,,N,F,,C,2014_08_PA0192200_NIBRS,
6644185,16268,9,2014,U,,,N,F,,C,2014_09_PA0192200_NIBRS,
6666635,16268,10,2014,U,,,N,F,,C,2014_10_PA0192200_NIBRS,
6689085,16268,11,2014,U,,,N,F,,C,2014_11_PA0192200_NIBRS,
6711535,16268,12,2014,U,,,N,F,,C,2014_12_PA0192200_NIBRS,
6464591,16274,1,2014,U,,,N,F,,C,2014_01_PA0192800_NIBRS,
6487041,16274,2,2014,U,,,N,F,,C,2014_02_PA0192800_NIBRS,
6509491,16274,3,2014,U,,,N,F,,C,2014_03_PA0192800_NIBRS,
6531941,16274,4,2014,U,,,N,F,,C,2014_04_PA0192800_NIBRS,
6554391,16274,5,2014,U,,,N,F,,C,2014_05_PA0192800_NIBRS,
6576841,16274,6,2014,U,,,N,F,,C,2014_06_PA0192800_NIBRS,
6599291,16274,7,2014,U,,,N,F,,C,2014_07_PA0192800_NIBRS,
6621741,16274,8,2014,U,,,N,F,,C,2014_08_PA0192800_NIBRS,
6644191,16274,9,2014,U,,,N,F,,C,2014_09_PA0192800_NIBRS,
6666641,16274,10,2014,U,,,N,F,,C,2014_10_PA0192800_NIBRS,
6689091,16274,11,2014,U,,,N,F,,C,2014_11_PA0192800_NIBRS,
6711541,16274,12,2014,U,,,N,F,,C,2014_12_PA0192800_NIBRS,
6464592,16275,1,2014,U,,,N,F,,C,2014_01_PA0192900_NIBRS,
6487042,16275,2,2014,U,,,N,F,,C,2014_02_PA0192900_NIBRS,
6509492,16275,3,2014,U,,,N,F,,C,2014_03_PA0192900_NIBRS,
6531942,16275,4,2014,U,,,N,F,,C,2014_04_PA0192900_NIBRS,
6554392,16275,5,2014,U,,,N,F,,C,2014_05_PA0192900_NIBRS,
6576842,16275,6,2014,U,,,N,F,,C,2014_06_PA0192900_NIBRS,
6599292,16275,7,2014,U,,,N,F,,C,2014_07_PA0192900_NIBRS,
6621742,16275,8,2014,U,,,N,F,,C,2014_08_PA0192900_NIBRS,
6644192,16275,9,2014,U,,,N,F,,C,2014_09_PA0192900_NIBRS,
6666642,16275,10,2014,U,,,N,F,,C,2014_10_PA0192900_NIBRS,
6689092,16275,11,2014,U,,,N,F,,C,2014_11_PA0192900_NIBRS,
6711542,16275,12,2014,U,,,N,F,,C,2014_12_PA0192900_NIBRS,
6464593,16276,1,2014,U,,,N,F,,C,2014_01_PA0193000_NIBRS,
6487043,16276,2,2014,U,,,N,F,,C,2014_02_PA0193000_NIBRS,
6509493,16276,3,2014,U,,,N,F,,C,2014_03_PA0193000_NIBRS,
6531943,16276,4,2014,U,,,N,F,,C,2014_04_PA0193000_NIBRS,
6554393,16276,5,2014,U,,,N,F,,C,2014_05_PA0193000_NIBRS,
6576843,16276,6,2014,U,,,N,F,,C,2014_06_PA0193000_NIBRS,
6599293,16276,7,2014,U,,,N,F,,C,2014_07_PA0193000_NIBRS,
6621743,16276,8,2014,U,,,N,F,,C,2014_08_PA0193000_NIBRS,
6644193,16276,9,2014,U,,,N,F,,C,2014_09_PA0193000_NIBRS,
6666643,16276,10,2014,U,,,N,F,,C,2014_10_PA0193000_NIBRS,
6689093,16276,11,2014,U,,,N,F,,C,2014_11_PA0193000_NIBRS,
6711543,16276,12,2014,U,,,N,F,,C,2014_12_PA0193000_NIBRS,
6464594,16277,1,2014,U,,,N,F,,C,2014_01_PA019BF00_NIBRS,
6487044,16277,2,2014,U,,,N,F,,C,2014_02_PA019BF00_NIBRS,
6509494,16277,3,2014,U,,,N,F,,C,2014_03_PA019BF00_NIBRS,
6531944,16277,4,2014,U,,,N,F,,C,2014_04_PA019BF00_NIBRS,
6554394,16277,5,2014,U,,,N,F,,C,2014_05_PA019BF00_NIBRS,
6576844,16277,6,2014,U,,,N,F,,C,2014_06_PA019BF00_NIBRS,
6599294,16277,7,2014,U,,,N,F,,C,2014_07_PA019BF00_NIBRS,
6621744,16277,8,2014,U,,,N,F,,C,2014_08_PA019BF00_NIBRS,
6644194,16277,9,2014,U,,,N,F,,C,2014_09_PA019BF00_NIBRS,
6666644,16277,10,2014,U,,,N,F,,C,2014_10_PA019BF00_NIBRS,
6689094,16277,11,2014,U,,,N,F,,C,2014_11_PA019BF00_NIBRS,
6711544,16277,12,2014,U,,,N,F,,C,2014_12_PA019BF00_NIBRS,
6464595,16278,1,2014,U,,,N,F,,C,2014_01_PA019DE00_NIBRS,
6487045,16278,2,2014,U,,,N,F,,C,2014_02_PA019DE00_NIBRS,
6509495,16278,3,2014,U,,,N,F,,C,2014_03_PA019DE00_NIBRS,
6531945,16278,4,2014,U,,,N,F,,C,2014_04_PA019DE00_NIBRS,
6554395,16278,5,2014,U,,,N,F,,C,2014_05_PA019DE00_NIBRS,
6576845,16278,6,2014,U,,,N,F,,C,2014_06_PA019DE00_NIBRS,
6599295,16278,7,2014,U,,,N,F,,C,2014_07_PA019DE00_NIBRS,
6621745,16278,8,2014,U,,,N,F,,C,2014_08_PA019DE00_NIBRS,
6644195,16278,9,2014,U,,,N,F,,C,2014_09_PA019DE00_NIBRS,
6666645,16278,10,2014,U,,,N,F,,C,2014_10_PA019DE00_NIBRS,
6689095,16278,11,2014,U,,,N,F,,C,2014_11_PA019DE00_NIBRS,
6711545,16278,12,2014,U,,,N,F,,C,2014_12_PA019DE00_NIBRS,
6464596,16279,1,2014,U,,,N,F,,C,2014_01_PA019SP00_NIBRS,
6487046,16279,2,2014,U,,,N,F,,C,2014_02_PA019SP00_NIBRS,
6509496,16279,3,2014,U,,,N,F,,C,2014_03_PA019SP00_NIBRS,
6531946,16279,4,2014,U,,,N,F,,C,2014_04_PA019SP00_NIBRS,
6554396,16279,5,2014,U,,,N,F,,C,2014_05_PA019SP00_NIBRS,
6576846,16279,6,2014,U,,,N,F,,C,2014_06_PA019SP00_NIBRS,
6599296,16279,7,2014,U,,,N,F,,C,2014_07_PA019SP00_NIBRS,
6621746,16279,8,2014,U,,,N,F,,C,2014_08_PA019SP00_NIBRS,
6644196,16279,9,2014,U,,,N,F,,C,2014_09_PA019SP00_NIBRS,
6666646,16279,10,2014,U,,,N,F,,C,2014_10_PA019SP00_NIBRS,
6689096,16279,11,2014,U,,,N,F,,C,2014_11_PA019SP00_NIBRS,
6711546,16279,12,2014,U,,,N,F,,C,2014_12_PA019SP00_NIBRS,
6464597,16280,1,2014,U,,,N,F,,C,2014_01_PA01BCI0X_NIBRS,
6487047,16280,2,2014,U,,,N,F,,C,2014_02_PA01BCI0X_NIBRS,
6509497,16280,3,2014,U,,,N,F,,C,2014_03_PA01BCI0X_NIBRS,
6531947,16280,4,2014,U,,,N,F,,C,2014_04_PA01BCI0X_NIBRS,
6554397,16280,5,2014,U,,,N,F,,C,2014_05_PA01BCI0X_NIBRS,
6576847,16280,6,2014,U,,,N,F,,C,2014_06_PA01BCI0X_NIBRS,
6599297,16280,7,2014,U,,,N,F,,C,2014_07_PA01BCI0X_NIBRS,
6621747,16280,8,2014,U,,,N,F,,C,2014_08_PA01BCI0X_NIBRS,
6644197,16280,9,2014,U,,,N,F,,C,2014_09_PA01BCI0X_NIBRS,
6666647,16280,10,2014,U,,,N,F,,C,2014_10_PA01BCI0X_NIBRS,
6689097,16280,11,2014,U,,,N,F,,C,2014_11_PA01BCI0X_NIBRS,
6711547,16280,12,2014,U,,,N,F,,C,2014_12_PA01BCI0X_NIBRS,
6464598,16281,1,2014,U,,,N,F,,C,2014_01_PA0200000_NIBRS,
6487048,16281,2,2014,U,,,N,F,,C,2014_02_PA0200000_NIBRS,
6509498,16281,3,2014,U,,,N,F,,C,2014_03_PA0200000_NIBRS,
6531948,16281,4,2014,U,,,N,F,,C,2014_04_PA0200000_NIBRS,
6554398,16281,5,2014,U,,,N,F,,C,2014_05_PA0200000_NIBRS,
6576848,16281,6,2014,U,,,N,F,,C,2014_06_PA0200000_NIBRS,
6599298,16281,7,2014,U,,,N,F,,C,2014_07_PA0200000_NIBRS,
6621748,16281,8,2014,U,,,N,F,,C,2014_08_PA0200000_NIBRS,
6644198,16281,9,2014,U,,,N,F,,C,2014_09_PA0200000_NIBRS,
6666648,16281,10,2014,U,,,N,F,,C,2014_10_PA0200000_NIBRS,
6689098,16281,11,2014,U,,,N,F,,C,2014_11_PA0200000_NIBRS,
6711548,16281,12,2014,U,,,N,F,,C,2014_12_PA0200000_NIBRS,
6463983,15666,1,2014,I,,,N,F,,C,2014_01_PA0012300_NIBRS,
6486433,15666,2,2014,I,,,N,F,,C,2014_02_PA0012300_NIBRS,
6508883,15666,3,2014,I,,,N,F,,C,2014_03_PA0012300_NIBRS,
6531333,15666,4,2014,I,,,N,F,,C,2014_04_PA0012300_NIBRS,
6553783,15666,5,2014,I,,,N,F,,C,2014_05_PA0012300_NIBRS,
6576233,15666,6,2014,I,,,N,F,,C,2014_06_PA0012300_NIBRS,
6598683,15666,7,2014,I,,,N,F,,C,2014_07_PA0012300_NIBRS,
6621133,15666,8,2014,I,,,N,F,,C,2014_08_PA0012300_NIBRS,
6643583,15666,9,2014,I,,,N,F,,C,2014_09_PA0012300_NIBRS,
6666033,15666,10,2014,I,,,N,F,,C,2014_10_PA0012300_NIBRS,
6688483,15666,11,2014,I,,,N,F,,C,2014_11_PA0012300_NIBRS,
6710933,15666,12,2014,I,,,N,F,,C,2014_12_PA0012300_NIBRS,
6463984,15667,1,2014,U,,,N,F,,C,2014_01_PA0012400_NIBRS,
6486434,15667,2,2014,U,,,N,F,,C,2014_02_PA0012400_NIBRS,
6508884,15667,3,2014,U,,,N,F,,C,2014_03_PA0012400_NIBRS,
6531334,15667,4,2014,U,,,N,F,,C,2014_04_PA0012400_NIBRS,
6553784,15667,5,2014,U,,,N,F,,C,2014_05_PA0012400_NIBRS,
6576234,15667,6,2014,U,,,N,F,,C,2014_06_PA0012400_NIBRS,
6598684,15667,7,2014,U,,,N,F,,C,2014_07_PA0012400_NIBRS,
6621134,15667,8,2014,U,,,N,F,,C,2014_08_PA0012400_NIBRS,
6643584,15667,9,2014,U,,,N,F,,C,2014_09_PA0012400_NIBRS,
6666034,15667,10,2014,U,,,N,F,,C,2014_10_PA0012400_NIBRS,
6688484,15667,11,2014,U,,,N,F,,C,2014_11_PA0012400_NIBRS,
6710934,15667,12,2014,U,,,N,F,,C,2014_12_PA0012400_NIBRS,
6463985,15668,1,2014,U,,,N,F,,C,2014_01_PA001BF00_NIBRS,
6486435,15668,2,2014,U,,,N,F,,C,2014_02_PA001BF00_NIBRS,
6508885,15668,3,2014,U,,,N,F,,C,2014_03_PA001BF00_NIBRS,
6531335,15668,4,2014,U,,,N,F,,C,2014_04_PA001BF00_NIBRS,
6553785,15668,5,2014,U,,,N,F,,C,2014_05_PA001BF00_NIBRS,
6576235,15668,6,2014,U,,,N,F,,C,2014_06_PA001BF00_NIBRS,
6598685,15668,7,2014,U,,,N,F,,C,2014_07_PA001BF00_NIBRS,
6621135,15668,8,2014,U,,,N,F,,C,2014_08_PA001BF00_NIBRS,
6643585,15668,9,2014,U,,,N,F,,C,2014_09_PA001BF00_NIBRS,
6666035,15668,10,2014,U,,,N,F,,C,2014_10_PA001BF00_NIBRS,
6688485,15668,11,2014,U,,,N,F,,C,2014_11_PA001BF00_NIBRS,
6710935,15668,12,2014,U,,,N,F,,C,2014_12_PA001BF00_NIBRS,
6463986,15669,1,2014,U,,,N,F,,C,2014_01_PA001DE00_NIBRS,
6486436,15669,2,2014,U,,,N,F,,C,2014_02_PA001DE00_NIBRS,
6508886,15669,3,2014,U,,,N,F,,C,2014_03_PA001DE00_NIBRS,
6531336,15669,4,2014,U,,,N,F,,C,2014_04_PA001DE00_NIBRS,
6553786,15669,5,2014,U,,,N,F,,C,2014_05_PA001DE00_NIBRS,
6576236,15669,6,2014,U,,,N,F,,C,2014_06_PA001DE00_NIBRS,
6598686,15669,7,2014,U,,,N,F,,C,2014_07_PA001DE00_NIBRS,
6621136,15669,8,2014,U,,,N,F,,C,2014_08_PA001DE00_NIBRS,
6643586,15669,9,2014,U,,,N,F,,C,2014_09_PA001DE00_NIBRS,
6666036,15669,10,2014,U,,,N,F,,C,2014_10_PA001DE00_NIBRS,
6688486,15669,11,2014,U,,,N,F,,C,2014_11_PA001DE00_NIBRS,
6710936,15669,12,2014,U,,,N,F,,C,2014_12_PA001DE00_NIBRS,
6463987,15670,1,2014,U,,,N,F,,C,2014_01_PA001SP00_NIBRS,
6486437,15670,2,2014,U,,,N,F,,C,2014_02_PA001SP00_NIBRS,
6508887,15670,3,2014,U,,,N,F,,C,2014_03_PA001SP00_NIBRS,
6531337,15670,4,2014,U,,,N,F,,C,2014_04_PA001SP00_NIBRS,
6553787,15670,5,2014,U,,,N,F,,C,2014_05_PA001SP00_NIBRS,
6576237,15670,6,2014,U,,,N,F,,C,2014_06_PA001SP00_NIBRS,
6598687,15670,7,2014,U,,,N,F,,C,2014_07_PA001SP00_NIBRS,
6621137,15670,8,2014,U,,,N,F,,C,2014_08_PA001SP00_NIBRS,
6643587,15670,9,2014,U,,,N,F,,C,2014_09_PA001SP00_NIBRS,
6666037,15670,10,2014,U,,,N,F,,C,2014_10_PA001SP00_NIBRS,
6688487,15670,11,2014,U,,,N,F,,C,2014_11_PA001SP00_NIBRS,
6710937,15670,12,2014,U,,,N,F,,C,2014_12_PA001SP00_NIBRS,
6463988,15671,1,2014,U,,,N,F,,C,2014_01_PA0020000_NIBRS,
6486438,15671,2,2014,U,,,N,F,,C,2014_02_PA0020000_NIBRS,
6508888,15671,3,2014,U,,,N,F,,C,2014_03_PA0020000_NIBRS,
6531338,15671,4,2014,U,,,N,F,,C,2014_04_PA0020000_NIBRS,
6553788,15671,5,2014,U,,,N,F,,C,2014_05_PA0020000_NIBRS,
6576238,15671,6,2014,U,,,N,F,,C,2014_06_PA0020000_NIBRS,
6598688,15671,7,2014,U,,,N,F,,C,2014_07_PA0020000_NIBRS,
6621138,15671,8,2014,U,,,N,F,,C,2014_08_PA0020000_NIBRS,
6643588,15671,9,2014,U,,,N,F,,C,2014_09_PA0020000_NIBRS,
6666038,15671,10,2014,U,,,N,F,,C,2014_10_PA0020000_NIBRS,
6688488,15671,11,2014,U,,,N,F,,C,2014_11_PA0020000_NIBRS,
6710938,15671,12,2014,U,,,N,F,,C,2014_12_PA0020000_NIBRS,
6464317,16000,1,2014,U,,,N,F,,C,2014_01_PA0092300_NIBRS,
6486767,16000,2,2014,U,,,N,F,,C,2014_02_PA0092300_NIBRS,
6509217,16000,3,2014,U,,,N,F,,C,2014_03_PA0092300_NIBRS,
6531667,16000,4,2014,U,,,N,F,,C,2014_04_PA0092300_NIBRS,
6554117,16000,5,2014,U,,,N,F,,C,2014_05_PA0092300_NIBRS,
6576567,16000,6,2014,U,,,N,F,,C,2014_06_PA0092300_NIBRS,
6599017,16000,7,2014,U,,,N,F,,C,2014_07_PA0092300_NIBRS,
6621467,16000,8,2014,U,,,N,F,,C,2014_08_PA0092300_NIBRS,
6643917,16000,9,2014,U,,,N,F,,C,2014_09_PA0092300_NIBRS,
6666367,16000,10,2014,U,,,N,F,,C,2014_10_PA0092300_NIBRS,
6688817,16000,11,2014,U,,,N,F,,C,2014_11_PA0092300_NIBRS,
6711267,16000,12,2014,U,,,N,F,,C,2014_12_PA0092300_NIBRS,
6464318,16001,1,2014,U,,,N,F,,C,2014_01_PA0092500_NIBRS,
6486768,16001,2,2014,U,,,N,F,,C,2014_02_PA0092500_NIBRS,
6509218,16001,3,2014,U,,,N,F,,C,2014_03_PA0092500_NIBRS,
6531668,16001,4,2014,U,,,N,F,,C,2014_04_PA0092500_NIBRS,
6554118,16001,5,2014,U,,,N,F,,C,2014_05_PA0092500_NIBRS,
6576568,16001,6,2014,U,,,N,F,,C,2014_06_PA0092500_NIBRS,
6599018,16001,7,2014,U,,,N,F,,C,2014_07_PA0092500_NIBRS,
6621468,16001,8,2014,U,,,N,F,,C,2014_08_PA0092500_NIBRS,
6643918,16001,9,2014,U,,,N,F,,C,2014_09_PA0092500_NIBRS,
6666368,16001,10,2014,U,,,N,F,,C,2014_10_PA0092500_NIBRS,
6688818,16001,11,2014,U,,,N,F,,C,2014_11_PA0092500_NIBRS,
6711268,16001,12,2014,U,,,N,F,,C,2014_12_PA0092500_NIBRS,
6464319,16002,1,2014,U,,,N,F,,C,2014_01_PA0092600_NIBRS,
6486769,16002,2,2014,U,,,N,F,,C,2014_02_PA0092600_NIBRS,
6509219,16002,3,2014,U,,,N,F,,C,2014_03_PA0092600_NIBRS,
6531669,16002,4,2014,U,,,N,F,,C,2014_04_PA0092600_NIBRS,
6554119,16002,5,2014,U,,,N,F,,C,2014_05_PA0092600_NIBRS,
6576569,16002,6,2014,U,,,N,F,,C,2014_06_PA0092600_NIBRS,
6599019,16002,7,2014,U,,,N,F,,C,2014_07_PA0092600_NIBRS,
6621469,16002,8,2014,U,,,N,F,,C,2014_08_PA0092600_NIBRS,
6643919,16002,9,2014,U,,,N,F,,C,2014_09_PA0092600_NIBRS,
6666369,16002,10,2014,U,,,N,F,,C,2014_10_PA0092600_NIBRS,
6688819,16002,11,2014,U,,,N,F,,C,2014_11_PA0092600_NIBRS,
6711269,16002,12,2014,U,,,N,F,,C,2014_12_PA0092600_NIBRS,
6464320,16003,1,2014,U,,,N,F,,C,2014_01_PA0092700_NIBRS,
6486770,16003,2,2014,U,,,N,F,,C,2014_02_PA0092700_NIBRS,
6509220,16003,3,2014,U,,,N,F,,C,2014_03_PA0092700_NIBRS,
6531670,16003,4,2014,U,,,N,F,,C,2014_04_PA0092700_NIBRS,
6554120,16003,5,2014,U,,,N,F,,C,2014_05_PA0092700_NIBRS,
6576570,16003,6,2014,U,,,N,F,,C,2014_06_PA0092700_NIBRS,
6599020,16003,7,2014,U,,,N,F,,C,2014_07_PA0092700_NIBRS,
6621470,16003,8,2014,U,,,N,F,,C,2014_08_PA0092700_NIBRS,
6643920,16003,9,2014,U,,,N,F,,C,2014_09_PA0092700_NIBRS,
6666370,16003,10,2014,U,,,N,F,,C,2014_10_PA0092700_NIBRS,
6688820,16003,11,2014,U,,,N,F,,C,2014_11_PA0092700_NIBRS,
6711270,16003,12,2014,U,,,N,F,,C,2014_12_PA0092700_NIBRS,
6464321,16004,1,2014,U,,,N,F,,C,2014_01_PA0092800_NIBRS,
6486771,16004,2,2014,U,,,N,F,,C,2014_02_PA0092800_NIBRS,
6509221,16004,3,2014,U,,,N,F,,C,2014_03_PA0092800_NIBRS,
6531671,16004,4,2014,U,,,N,F,,C,2014_04_PA0092800_NIBRS,
6554121,16004,5,2014,U,,,N,F,,C,2014_05_PA0092800_NIBRS,
6576571,16004,6,2014,U,,,N,F,,C,2014_06_PA0092800_NIBRS,
6599021,16004,7,2014,U,,,N,F,,C,2014_07_PA0092800_NIBRS,
6621471,16004,8,2014,U,,,N,F,,C,2014_08_PA0092800_NIBRS,
6643921,16004,9,2014,U,,,N,F,,C,2014_09_PA0092800_NIBRS,
6666371,16004,10,2014,U,,,N,F,,C,2014_10_PA0092800_NIBRS,
6688821,16004,11,2014,U,,,N,F,,C,2014_11_PA0092800_NIBRS,
6711271,16004,12,2014,U,,,N,F,,C,2014_12_PA0092800_NIBRS,
6464322,16005,1,2014,U,,,N,F,,C,2014_01_PA0092900_NIBRS,
6486772,16005,2,2014,U,,,N,F,,C,2014_02_PA0092900_NIBRS,
6509222,16005,3,2014,U,,,N,F,,C,2014_03_PA0092900_NIBRS,
6531672,16005,4,2014,U,,,N,F,,C,2014_04_PA0092900_NIBRS,
6554122,16005,5,2014,U,,,N,F,,C,2014_05_PA0092900_NIBRS,
6576572,16005,6,2014,U,,,N,F,,C,2014_06_PA0092900_NIBRS,
6599022,16005,7,2014,U,,,N,F,,C,2014_07_PA0092900_NIBRS,
6621472,16005,8,2014,U,,,N,F,,C,2014_08_PA0092900_NIBRS,
6643922,16005,9,2014,U,,,N,F,,C,2014_09_PA0092900_NIBRS,
6666372,16005,10,2014,U,,,N,F,,C,2014_10_PA0092900_NIBRS,
6688822,16005,11,2014,U,,,N,F,,C,2014_11_PA0092900_NIBRS,
6711272,16005,12,2014,U,,,N,F,,C,2014_12_PA0092900_NIBRS,
6470440,23236,1,2014,U,,,N,F,,C,2014_01_PA0093000_NIBRS,
6492890,23236,2,2014,U,,,N,F,,C,2014_02_PA0093000_NIBRS,
6515340,23236,3,2014,U,,,N,F,,C,2014_03_PA0093000_NIBRS,
6537790,23236,4,2014,U,,,N,F,,C,2014_04_PA0093000_NIBRS,
6560240,23236,5,2014,U,,,N,F,,C,2014_05_PA0093000_NIBRS,
6582690,23236,6,2014,U,,,N,F,,C,2014_06_PA0093000_NIBRS,
6605140,23236,7,2014,U,,,N,F,,C,2014_07_PA0093000_NIBRS,
6627590,23236,8,2014,U,,,N,F,,C,2014_08_PA0093000_NIBRS,
6650040,23236,9,2014,U,,,N,F,,C,2014_09_PA0093000_NIBRS,
6672490,23236,10,2014,U,,,N,F,,C,2014_10_PA0093000_NIBRS,
6694940,23236,11,2014,U,,,N,F,,C,2014_11_PA0093000_NIBRS,
6717390,23236,12,2014,U,,,N,F,,C,2014_12_PA0093000_NIBRS,
6464323,16006,1,2014,U,,,N,F,,C,2014_01_PA0093200_NIBRS,
6486773,16006,2,2014,U,,,N,F,,C,2014_02_PA0093200_NIBRS,
6509223,16006,3,2014,U,,,N,F,,C,2014_03_PA0093200_NIBRS,
6531673,16006,4,2014,U,,,N,F,,C,2014_04_PA0093200_NIBRS,
6554123,16006,5,2014,U,,,N,F,,C,2014_05_PA0093200_NIBRS,
6576573,16006,6,2014,U,,,N,F,,C,2014_06_PA0093200_NIBRS,
6599023,16006,7,2014,U,,,N,F,,C,2014_07_PA0093200_NIBRS,
6621473,16006,8,2014,U,,,N,F,,C,2014_08_PA0093200_NIBRS,
6643923,16006,9,2014,U,,,N,F,,C,2014_09_PA0093200_NIBRS,
6666373,16006,10,2014,U,,,N,F,,C,2014_10_PA0093200_NIBRS,
6688823,16006,11,2014,U,,,N,F,,C,2014_11_PA0093200_NIBRS,
6711273,16006,12,2014,U,,,N,F,,C,2014_12_PA0093200_NIBRS,
6470442,23238,1,2014,U,,,N,F,,C,2014_01_PA0093300_NIBRS,
6492892,23238,2,2014,U,,,N,F,,C,2014_02_PA0093300_NIBRS,
6515342,23238,3,2014,U,,,N,F,,C,2014_03_PA0093300_NIBRS,
6537792,23238,4,2014,U,,,N,F,,C,2014_04_PA0093300_NIBRS,
6560242,23238,5,2014,U,,,N,F,,C,2014_05_PA0093300_NIBRS,
6582692,23238,6,2014,U,,,N,F,,C,2014_06_PA0093300_NIBRS,
6605142,23238,7,2014,U,,,N,F,,C,2014_07_PA0093300_NIBRS,
6627592,23238,8,2014,U,,,N,F,,C,2014_08_PA0093300_NIBRS,
6650042,23238,9,2014,U,,,N,F,,C,2014_09_PA0093300_NIBRS,
6672492,23238,10,2014,U,,,N,F,,C,2014_10_PA0093300_NIBRS,
6694942,23238,11,2014,U,,,N,F,,C,2014_11_PA0093300_NIBRS,
6717392,23238,12,2014,U,,,N,F,,C,2014_12_PA0093300_NIBRS,
6464324,16007,1,2014,U,,,N,F,,C,2014_01_PA0093400_NIBRS,
6486774,16007,2,2014,U,,,N,F,,C,2014_02_PA0093400_NIBRS,
6509224,16007,3,2014,U,,,N,F,,C,2014_03_PA0093400_NIBRS,
6531674,16007,4,2014,U,,,N,F,,C,2014_04_PA0093400_NIBRS,
6554124,16007,5,2014,U,,,N,F,,C,2014_05_PA0093400_NIBRS,
6576574,16007,6,2014,U,,,N,F,,C,2014_06_PA0093400_NIBRS,
6599024,16007,7,2014,U,,,N,F,,C,2014_07_PA0093400_NIBRS,
6621474,16007,8,2014,U,,,N,F,,C,2014_08_PA0093400_NIBRS,
6643924,16007,9,2014,U,,,N,F,,C,2014_09_PA0093400_NIBRS,
6666374,16007,10,2014,U,,,N,F,,C,2014_10_PA0093400_NIBRS,
6688824,16007,11,2014,U,,,N,F,,C,2014_11_PA0093400_NIBRS,
6711274,16007,12,2014,U,,,N,F,,C,2014_12_PA0093400_NIBRS,
6464325,16008,1,2014,U,,,N,F,,C,2014_01_PA0093500_NIBRS,
6486775,16008,2,2014,U,,,N,F,,C,2014_02_PA0093500_NIBRS,
6509225,16008,3,2014,U,,,N,F,,C,2014_03_PA0093500_NIBRS,
6531675,16008,4,2014,U,,,N,F,,C,2014_04_PA0093500_NIBRS,
6554125,16008,5,2014,U,,,N,F,,C,2014_05_PA0093500_NIBRS,
6576575,16008,6,2014,U,,,N,F,,C,2014_06_PA0093500_NIBRS,
6599025,16008,7,2014,U,,,N,F,,C,2014_07_PA0093500_NIBRS,
6621475,16008,8,2014,U,,,N,F,,C,2014_08_PA0093500_NIBRS,
6643925,16008,9,2014,U,,,N,F,,C,2014_09_PA0093500_NIBRS,
6666375,16008,10,2014,U,,,N,F,,C,2014_10_PA0093500_NIBRS,
6688825,16008,11,2014,U,,,N,F,,C,2014_11_PA0093500_NIBRS,
6711275,16008,12,2014,U,,,N,F,,C,2014_12_PA0093500_NIBRS,
6464326,16009,1,2014,U,,,N,F,,C,2014_01_PA0093600_NIBRS,
6486776,16009,2,2014,U,,,N,F,,C,2014_02_PA0093600_NIBRS,
6509226,16009,3,2014,U,,,N,F,,C,2014_03_PA0093600_NIBRS,
6531676,16009,4,2014,U,,,N,F,,C,2014_04_PA0093600_NIBRS,
6554126,16009,5,2014,U,,,N,F,,C,2014_05_PA0093600_NIBRS,
6576576,16009,6,2014,U,,,N,F,,C,2014_06_PA0093600_NIBRS,
6599026,16009,7,2014,U,,,N,F,,C,2014_07_PA0093600_NIBRS,
6621476,16009,8,2014,U,,,N,F,,C,2014_08_PA0093600_NIBRS,
6643926,16009,9,2014,U,,,N,F,,C,2014_09_PA0093600_NIBRS,
6666376,16009,10,2014,U,,,N,F,,C,2014_10_PA0093600_NIBRS,
6688826,16009,11,2014,U,,,N,F,,C,2014_11_PA0093600_NIBRS,
6711276,16009,12,2014,U,,,N,F,,C,2014_12_PA0093600_NIBRS,
6464327,16010,1,2014,U,,,N,F,,C,2014_01_PA0093700_NIBRS,
6486777,16010,2,2014,U,,,N,F,,C,2014_02_PA0093700_NIBRS,
6509227,16010,3,2014,U,,,N,F,,C,2014_03_PA0093700_NIBRS,
6531677,16010,4,2014,U,,,N,F,,C,2014_04_PA0093700_NIBRS,
6554127,16010,5,2014,U,,,N,F,,C,2014_05_PA0093700_NIBRS,
6576577,16010,6,2014,U,,,N,F,,C,2014_06_PA0093700_NIBRS,
6599027,16010,7,2014,U,,,N,F,,C,2014_07_PA0093700_NIBRS,
6621477,16010,8,2014,U,,,N,F,,C,2014_08_PA0093700_NIBRS,
6643927,16010,9,2014,U,,,N,F,,C,2014_09_PA0093700_NIBRS,
6666377,16010,10,2014,U,,,N,F,,C,2014_10_PA0093700_NIBRS,
6688827,16010,11,2014,U,,,N,F,,C,2014_11_PA0093700_NIBRS,
6711277,16010,12,2014,U,,,N,F,,C,2014_12_PA0093700_NIBRS,
6464328,16011,1,2014,U,,,N,F,,C,2014_01_PA0093800_NIBRS,
6486778,16011,2,2014,U,,,N,F,,C,2014_02_PA0093800_NIBRS,
6509228,16011,3,2014,U,,,N,F,,C,2014_03_PA0093800_NIBRS,
6531678,16011,4,2014,U,,,N,F,,C,2014_04_PA0093800_NIBRS,
6554128,16011,5,2014,U,,,N,F,,C,2014_05_PA0093800_NIBRS,
6576578,16011,6,2014,U,,,N,F,,C,2014_06_PA0093800_NIBRS,
6599028,16011,7,2014,U,,,N,F,,C,2014_07_PA0093800_NIBRS,
6621478,16011,8,2014,U,,,N,F,,C,2014_08_PA0093800_NIBRS,
6643928,16011,9,2014,U,,,N,F,,C,2014_09_PA0093800_NIBRS,
6666378,16011,10,2014,U,,,N,F,,C,2014_10_PA0093800_NIBRS,
6688828,16011,11,2014,U,,,N,F,,C,2014_11_PA0093800_NIBRS,
6711278,16011,12,2014,U,,,N,F,,C,2014_12_PA0093800_NIBRS,
6464329,16012,1,2014,U,,,N,F,,C,2014_01_PA0093900_NIBRS,
6486779,16012,2,2014,U,,,N,F,,C,2014_02_PA0093900_NIBRS,
6509229,16012,3,2014,U,,,N,F,,C,2014_03_PA0093900_NIBRS,
6531679,16012,4,2014,U,,,N,F,,C,2014_04_PA0093900_NIBRS,
6554129,16012,5,2014,U,,,N,F,,C,2014_05_PA0093900_NIBRS,
6576579,16012,6,2014,U,,,N,F,,C,2014_06_PA0093900_NIBRS,
6599029,16012,7,2014,U,,,N,F,,C,2014_07_PA0093900_NIBRS,
6621479,16012,8,2014,U,,,N,F,,C,2014_08_PA0093900_NIBRS,
6643929,16012,9,2014,U,,,N,F,,C,2014_09_PA0093900_NIBRS,
6666379,16012,10,2014,U,,,N,F,,C,2014_10_PA0093900_NIBRS,
6688829,16012,11,2014,U,,,N,F,,C,2014_11_PA0093900_NIBRS,
6711279,16012,12,2014,U,,,N,F,,C,2014_12_PA0093900_NIBRS,
6470281,23076,1,2014,U,,,N,F,,C,2014_01_PA0094000_NIBRS,
6492731,23076,2,2014,U,,,N,F,,C,2014_02_PA0094000_NIBRS,
6515181,23076,3,2014,U,,,N,F,,C,2014_03_PA0094000_NIBRS,
6537631,23076,4,2014,U,,,N,F,,C,2014_04_PA0094000_NIBRS,
6560081,23076,5,2014,U,,,N,F,,C,2014_05_PA0094000_NIBRS,
6582531,23076,6,2014,U,,,N,F,,C,2014_06_PA0094000_NIBRS,
6604981,23076,7,2014,U,,,N,F,,C,2014_07_PA0094000_NIBRS,
6627431,23076,8,2014,U,,,N,F,,C,2014_08_PA0094000_NIBRS,
6649881,23076,9,2014,U,,,N,F,,C,2014_09_PA0094000_NIBRS,
6672331,23076,10,2014,U,,,N,F,,C,2014_10_PA0094000_NIBRS,
6694781,23076,11,2014,U,,,N,F,,C,2014_11_PA0094000_NIBRS,
6717231,23076,12,2014,U,,,N,F,,C,2014_12_PA0094000_NIBRS,
6464330,16013,1,2014,U,,,N,F,,C,2014_01_PA0094100_NIBRS,
6486780,16013,2,2014,U,,,N,F,,C,2014_02_PA0094100_NIBRS,
6509230,16013,3,2014,U,,,N,F,,C,2014_03_PA0094100_NIBRS,
6531680,16013,4,2014,U,,,N,F,,C,2014_04_PA0094100_NIBRS,
6554130,16013,5,2014,U,,,N,F,,C,2014_05_PA0094100_NIBRS,
6576580,16013,6,2014,U,,,N,F,,C,2014_06_PA0094100_NIBRS,
6599030,16013,7,2014,U,,,N,F,,C,2014_07_PA0094100_NIBRS,
6621480,16013,8,2014,U,,,N,F,,C,2014_08_PA0094100_NIBRS,
6643930,16013,9,2014,U,,,N,F,,C,2014_09_PA0094100_NIBRS,
6666380,16013,10,2014,U,,,N,F,,C,2014_10_PA0094100_NIBRS,
6688830,16013,11,2014,U,,,N,F,,C,2014_11_PA0094100_NIBRS,
6711280,16013,12,2014,U,,,N,F,,C,2014_12_PA0094100_NIBRS,
6464331,16014,1,2014,U,,,N,F,,C,2014_01_PA0094200_NIBRS,
6486781,16014,2,2014,U,,,N,F,,C,2014_02_PA0094200_NIBRS,
6509231,16014,3,2014,U,,,N,F,,C,2014_03_PA0094200_NIBRS,
6531681,16014,4,2014,U,,,N,F,,C,2014_04_PA0094200_NIBRS,
6554131,16014,5,2014,U,,,N,F,,C,2014_05_PA0094200_NIBRS,
6576581,16014,6,2014,U,,,N,F,,C,2014_06_PA0094200_NIBRS,
6599031,16014,7,2014,U,,,N,F,,C,2014_07_PA0094200_NIBRS,
6621481,16014,8,2014,U,,,N,F,,C,2014_08_PA0094200_NIBRS,
6643931,16014,9,2014,U,,,N,F,,C,2014_09_PA0094200_NIBRS,
6666381,16014,10,2014,U,,,N,F,,C,2014_10_PA0094200_NIBRS,
6688831,16014,11,2014,U,,,N,F,,C,2014_11_PA0094200_NIBRS,
6711281,16014,12,2014,U,,,N,F,,C,2014_12_PA0094200_NIBRS,
6464332,16015,1,2014,U,,,N,F,,C,2014_01_PA0094300_NIBRS,
6486782,16015,2,2014,U,,,N,F,,C,2014_02_PA0094300_NIBRS,
6509232,16015,3,2014,U,,,N,F,,C,2014_03_PA0094300_NIBRS,
6531682,16015,4,2014,U,,,N,F,,C,2014_04_PA0094300_NIBRS,
6554132,16015,5,2014,U,,,N,F,,C,2014_05_PA0094300_NIBRS,
6576582,16015,6,2014,U,,,N,F,,C,2014_06_PA0094300_NIBRS,
6599032,16015,7,2014,U,,,N,F,,C,2014_07_PA0094300_NIBRS,
6621482,16015,8,2014,U,,,N,F,,C,2014_08_PA0094300_NIBRS,
6643932,16015,9,2014,U,,,N,F,,C,2014_09_PA0094300_NIBRS,
6666382,16015,10,2014,U,,,N,F,,C,2014_10_PA0094300_NIBRS,
6688832,16015,11,2014,U,,,N,F,,C,2014_11_PA0094300_NIBRS,
6711282,16015,12,2014,U,,,N,F,,C,2014_12_PA0094300_NIBRS,
6464333,16016,1,2014,U,,,N,F,,C,2014_01_PA0094400_NIBRS,
6486783,16016,2,2014,U,,,N,F,,C,2014_02_PA0094400_NIBRS,
6509233,16016,3,2014,U,,,N,F,,C,2014_03_PA0094400_NIBRS,
6531683,16016,4,2014,U,,,N,F,,C,2014_04_PA0094400_NIBRS,
6554133,16016,5,2014,U,,,N,F,,C,2014_05_PA0094400_NIBRS,
6576583,16016,6,2014,U,,,N,F,,C,2014_06_PA0094400_NIBRS,
6599033,16016,7,2014,U,,,N,F,,C,2014_07_PA0094400_NIBRS,
6621483,16016,8,2014,U,,,N,F,,C,2014_08_PA0094400_NIBRS,
6643933,16016,9,2014,U,,,N,F,,C,2014_09_PA0094400_NIBRS,
6666383,16016,10,2014,U,,,N,F,,C,2014_10_PA0094400_NIBRS,
6688833,16016,11,2014,U,,,N,F,,C,2014_11_PA0094400_NIBRS,
6711283,16016,12,2014,U,,,N,F,,C,2014_12_PA0094400_NIBRS,
6464334,16017,1,2014,U,,,N,F,,C,2014_01_PA0094500_NIBRS,
6486784,16017,2,2014,U,,,N,F,,C,2014_02_PA0094500_NIBRS,
6509234,16017,3,2014,U,,,N,F,,C,2014_03_PA0094500_NIBRS,
6531684,16017,4,2014,U,,,N,F,,C,2014_04_PA0094500_NIBRS,
6554134,16017,5,2014,U,,,N,F,,C,2014_05_PA0094500_NIBRS,
6576584,16017,6,2014,U,,,N,F,,C,2014_06_PA0094500_NIBRS,
6599034,16017,7,2014,U,,,N,F,,C,2014_07_PA0094500_NIBRS,
6621484,16017,8,2014,U,,,N,F,,C,2014_08_PA0094500_NIBRS,
6643934,16017,9,2014,U,,,N,F,,C,2014_09_PA0094500_NIBRS,
6666384,16017,10,2014,U,,,N,F,,C,2014_10_PA0094500_NIBRS,
6688834,16017,11,2014,U,,,N,F,,C,2014_11_PA0094500_NIBRS,
6711284,16017,12,2014,U,,,N,F,,C,2014_12_PA0094500_NIBRS,
6464335,16018,1,2014,U,,,N,F,,C,2014_01_PA0094700_NIBRS,
6486785,16018,2,2014,U,,,N,F,,C,2014_02_PA0094700_NIBRS,
6509235,16018,3,2014,U,,,N,F,,C,2014_03_PA0094700_NIBRS,
6531685,16018,4,2014,U,,,N,F,,C,2014_04_PA0094700_NIBRS,
6554135,16018,5,2014,U,,,N,F,,C,2014_05_PA0094700_NIBRS,
6576585,16018,6,2014,U,,,N,F,,C,2014_06_PA0094700_NIBRS,
6599035,16018,7,2014,U,,,N,F,,C,2014_07_PA0094700_NIBRS,
6621485,16018,8,2014,U,,,N,F,,C,2014_08_PA0094700_NIBRS,
6643935,16018,9,2014,U,,,N,F,,C,2014_09_PA0094700_NIBRS,
6666385,16018,10,2014,U,,,N,F,,C,2014_10_PA0094700_NIBRS,
6688835,16018,11,2014,U,,,N,F,,C,2014_11_PA0094700_NIBRS,
6711285,16018,12,2014,U,,,N,F,,C,2014_12_PA0094700_NIBRS,
6464336,16019,1,2014,U,,,N,F,,C,2014_01_PA0094800_NIBRS,
6486786,16019,2,2014,U,,,N,F,,C,2014_02_PA0094800_NIBRS,
6509236,16019,3,2014,U,,,N,F,,C,2014_03_PA0094800_NIBRS,
6531686,16019,4,2014,U,,,N,F,,C,2014_04_PA0094800_NIBRS,
6554136,16019,5,2014,U,,,N,F,,C,2014_05_PA0094800_NIBRS,
6576586,16019,6,2014,U,,,N,F,,C,2014_06_PA0094800_NIBRS,
6599036,16019,7,2014,U,,,N,F,,C,2014_07_PA0094800_NIBRS,
6621486,16019,8,2014,U,,,N,F,,C,2014_08_PA0094800_NIBRS,
6643936,16019,9,2014,U,,,N,F,,C,2014_09_PA0094800_NIBRS,
6666386,16019,10,2014,U,,,N,F,,C,2014_10_PA0094800_NIBRS,
6688836,16019,11,2014,U,,,N,F,,C,2014_11_PA0094800_NIBRS,
6711286,16019,12,2014,U,,,N,F,,C,2014_12_PA0094800_NIBRS,
6470449,23245,1,2014,U,,,N,F,,C,2014_01_PA0094900_NIBRS,
6492899,23245,2,2014,U,,,N,F,,C,2014_02_PA0094900_NIBRS,
6515349,23245,3,2014,U,,,N,F,,C,2014_03_PA0094900_NIBRS,
6537799,23245,4,2014,U,,,N,F,,C,2014_04_PA0094900_NIBRS,
6560249,23245,5,2014,U,,,N,F,,C,2014_05_PA0094900_NIBRS,
6582699,23245,6,2014,U,,,N,F,,C,2014_06_PA0094900_NIBRS,
6605149,23245,7,2014,U,,,N,F,,C,2014_07_PA0094900_NIBRS,
6627599,23245,8,2014,U,,,N,F,,C,2014_08_PA0094900_NIBRS,
6650049,23245,9,2014,U,,,N,F,,C,2014_09_PA0094900_NIBRS,
6672499,23245,10,2014,U,,,N,F,,C,2014_10_PA0094900_NIBRS,
6694949,23245,11,2014,U,,,N,F,,C,2014_11_PA0094900_NIBRS,
6717399,23245,12,2014,U,,,N,F,,C,2014_12_PA0094900_NIBRS,
6464337,16020,1,2014,U,,,N,F,,C,2014_01_PA0095000_NIBRS,
6486787,16020,2,2014,U,,,N,F,,C,2014_02_PA0095000_NIBRS,
6509237,16020,3,2014,U,,,N,F,,C,2014_03_PA0095000_NIBRS,
6531687,16020,4,2014,U,,,N,F,,C,2014_04_PA0095000_NIBRS,
6554137,16020,5,2014,U,,,N,F,,C,2014_05_PA0095000_NIBRS,
6576587,16020,6,2014,U,,,N,F,,C,2014_06_PA0095000_NIBRS,
6599037,16020,7,2014,U,,,N,F,,C,2014_07_PA0095000_NIBRS,
6621487,16020,8,2014,U,,,N,F,,C,2014_08_PA0095000_NIBRS,
6643937,16020,9,2014,U,,,N,F,,C,2014_09_PA0095000_NIBRS,
6666387,16020,10,2014,U,,,N,F,,C,2014_10_PA0095000_NIBRS,
6688837,16020,11,2014,U,,,N,F,,C,2014_11_PA0095000_NIBRS,
6711287,16020,12,2014,U,,,N,F,,C,2014_12_PA0095000_NIBRS,
6464338,16021,1,2014,U,,,N,F,,C,2014_01_PA0095100_NIBRS,
6486788,16021,2,2014,U,,,N,F,,C,2014_02_PA0095100_NIBRS,
6509238,16021,3,2014,U,,,N,F,,C,2014_03_PA0095100_NIBRS,
6531688,16021,4,2014,U,,,N,F,,C,2014_04_PA0095100_NIBRS,
6554138,16021,5,2014,U,,,N,F,,C,2014_05_PA0095100_NIBRS,
6576588,16021,6,2014,U,,,N,F,,C,2014_06_PA0095100_NIBRS,
6599038,16021,7,2014,U,,,N,F,,C,2014_07_PA0095100_NIBRS,
6621488,16021,8,2014,U,,,N,F,,C,2014_08_PA0095100_NIBRS,
6643938,16021,9,2014,U,,,N,F,,C,2014_09_PA0095100_NIBRS,
6666388,16021,10,2014,U,,,N,F,,C,2014_10_PA0095100_NIBRS,
6688838,16021,11,2014,U,,,N,F,,C,2014_11_PA0095100_NIBRS,
6711288,16021,12,2014,U,,,N,F,,C,2014_12_PA0095100_NIBRS,
6464339,16022,1,2014,U,,,N,F,,C,2014_01_PA0095200_NIBRS,
6486789,16022,2,2014,U,,,N,F,,C,2014_02_PA0095200_NIBRS,
6509239,16022,3,2014,U,,,N,F,,C,2014_03_PA0095200_NIBRS,
6531689,16022,4,2014,U,,,N,F,,C,2014_04_PA0095200_NIBRS,
6554139,16022,5,2014,U,,,N,F,,C,2014_05_PA0095200_NIBRS,
6576589,16022,6,2014,U,,,N,F,,C,2014_06_PA0095200_NIBRS,
6599039,16022,7,2014,U,,,N,F,,C,2014_07_PA0095200_NIBRS,
6621489,16022,8,2014,U,,,N,F,,C,2014_08_PA0095200_NIBRS,
6643939,16022,9,2014,U,,,N,F,,C,2014_09_PA0095200_NIBRS,
6666389,16022,10,2014,U,,,N,F,,C,2014_10_PA0095200_NIBRS,
6688839,16022,11,2014,U,,,N,F,,C,2014_11_PA0095200_NIBRS,
6711289,16022,12,2014,U,,,N,F,,C,2014_12_PA0095200_NIBRS,
6464340,16023,1,2014,U,,,N,F,,C,2014_01_PA0095300_NIBRS,
6486790,16023,2,2014,U,,,N,F,,C,2014_02_PA0095300_NIBRS,
6509240,16023,3,2014,U,,,N,F,,C,2014_03_PA0095300_NIBRS,
6531690,16023,4,2014,U,,,N,F,,C,2014_04_PA0095300_NIBRS,
6554140,16023,5,2014,U,,,N,F,,C,2014_05_PA0095300_NIBRS,
6576590,16023,6,2014,U,,,N,F,,C,2014_06_PA0095300_NIBRS,
6599040,16023,7,2014,U,,,N,F,,C,2014_07_PA0095300_NIBRS,
6621490,16023,8,2014,U,,,N,F,,C,2014_08_PA0095300_NIBRS,
6643940,16023,9,2014,U,,,N,F,,C,2014_09_PA0095300_NIBRS,
6666390,16023,10,2014,U,,,N,F,,C,2014_10_PA0095300_NIBRS,
6688840,16023,11,2014,U,,,N,F,,C,2014_11_PA0095300_NIBRS,
6711290,16023,12,2014,U,,,N,F,,C,2014_12_PA0095300_NIBRS,
6464848,16531,1,2014,U,,,N,F,,C,2014_01_PA0340700_NIBRS,
6487298,16531,2,2014,U,,,N,F,,C,2014_02_PA0340700_NIBRS,
6509748,16531,3,2014,U,,,N,F,,C,2014_03_PA0340700_NIBRS,
6532198,16531,4,2014,U,,,N,F,,C,2014_04_PA0340700_NIBRS,
6554648,16531,5,2014,U,,,N,F,,C,2014_05_PA0340700_NIBRS,
6577098,16531,6,2014,U,,,N,F,,C,2014_06_PA0340700_NIBRS,
6599548,16531,7,2014,U,,,N,F,,C,2014_07_PA0340700_NIBRS,
6621998,16531,8,2014,U,,,N,F,,C,2014_08_PA0340700_NIBRS,
6644448,16531,9,2014,U,,,N,F,,C,2014_09_PA0340700_NIBRS,
6666898,16531,10,2014,U,,,N,F,,C,2014_10_PA0340700_NIBRS,
6689348,16531,11,2014,U,,,N,F,,C,2014_11_PA0340700_NIBRS,
6711798,16531,12,2014,U,,,N,F,,C,2014_12_PA0340700_NIBRS,
6464849,16532,1,2014,U,,,N,F,,C,2014_01_PA034BF00_NIBRS,
6487299,16532,2,2014,U,,,N,F,,C,2014_02_PA034BF00_NIBRS,
6509749,16532,3,2014,U,,,N,F,,C,2014_03_PA034BF00_NIBRS,
6532199,16532,4,2014,U,,,N,F,,C,2014_04_PA034BF00_NIBRS,
6554649,16532,5,2014,U,,,N,F,,C,2014_05_PA034BF00_NIBRS,
6577099,16532,6,2014,U,,,N,F,,C,2014_06_PA034BF00_NIBRS,
6599549,16532,7,2014,U,,,N,F,,C,2014_07_PA034BF00_NIBRS,
6621999,16532,8,2014,U,,,N,F,,C,2014_08_PA034BF00_NIBRS,
6644449,16532,9,2014,U,,,N,F,,C,2014_09_PA034BF00_NIBRS,
6666899,16532,10,2014,U,,,N,F,,C,2014_10_PA034BF00_NIBRS,
6689349,16532,11,2014,U,,,N,F,,C,2014_11_PA034BF00_NIBRS,
6711799,16532,12,2014,U,,,N,F,,C,2014_12_PA034BF00_NIBRS,
6464850,16533,1,2014,U,,,N,F,,C,2014_01_PA034DE00_NIBRS,
6487300,16533,2,2014,U,,,N,F,,C,2014_02_PA034DE00_NIBRS,
6509750,16533,3,2014,U,,,N,F,,C,2014_03_PA034DE00_NIBRS,
6532200,16533,4,2014,U,,,N,F,,C,2014_04_PA034DE00_NIBRS,
6554650,16533,5,2014,U,,,N,F,,C,2014_05_PA034DE00_NIBRS,
6577100,16533,6,2014,U,,,N,F,,C,2014_06_PA034DE00_NIBRS,
6599550,16533,7,2014,U,,,N,F,,C,2014_07_PA034DE00_NIBRS,
6622000,16533,8,2014,U,,,N,F,,C,2014_08_PA034DE00_NIBRS,
6644450,16533,9,2014,U,,,N,F,,C,2014_09_PA034DE00_NIBRS,
6666900,16533,10,2014,U,,,N,F,,C,2014_10_PA034DE00_NIBRS,
6689350,16533,11,2014,U,,,N,F,,C,2014_11_PA034DE00_NIBRS,
6711800,16533,12,2014,U,,,N,F,,C,2014_12_PA034DE00_NIBRS,
6464851,16534,1,2014,U,,,N,F,,C,2014_01_PA034SP00_NIBRS,
6487301,16534,2,2014,U,,,N,F,,C,2014_02_PA034SP00_NIBRS,
6509751,16534,3,2014,U,,,N,F,,C,2014_03_PA034SP00_NIBRS,
6532201,16534,4,2014,U,,,N,F,,C,2014_04_PA034SP00_NIBRS,
6554651,16534,5,2014,U,,,N,F,,C,2014_05_PA034SP00_NIBRS,
6577101,16534,6,2014,U,,,N,F,,C,2014_06_PA034SP00_NIBRS,
6599551,16534,7,2014,U,,,N,F,,C,2014_07_PA034SP00_NIBRS,
6622001,16534,8,2014,U,,,N,F,,C,2014_08_PA034SP00_NIBRS,
6644451,16534,9,2014,U,,,N,F,,C,2014_09_PA034SP00_NIBRS,
6666901,16534,10,2014,U,,,N,F,,C,2014_10_PA034SP00_NIBRS,
6689351,16534,11,2014,U,,,N,F,,C,2014_11_PA034SP00_NIBRS,
6711801,16534,12,2014,U,,,N,F,,C,2014_12_PA034SP00_NIBRS,
6464852,16535,1,2014,U,,,N,F,,C,2014_01_PA0350000_NIBRS,
6487302,16535,2,2014,U,,,N,F,,C,2014_02_PA0350000_NIBRS,
6509752,16535,3,2014,U,,,N,F,,C,2014_03_PA0350000_NIBRS,
6532202,16535,4,2014,U,,,N,F,,C,2014_04_PA0350000_NIBRS,
6554652,16535,5,2014,U,,,N,F,,C,2014_05_PA0350000_NIBRS,
6577102,16535,6,2014,U,,,N,F,,C,2014_06_PA0350000_NIBRS,
6599552,16535,7,2014,U,,,N,F,,C,2014_07_PA0350000_NIBRS,
6622002,16535,8,2014,U,,,N,F,,C,2014_08_PA0350000_NIBRS,
6644452,16535,9,2014,U,,,N,F,,C,2014_09_PA0350000_NIBRS,
6666902,16535,10,2014,U,,,N,F,,C,2014_10_PA0350000_NIBRS,
6689352,16535,11,2014,U,,,N,F,,C,2014_11_PA0350000_NIBRS,
6711802,16535,12,2014,U,,,N,F,,C,2014_12_PA0350000_NIBRS,
6464853,16536,1,2014,U,,,N,F,,C,2014_01_PA0350100_NIBRS,
6487303,16536,2,2014,U,,,N,F,,C,2014_02_PA0350100_NIBRS,
6509753,16536,3,2014,U,,,N,F,,C,2014_03_PA0350100_NIBRS,
6532203,16536,4,2014,U,,,N,F,,C,2014_04_PA0350100_NIBRS,
6554653,16536,5,2014,U,,,N,F,,C,2014_05_PA0350100_NIBRS,
6577103,16536,6,2014,U,,,N,F,,C,2014_06_PA0350100_NIBRS,
6599553,16536,7,2014,U,,,N,F,,C,2014_07_PA0350100_NIBRS,
6622003,16536,8,2014,U,,,N,F,,C,2014_08_PA0350100_NIBRS,
6644453,16536,9,2014,U,,,N,F,,C,2014_09_PA0350100_NIBRS,
6666903,16536,10,2014,U,,,N,F,,C,2014_10_PA0350100_NIBRS,
6689353,16536,11,2014,U,,,N,F,,C,2014_11_PA0350100_NIBRS,
6711803,16536,12,2014,U,,,N,F,,C,2014_12_PA0350100_NIBRS,
6464854,16537,1,2014,U,,,N,F,,C,2014_01_PA0350200_NIBRS,
6487304,16537,2,2014,U,,,N,F,,C,2014_02_PA0350200_NIBRS,
6509754,16537,3,2014,U,,,N,F,,C,2014_03_PA0350200_NIBRS,
6532204,16537,4,2014,U,,,N,F,,C,2014_04_PA0350200_NIBRS,
6554654,16537,5,2014,U,,,N,F,,C,2014_05_PA0350200_NIBRS,
6577104,16537,6,2014,U,,,N,F,,C,2014_06_PA0350200_NIBRS,
6599554,16537,7,2014,U,,,N,F,,C,2014_07_PA0350200_NIBRS,
6622004,16537,8,2014,U,,,N,F,,C,2014_08_PA0350200_NIBRS,
6644454,16537,9,2014,U,,,N,F,,C,2014_09_PA0350200_NIBRS,
6666904,16537,10,2014,U,,,N,F,,C,2014_10_PA0350200_NIBRS,
6689354,16537,11,2014,U,,,N,F,,C,2014_11_PA0350200_NIBRS,
6711804,16537,12,2014,U,,,N,F,,C,2014_12_PA0350200_NIBRS,
6464855,16538,1,2014,U,,,N,F,,C,2014_01_PA0350300_NIBRS,
6487305,16538,2,2014,U,,,N,F,,C,2014_02_PA0350300_NIBRS,
6509755,16538,3,2014,U,,,N,F,,C,2014_03_PA0350300_NIBRS,
6532205,16538,4,2014,U,,,N,F,,C,2014_04_PA0350300_NIBRS,
6554655,16538,5,2014,U,,,N,F,,C,2014_05_PA0350300_NIBRS,
6577105,16538,6,2014,U,,,N,F,,C,2014_06_PA0350300_NIBRS,
6599555,16538,7,2014,U,,,N,F,,C,2014_07_PA0350300_NIBRS,
6622005,16538,8,2014,U,,,N,F,,C,2014_08_PA0350300_NIBRS,
6644455,16538,9,2014,U,,,N,F,,C,2014_09_PA0350300_NIBRS,
6666905,16538,10,2014,U,,,N,F,,C,2014_10_PA0350300_NIBRS,
6689355,16538,11,2014,U,,,N,F,,C,2014_11_PA0350300_NIBRS,
6711805,16538,12,2014,U,,,N,F,,C,2014_12_PA0350300_NIBRS,
6464856,16539,1,2014,U,,,N,F,,C,2014_01_PA0350400_NIBRS,
6487306,16539,2,2014,U,,,N,F,,C,2014_02_PA0350400_NIBRS,
6509756,16539,3,2014,U,,,N,F,,C,2014_03_PA0350400_NIBRS,
6532206,16539,4,2014,U,,,N,F,,C,2014_04_PA0350400_NIBRS,
6554656,16539,5,2014,U,,,N,F,,C,2014_05_PA0350400_NIBRS,
6577106,16539,6,2014,U,,,N,F,,C,2014_06_PA0350400_NIBRS,
6599556,16539,7,2014,U,,,N,F,,C,2014_07_PA0350400_NIBRS,
6622006,16539,8,2014,U,,,N,F,,C,2014_08_PA0350400_NIBRS,
6644456,16539,9,2014,U,,,N,F,,C,2014_09_PA0350400_NIBRS,
6666906,16539,10,2014,U,,,N,F,,C,2014_10_PA0350400_NIBRS,
6689356,16539,11,2014,U,,,N,F,,C,2014_11_PA0350400_NIBRS,
6711806,16539,12,2014,U,,,N,F,,C,2014_12_PA0350400_NIBRS,
6464857,16540,1,2014,U,,,N,F,,C,2014_01_PA0350500_NIBRS,
6487307,16540,2,2014,U,,,N,F,,C,2014_02_PA0350500_NIBRS,
6509757,16540,3,2014,U,,,N,F,,C,2014_03_PA0350500_NIBRS,
6532207,16540,4,2014,U,,,N,F,,C,2014_04_PA0350500_NIBRS,
6554657,16540,5,2014,U,,,N,F,,C,2014_05_PA0350500_NIBRS,
6577107,16540,6,2014,U,,,N,F,,C,2014_06_PA0350500_NIBRS,
6599557,16540,7,2014,U,,,N,F,,C,2014_07_PA0350500_NIBRS,
6622007,16540,8,2014,U,,,N,F,,C,2014_08_PA0350500_NIBRS,
6644457,16540,9,2014,U,,,N,F,,C,2014_09_PA0350500_NIBRS,
6666907,16540,10,2014,U,,,N,F,,C,2014_10_PA0350500_NIBRS,
6689357,16540,11,2014,U,,,N,F,,C,2014_11_PA0350500_NIBRS,
6711807,16540,12,2014,U,,,N,F,,C,2014_12_PA0350500_NIBRS,
6464858,16541,1,2014,U,,,N,F,,C,2014_01_PA0350600_NIBRS,
6487308,16541,2,2014,U,,,N,F,,C,2014_02_PA0350600_NIBRS,
6509758,16541,3,2014,U,,,N,F,,C,2014_03_PA0350600_NIBRS,
6532208,16541,4,2014,U,,,N,F,,C,2014_04_PA0350600_NIBRS,
6554658,16541,5,2014,U,,,N,F,,C,2014_05_PA0350600_NIBRS,
6577108,16541,6,2014,U,,,N,F,,C,2014_06_PA0350600_NIBRS,
6599558,16541,7,2014,U,,,N,F,,C,2014_07_PA0350600_NIBRS,
6622008,16541,8,2014,U,,,N,F,,C,2014_08_PA0350600_NIBRS,
6644458,16541,9,2014,U,,,N,F,,C,2014_09_PA0350600_NIBRS,
6666908,16541,10,2014,U,,,N,F,,C,2014_10_PA0350600_NIBRS,
6689358,16541,11,2014,U,,,N,F,,C,2014_11_PA0350600_NIBRS,
6711808,16541,12,2014,U,,,N,F,,C,2014_12_PA0350600_NIBRS,
6464859,16542,1,2014,U,,,N,F,,C,2014_01_PA0350700_NIBRS,
6487309,16542,2,2014,U,,,N,F,,C,2014_02_PA0350700_NIBRS,
6509759,16542,3,2014,U,,,N,F,,C,2014_03_PA0350700_NIBRS,
6532209,16542,4,2014,U,,,N,F,,C,2014_04_PA0350700_NIBRS,
6554659,16542,5,2014,U,,,N,F,,C,2014_05_PA0350700_NIBRS,
6577109,16542,6,2014,U,,,N,F,,C,2014_06_PA0350700_NIBRS,
6599559,16542,7,2014,U,,,N,F,,C,2014_07_PA0350700_NIBRS,
6622009,16542,8,2014,U,,,N,F,,C,2014_08_PA0350700_NIBRS,
6644459,16542,9,2014,U,,,N,F,,C,2014_09_PA0350700_NIBRS,
6666909,16542,10,2014,U,,,N,F,,C,2014_10_PA0350700_NIBRS,
6689359,16542,11,2014,U,,,N,F,,C,2014_11_PA0350700_NIBRS,
6711809,16542,12,2014,U,,,N,F,,C,2014_12_PA0350700_NIBRS,
6464860,16543,1,2014,U,,,N,F,,C,2014_01_PA0350800_NIBRS,
6487310,16543,2,2014,U,,,N,F,,C,2014_02_PA0350800_NIBRS,
6509760,16543,3,2014,U,,,N,F,,C,2014_03_PA0350800_NIBRS,
6532210,16543,4,2014,U,,,N,F,,C,2014_04_PA0350800_NIBRS,
6554660,16543,5,2014,U,,,N,F,,C,2014_05_PA0350800_NIBRS,
6577110,16543,6,2014,U,,,N,F,,C,2014_06_PA0350800_NIBRS,
6599560,16543,7,2014,U,,,N,F,,C,2014_07_PA0350800_NIBRS,
6622010,16543,8,2014,U,,,N,F,,C,2014_08_PA0350800_NIBRS,
6644460,16543,9,2014,U,,,N,F,,C,2014_09_PA0350800_NIBRS,
6666910,16543,10,2014,U,,,N,F,,C,2014_10_PA0350800_NIBRS,
6689360,16543,11,2014,U,,,N,F,,C,2014_11_PA0350800_NIBRS,
6711810,16543,12,2014,U,,,N,F,,C,2014_12_PA0350800_NIBRS,
6464861,16544,1,2014,U,,,N,F,,C,2014_01_PA0350900_NIBRS,
6487311,16544,2,2014,U,,,N,F,,C,2014_02_PA0350900_NIBRS,
6509761,16544,3,2014,U,,,N,F,,C,2014_03_PA0350900_NIBRS,
6532211,16544,4,2014,U,,,N,F,,C,2014_04_PA0350900_NIBRS,
6554661,16544,5,2014,U,,,N,F,,C,2014_05_PA0350900_NIBRS,
6577111,16544,6,2014,U,,,N,F,,C,2014_06_PA0350900_NIBRS,
6599561,16544,7,2014,U,,,N,F,,C,2014_07_PA0350900_NIBRS,
6622011,16544,8,2014,U,,,N,F,,C,2014_08_PA0350900_NIBRS,
6644461,16544,9,2014,U,,,N,F,,C,2014_09_PA0350900_NIBRS,
6666911,16544,10,2014,U,,,N,F,,C,2014_10_PA0350900_NIBRS,
6689361,16544,11,2014,U,,,N,F,,C,2014_11_PA0350900_NIBRS,
6711811,16544,12,2014,U,,,N,F,,C,2014_12_PA0350900_NIBRS,
6464798,16481,1,2014,U,,,N,F,,C,2014_01_PA0290000_NIBRS,
6487248,16481,2,2014,U,,,N,F,,C,2014_02_PA0290000_NIBRS,
6509698,16481,3,2014,U,,,N,F,,C,2014_03_PA0290000_NIBRS,
6532148,16481,4,2014,U,,,N,F,,C,2014_04_PA0290000_NIBRS,
6554598,16481,5,2014,U,,,N,F,,C,2014_05_PA0290000_NIBRS,
6577048,16481,6,2014,U,,,N,F,,C,2014_06_PA0290000_NIBRS,
6599498,16481,7,2014,U,,,N,F,,C,2014_07_PA0290000_NIBRS,
6621948,16481,8,2014,U,,,N,F,,C,2014_08_PA0290000_NIBRS,
6644398,16481,9,2014,U,,,N,F,,C,2014_09_PA0290000_NIBRS,
6666848,16481,10,2014,U,,,N,F,,C,2014_10_PA0290000_NIBRS,
6689298,16481,11,2014,U,,,N,F,,C,2014_11_PA0290000_NIBRS,
6711748,16481,12,2014,U,,,N,F,,C,2014_12_PA0290000_NIBRS,
6465236,16919,1,2014,U,,,N,F,,C,2014_01_PA0482500_NIBRS,
6487686,16919,2,2014,U,,,N,F,,C,2014_02_PA0482500_NIBRS,
6510136,16919,3,2014,U,,,N,F,,C,2014_03_PA0482500_NIBRS,
6532586,16919,4,2014,U,,,N,F,,C,2014_04_PA0482500_NIBRS,
6555036,16919,5,2014,U,,,N,F,,C,2014_05_PA0482500_NIBRS,
6577486,16919,6,2014,U,,,N,F,,C,2014_06_PA0482500_NIBRS,
6599936,16919,7,2014,U,,,N,F,,C,2014_07_PA0482500_NIBRS,
6622386,16919,8,2014,U,,,N,F,,C,2014_08_PA0482500_NIBRS,
6644836,16919,9,2014,U,,,N,F,,C,2014_09_PA0482500_NIBRS,
6667286,16919,10,2014,U,,,N,F,,C,2014_10_PA0482500_NIBRS,
6689736,16919,11,2014,U,,,N,F,,C,2014_11_PA0482500_NIBRS,
6712186,16919,12,2014,U,,,N,F,,C,2014_12_PA0482500_NIBRS,
6465237,16920,1,2014,U,,,N,F,,C,2014_01_PA0482600_NIBRS,
6487687,16920,2,2014,U,,,N,F,,C,2014_02_PA0482600_NIBRS,
6510137,16920,3,2014,U,,,N,F,,C,2014_03_PA0482600_NIBRS,
6532587,16920,4,2014,U,,,N,F,,C,2014_04_PA0482600_NIBRS,
6555037,16920,5,2014,U,,,N,F,,C,2014_05_PA0482600_NIBRS,
6577487,16920,6,2014,U,,,N,F,,C,2014_06_PA0482600_NIBRS,
6599937,16920,7,2014,U,,,N,F,,C,2014_07_PA0482600_NIBRS,
6622387,16920,8,2014,U,,,N,F,,C,2014_08_PA0482600_NIBRS,
6644837,16920,9,2014,U,,,N,F,,C,2014_09_PA0482600_NIBRS,
6667287,16920,10,2014,U,,,N,F,,C,2014_10_PA0482600_NIBRS,
6689737,16920,11,2014,U,,,N,F,,C,2014_11_PA0482600_NIBRS,
6712187,16920,12,2014,U,,,N,F,,C,2014_12_PA0482600_NIBRS,
6464341,16024,1,2014,U,,,N,F,,C,2014_01_PA0095700_NIBRS,
6486791,16024,2,2014,U,,,N,F,,C,2014_02_PA0095700_NIBRS,
6509241,16024,3,2014,U,,,N,F,,C,2014_03_PA0095700_NIBRS,
6531691,16024,4,2014,U,,,N,F,,C,2014_04_PA0095700_NIBRS,
6554141,16024,5,2014,U,,,N,F,,C,2014_05_PA0095700_NIBRS,
6576591,16024,6,2014,U,,,N,F,,C,2014_06_PA0095700_NIBRS,
6599041,16024,7,2014,U,,,N,F,,C,2014_07_PA0095700_NIBRS,
6621491,16024,8,2014,U,,,N,F,,C,2014_08_PA0095700_NIBRS,
6643941,16024,9,2014,U,,,N,F,,C,2014_09_PA0095700_NIBRS,
6666391,16024,10,2014,U,,,N,F,,C,2014_10_PA0095700_NIBRS,
6688841,16024,11,2014,U,,,N,F,,C,2014_11_PA0095700_NIBRS,
6711291,16024,12,2014,U,,,N,F,,C,2014_12_PA0095700_NIBRS,
6465333,17016,1,2014,U,,,N,F,,C,2014_01_PA0543100_NIBRS,
6487783,17016,2,2014,U,,,N,F,,C,2014_02_PA0543100_NIBRS,
6510233,17016,3,2014,U,,,N,F,,C,2014_03_PA0543100_NIBRS,
6532683,17016,4,2014,U,,,N,F,,C,2014_04_PA0543100_NIBRS,
6555133,17016,5,2014,U,,,N,F,,C,2014_05_PA0543100_NIBRS,
6577583,17016,6,2014,U,,,N,F,,C,2014_06_PA0543100_NIBRS,
6600033,17016,7,2014,U,,,N,F,,C,2014_07_PA0543100_NIBRS,
6622483,17016,8,2014,U,,,N,F,,C,2014_08_PA0543100_NIBRS,
6644933,17016,9,2014,U,,,N,F,,C,2014_09_PA0543100_NIBRS,
6667383,17016,10,2014,U,,,N,F,,C,2014_10_PA0543100_NIBRS,
6689833,17016,11,2014,U,,,N,F,,C,2014_11_PA0543100_NIBRS,
6712283,17016,12,2014,U,,,N,F,,C,2014_12_PA0543100_NIBRS,
6465334,17017,1,2014,U,,,N,F,,C,2014_01_PA0543200_NIBRS,
6487784,17017,2,2014,U,,,N,F,,C,2014_02_PA0543200_NIBRS,
6510234,17017,3,2014,U,,,N,F,,C,2014_03_PA0543200_NIBRS,
6532684,17017,4,2014,U,,,N,F,,C,2014_04_PA0543200_NIBRS,
6555134,17017,5,2014,U,,,N,F,,C,2014_05_PA0543200_NIBRS,
6577584,17017,6,2014,U,,,N,F,,C,2014_06_PA0543200_NIBRS,
6600034,17017,7,2014,U,,,N,F,,C,2014_07_PA0543200_NIBRS,
6622484,17017,8,2014,U,,,N,F,,C,2014_08_PA0543200_NIBRS,
6644934,17017,9,2014,U,,,N,F,,C,2014_09_PA0543200_NIBRS,
6667384,17017,10,2014,U,,,N,F,,C,2014_10_PA0543200_NIBRS,
6689834,17017,11,2014,U,,,N,F,,C,2014_11_PA0543200_NIBRS,
6712284,17017,12,2014,U,,,N,F,,C,2014_12_PA0543200_NIBRS,
6464345,16028,1,2014,U,,,N,F,,C,2014_01_PA0096200_NIBRS,
6486795,16028,2,2014,U,,,N,F,,C,2014_02_PA0096200_NIBRS,
6509245,16028,3,2014,U,,,N,F,,C,2014_03_PA0096200_NIBRS,
6531695,16028,4,2014,U,,,N,F,,C,2014_04_PA0096200_NIBRS,
6554145,16028,5,2014,U,,,N,F,,C,2014_05_PA0096200_NIBRS,
6576595,16028,6,2014,U,,,N,F,,C,2014_06_PA0096200_NIBRS,
6599045,16028,7,2014,U,,,N,F,,C,2014_07_PA0096200_NIBRS,
6621495,16028,8,2014,U,,,N,F,,C,2014_08_PA0096200_NIBRS,
6643945,16028,9,2014,U,,,N,F,,C,2014_09_PA0096200_NIBRS,
6666395,16028,10,2014,U,,,N,F,,C,2014_10_PA0096200_NIBRS,
6688845,16028,11,2014,U,,,N,F,,C,2014_11_PA0096200_NIBRS,
6711295,16028,12,2014,U,,,N,F,,C,2014_12_PA0096200_NIBRS,
6464346,16029,1,2014,U,,,N,F,,C,2014_01_PA009BF00_NIBRS,
6486796,16029,2,2014,U,,,N,F,,C,2014_02_PA009BF00_NIBRS,
6509246,16029,3,2014,U,,,N,F,,C,2014_03_PA009BF00_NIBRS,
6531696,16029,4,2014,U,,,N,F,,C,2014_04_PA009BF00_NIBRS,
6554146,16029,5,2014,U,,,N,F,,C,2014_05_PA009BF00_NIBRS,
6576596,16029,6,2014,U,,,N,F,,C,2014_06_PA009BF00_NIBRS,
6599046,16029,7,2014,U,,,N,F,,C,2014_07_PA009BF00_NIBRS,
6621496,16029,8,2014,U,,,N,F,,C,2014_08_PA009BF00_NIBRS,
6643946,16029,9,2014,U,,,N,F,,C,2014_09_PA009BF00_NIBRS,
6666396,16029,10,2014,U,,,N,F,,C,2014_10_PA009BF00_NIBRS,
6688846,16029,11,2014,U,,,N,F,,C,2014_11_PA009BF00_NIBRS,
6711296,16029,12,2014,U,,,N,F,,C,2014_12_PA009BF00_NIBRS,
6464347,16030,1,2014,U,,,N,F,,C,2014_01_PA009DE00_NIBRS,
6486797,16030,2,2014,U,,,N,F,,C,2014_02_PA009DE00_NIBRS,
6509247,16030,3,2014,U,,,N,F,,C,2014_03_PA009DE00_NIBRS,
6531697,16030,4,2014,U,,,N,F,,C,2014_04_PA009DE00_NIBRS,
6554147,16030,5,2014,U,,,N,F,,C,2014_05_PA009DE00_NIBRS,
6576597,16030,6,2014,U,,,N,F,,C,2014_06_PA009DE00_NIBRS,
6599047,16030,7,2014,U,,,N,F,,C,2014_07_PA009DE00_NIBRS,
6621497,16030,8,2014,U,,,N,F,,C,2014_08_PA009DE00_NIBRS,
6643947,16030,9,2014,U,,,N,F,,C,2014_09_PA009DE00_NIBRS,
6666397,16030,10,2014,U,,,N,F,,C,2014_10_PA009DE00_NIBRS,
6688847,16030,11,2014,U,,,N,F,,C,2014_11_PA009DE00_NIBRS,
6711297,16030,12,2014,U,,,N,F,,C,2014_12_PA009DE00_NIBRS,
6464348,16031,1,2014,U,,,N,F,,C,2014_01_PA009SP00_NIBRS,
6486798,16031,2,2014,U,,,N,F,,C,2014_02_PA009SP00_NIBRS,
6509248,16031,3,2014,U,,,N,F,,C,2014_03_PA009SP00_NIBRS,
6531698,16031,4,2014,U,,,N,F,,C,2014_04_PA009SP00_NIBRS,
6554148,16031,5,2014,U,,,N,F,,C,2014_05_PA009SP00_NIBRS,
6576598,16031,6,2014,U,,,N,F,,C,2014_06_PA009SP00_NIBRS,
6599048,16031,7,2014,U,,,N,F,,C,2014_07_PA009SP00_NIBRS,
6621498,16031,8,2014,U,,,N,F,,C,2014_08_PA009SP00_NIBRS,
6643948,16031,9,2014,U,,,N,F,,C,2014_09_PA009SP00_NIBRS,
6666398,16031,10,2014,U,,,N,F,,C,2014_10_PA009SP00_NIBRS,
6688848,16031,11,2014,U,,,N,F,,C,2014_11_PA009SP00_NIBRS,
6711298,16031,12,2014,U,,,N,F,,C,2014_12_PA009SP00_NIBRS,
6464349,16032,1,2014,U,,,N,F,,C,2014_01_PA0100000_NIBRS,
6486799,16032,2,2014,U,,,N,F,,C,2014_02_PA0100000_NIBRS,
6509249,16032,3,2014,U,,,N,F,,C,2014_03_PA0100000_NIBRS,
6531699,16032,4,2014,U,,,N,F,,C,2014_04_PA0100000_NIBRS,
6554149,16032,5,2014,U,,,N,F,,C,2014_05_PA0100000_NIBRS,
6576599,16032,6,2014,U,,,N,F,,C,2014_06_PA0100000_NIBRS,
6599049,16032,7,2014,U,,,N,F,,C,2014_07_PA0100000_NIBRS,
6621499,16032,8,2014,U,,,N,F,,C,2014_08_PA0100000_NIBRS,
6643949,16032,9,2014,U,,,N,F,,C,2014_09_PA0100000_NIBRS,
6666399,16032,10,2014,U,,,N,F,,C,2014_10_PA0100000_NIBRS,
6688849,16032,11,2014,U,,,N,F,,C,2014_11_PA0100000_NIBRS,
6711299,16032,12,2014,U,,,N,F,,C,2014_12_PA0100000_NIBRS,
6464350,16033,1,2014,U,,,N,F,,C,2014_01_PA0100100_NIBRS,
6486800,16033,2,2014,U,,,N,F,,C,2014_02_PA0100100_NIBRS,
6509250,16033,3,2014,U,,,N,F,,C,2014_03_PA0100100_NIBRS,
6531700,16033,4,2014,U,,,N,F,,C,2014_04_PA0100100_NIBRS,
6554150,16033,5,2014,U,,,N,F,,C,2014_05_PA0100100_NIBRS,
6576600,16033,6,2014,U,,,N,F,,C,2014_06_PA0100100_NIBRS,
6599050,16033,7,2014,U,,,N,F,,C,2014_07_PA0100100_NIBRS,
6621500,16033,8,2014,U,,,N,F,,C,2014_08_PA0100100_NIBRS,
6643950,16033,9,2014,U,,,N,F,,C,2014_09_PA0100100_NIBRS,
6666400,16033,10,2014,U,,,N,F,,C,2014_10_PA0100100_NIBRS,
6688850,16033,11,2014,U,,,N,F,,C,2014_11_PA0100100_NIBRS,
6711300,16033,12,2014,U,,,N,F,,C,2014_12_PA0100100_NIBRS,
6464862,16545,1,2014,U,,,N,F,,C,2014_01_PA0351100_NIBRS,
6487312,16545,2,2014,U,,,N,F,,C,2014_02_PA0351100_NIBRS,
6509762,16545,3,2014,U,,,N,F,,C,2014_03_PA0351100_NIBRS,
6532212,16545,4,2014,U,,,N,F,,C,2014_04_PA0351100_NIBRS,
6554662,16545,5,2014,U,,,N,F,,C,2014_05_PA0351100_NIBRS,
6577112,16545,6,2014,U,,,N,F,,C,2014_06_PA0351100_NIBRS,
6599562,16545,7,2014,U,,,N,F,,C,2014_07_PA0351100_NIBRS,
6622012,16545,8,2014,U,,,N,F,,C,2014_08_PA0351100_NIBRS,
6644462,16545,9,2014,U,,,N,F,,C,2014_09_PA0351100_NIBRS,
6666912,16545,10,2014,U,,,N,F,,C,2014_10_PA0351100_NIBRS,
6689362,16545,11,2014,U,,,N,F,,C,2014_11_PA0351100_NIBRS,
6711812,16545,12,2014,U,,,N,F,,C,2014_12_PA0351100_NIBRS,
6464863,16546,1,2014,U,,,N,F,,C,2014_01_PA0351200_NIBRS,
6487313,16546,2,2014,U,,,N,F,,C,2014_02_PA0351200_NIBRS,
6509763,16546,3,2014,U,,,N,F,,C,2014_03_PA0351200_NIBRS,
6532213,16546,4,2014,U,,,N,F,,C,2014_04_PA0351200_NIBRS,
6554663,16546,5,2014,U,,,N,F,,C,2014_05_PA0351200_NIBRS,
6577113,16546,6,2014,U,,,N,F,,C,2014_06_PA0351200_NIBRS,
6599563,16546,7,2014,U,,,N,F,,C,2014_07_PA0351200_NIBRS,
6622013,16546,8,2014,U,,,N,F,,C,2014_08_PA0351200_NIBRS,
6644463,16546,9,2014,U,,,N,F,,C,2014_09_PA0351200_NIBRS,
6666913,16546,10,2014,U,,,N,F,,C,2014_10_PA0351200_NIBRS,
6689363,16546,11,2014,U,,,N,F,,C,2014_11_PA0351200_NIBRS,
6711813,16546,12,2014,U,,,N,F,,C,2014_12_PA0351200_NIBRS,
6464864,16547,1,2014,U,,,N,F,,C,2014_01_PA0351300_NIBRS,
6487314,16547,2,2014,U,,,N,F,,C,2014_02_PA0351300_NIBRS,
6509764,16547,3,2014,U,,,N,F,,C,2014_03_PA0351300_NIBRS,
6532214,16547,4,2014,U,,,N,F,,C,2014_04_PA0351300_NIBRS,
6554664,16547,5,2014,U,,,N,F,,C,2014_05_PA0351300_NIBRS,
6577114,16547,6,2014,U,,,N,F,,C,2014_06_PA0351300_NIBRS,
6599564,16547,7,2014,U,,,N,F,,C,2014_07_PA0351300_NIBRS,
6622014,16547,8,2014,U,,,N,F,,C,2014_08_PA0351300_NIBRS,
6644464,16547,9,2014,U,,,N,F,,C,2014_09_PA0351300_NIBRS,
6666914,16547,10,2014,U,,,N,F,,C,2014_10_PA0351300_NIBRS,
6689364,16547,11,2014,U,,,N,F,,C,2014_11_PA0351300_NIBRS,
6711814,16547,12,2014,U,,,N,F,,C,2014_12_PA0351300_NIBRS,
6464865,16548,1,2014,U,,,N,F,,C,2014_01_PA0351500_NIBRS,
6487315,16548,2,2014,U,,,N,F,,C,2014_02_PA0351500_NIBRS,
6509765,16548,3,2014,U,,,N,F,,C,2014_03_PA0351500_NIBRS,
6532215,16548,4,2014,U,,,N,F,,C,2014_04_PA0351500_NIBRS,
6554665,16548,5,2014,U,,,N,F,,C,2014_05_PA0351500_NIBRS,
6577115,16548,6,2014,U,,,N,F,,C,2014_06_PA0351500_NIBRS,
6599565,16548,7,2014,U,,,N,F,,C,2014_07_PA0351500_NIBRS,
6622015,16548,8,2014,U,,,N,F,,C,2014_08_PA0351500_NIBRS,
6644465,16548,9,2014,U,,,N,F,,C,2014_09_PA0351500_NIBRS,
6666915,16548,10,2014,U,,,N,F,,C,2014_10_PA0351500_NIBRS,
6689365,16548,11,2014,U,,,N,F,,C,2014_11_PA0351500_NIBRS,
6711815,16548,12,2014,U,,,N,F,,C,2014_12_PA0351500_NIBRS,
6464866,16549,1,2014,U,,,N,F,,C,2014_01_PA0351600_NIBRS,
6487316,16549,2,2014,U,,,N,F,,C,2014_02_PA0351600_NIBRS,
6509766,16549,3,2014,U,,,N,F,,C,2014_03_PA0351600_NIBRS,
6532216,16549,4,2014,U,,,N,F,,C,2014_04_PA0351600_NIBRS,
6554666,16549,5,2014,U,,,N,F,,C,2014_05_PA0351600_NIBRS,
6577116,16549,6,2014,U,,,N,F,,C,2014_06_PA0351600_NIBRS,
6599566,16549,7,2014,U,,,N,F,,C,2014_07_PA0351600_NIBRS,
6622016,16549,8,2014,U,,,N,F,,C,2014_08_PA0351600_NIBRS,
6644466,16549,9,2014,U,,,N,F,,C,2014_09_PA0351600_NIBRS,
6666916,16549,10,2014,U,,,N,F,,C,2014_10_PA0351600_NIBRS,
6689366,16549,11,2014,U,,,N,F,,C,2014_11_PA0351600_NIBRS,
6711816,16549,12,2014,U,,,N,F,,C,2014_12_PA0351600_NIBRS,
6464510,16193,1,2014,U,,,N,F,,C,2014_01_PA0155000_NIBRS,
6486960,16193,2,2014,U,,,N,F,,C,2014_02_PA0155000_NIBRS,
6509410,16193,3,2014,U,,,N,F,,C,2014_03_PA0155000_NIBRS,
6531860,16193,4,2014,U,,,N,F,,C,2014_04_PA0155000_NIBRS,
6554310,16193,5,2014,U,,,N,F,,C,2014_05_PA0155000_NIBRS,
6576760,16193,6,2014,U,,,N,F,,C,2014_06_PA0155000_NIBRS,
6599210,16193,7,2014,U,,,N,F,,C,2014_07_PA0155000_NIBRS,
6621660,16193,8,2014,U,,,N,F,,C,2014_08_PA0155000_NIBRS,
6644110,16193,9,2014,U,,,N,F,,C,2014_09_PA0155000_NIBRS,
6666560,16193,10,2014,U,,,N,F,,C,2014_10_PA0155000_NIBRS,
6689010,16193,11,2014,U,,,N,F,,C,2014_11_PA0155000_NIBRS,
6711460,16193,12,2014,U,,,N,F,,C,2014_12_PA0155000_NIBRS,
6464511,16194,1,2014,U,,,N,F,,C,2014_01_PA0155200_NIBRS,
6486961,16194,2,2014,U,,,N,F,,C,2014_02_PA0155200_NIBRS,
6509411,16194,3,2014,U,,,N,F,,C,2014_03_PA0155200_NIBRS,
6531861,16194,4,2014,U,,,N,F,,C,2014_04_PA0155200_NIBRS,
6554311,16194,5,2014,U,,,N,F,,C,2014_05_PA0155200_NIBRS,
6576761,16194,6,2014,U,,,N,F,,C,2014_06_PA0155200_NIBRS,
6599211,16194,7,2014,U,,,N,F,,C,2014_07_PA0155200_NIBRS,
6621661,16194,8,2014,U,,,N,F,,C,2014_08_PA0155200_NIBRS,
6644111,16194,9,2014,U,,,N,F,,C,2014_09_PA0155200_NIBRS,
6666561,16194,10,2014,U,,,N,F,,C,2014_10_PA0155200_NIBRS,
6689011,16194,11,2014,U,,,N,F,,C,2014_11_PA0155200_NIBRS,
6711461,16194,12,2014,U,,,N,F,,C,2014_12_PA0155200_NIBRS,
6464512,16195,1,2014,U,,,N,F,,C,2014_01_PA0155300_NIBRS,
6486962,16195,2,2014,U,,,N,F,,C,2014_02_PA0155300_NIBRS,
6509412,16195,3,2014,U,,,N,F,,C,2014_03_PA0155300_NIBRS,
6531862,16195,4,2014,U,,,N,F,,C,2014_04_PA0155300_NIBRS,
6554312,16195,5,2014,U,,,N,F,,C,2014_05_PA0155300_NIBRS,
6576762,16195,6,2014,U,,,N,F,,C,2014_06_PA0155300_NIBRS,
6599212,16195,7,2014,U,,,N,F,,C,2014_07_PA0155300_NIBRS,
6621662,16195,8,2014,U,,,N,F,,C,2014_08_PA0155300_NIBRS,
6644112,16195,9,2014,U,,,N,F,,C,2014_09_PA0155300_NIBRS,
6666562,16195,10,2014,U,,,N,F,,C,2014_10_PA0155300_NIBRS,
6689012,16195,11,2014,U,,,N,F,,C,2014_11_PA0155300_NIBRS,
6711462,16195,12,2014,U,,,N,F,,C,2014_12_PA0155300_NIBRS,
6465665,17348,1,2014,U,,,N,F,,C,2014_01_PA41BCI0X_NIBRS,
6488115,17348,2,2014,U,,,N,F,,C,2014_02_PA41BCI0X_NIBRS,
6510565,17348,3,2014,U,,,N,F,,C,2014_03_PA41BCI0X_NIBRS,
6533015,17348,4,2014,U,,,N,F,,C,2014_04_PA41BCI0X_NIBRS,
6555465,17348,5,2014,U,,,N,F,,C,2014_05_PA41BCI0X_NIBRS,
6577915,17348,6,2014,U,,,N,F,,C,2014_06_PA41BCI0X_NIBRS,
6600365,17348,7,2014,U,,,N,F,,C,2014_07_PA41BCI0X_NIBRS,
6622815,17348,8,2014,U,,,N,F,,C,2014_08_PA41BCI0X_NIBRS,
6645265,17348,9,2014,U,,,N,F,,C,2014_09_PA41BCI0X_NIBRS,
6667715,17348,10,2014,U,,,N,F,,C,2014_10_PA41BCI0X_NIBRS,
6690165,17348,11,2014,U,,,N,F,,C,2014_11_PA41BCI0X_NIBRS,
6712615,17348,12,2014,U,,,N,F,,C,2014_12_PA41BCI0X_NIBRS,
6465666,17349,1,2014,U,,,N,F,,C,2014_01_PA42BCI0X_NIBRS,
6488116,17349,2,2014,U,,,N,F,,C,2014_02_PA42BCI0X_NIBRS,
6510566,17349,3,2014,U,,,N,F,,C,2014_03_PA42BCI0X_NIBRS,
6533016,17349,4,2014,U,,,N,F,,C,2014_04_PA42BCI0X_NIBRS,
6555466,17349,5,2014,U,,,N,F,,C,2014_05_PA42BCI0X_NIBRS,
6577916,17349,6,2014,U,,,N,F,,C,2014_06_PA42BCI0X_NIBRS,
6600366,17349,7,2014,U,,,N,F,,C,2014_07_PA42BCI0X_NIBRS,
6622816,17349,8,2014,U,,,N,F,,C,2014_08_PA42BCI0X_NIBRS,
6645266,17349,9,2014,U,,,N,F,,C,2014_09_PA42BCI0X_NIBRS,
6667716,17349,10,2014,U,,,N,F,,C,2014_10_PA42BCI0X_NIBRS,
6690166,17349,11,2014,U,,,N,F,,C,2014_11_PA42BCI0X_NIBRS,
6712616,17349,12,2014,U,,,N,F,,C,2014_12_PA42BCI0X_NIBRS,
6465667,17350,1,2014,U,,,N,F,,C,2014_01_PA43BCI0X_NIBRS,
6488117,17350,2,2014,U,,,N,F,,C,2014_02_PA43BCI0X_NIBRS,
6510567,17350,3,2014,U,,,N,F,,C,2014_03_PA43BCI0X_NIBRS,
6533017,17350,4,2014,U,,,N,F,,C,2014_04_PA43BCI0X_NIBRS,
6555467,17350,5,2014,U,,,N,F,,C,2014_05_PA43BCI0X_NIBRS,
6577917,17350,6,2014,U,,,N,F,,C,2014_06_PA43BCI0X_NIBRS,
6600367,17350,7,2014,U,,,N,F,,C,2014_07_PA43BCI0X_NIBRS,
6622817,17350,8,2014,U,,,N,F,,C,2014_08_PA43BCI0X_NIBRS,
6645267,17350,9,2014,U,,,N,F,,C,2014_09_PA43BCI0X_NIBRS,
6667717,17350,10,2014,U,,,N,F,,C,2014_10_PA43BCI0X_NIBRS,
6690167,17350,11,2014,U,,,N,F,,C,2014_11_PA43BCI0X_NIBRS,
6712617,17350,12,2014,U,,,N,F,,C,2014_12_PA43BCI0X_NIBRS,
6465668,17351,1,2014,U,,,N,F,,C,2014_01_PA44BCI0X_NIBRS,
6488118,17351,2,2014,U,,,N,F,,C,2014_02_PA44BCI0X_NIBRS,
6510568,17351,3,2014,U,,,N,F,,C,2014_03_PA44BCI0X_NIBRS,
6533018,17351,4,2014,U,,,N,F,,C,2014_04_PA44BCI0X_NIBRS,
6555468,17351,5,2014,U,,,N,F,,C,2014_05_PA44BCI0X_NIBRS,
6577918,17351,6,2014,U,,,N,F,,C,2014_06_PA44BCI0X_NIBRS,
6600368,17351,7,2014,U,,,N,F,,C,2014_07_PA44BCI0X_NIBRS,
6622818,17351,8,2014,U,,,N,F,,C,2014_08_PA44BCI0X_NIBRS,
6645268,17351,9,2014,U,,,N,F,,C,2014_09_PA44BCI0X_NIBRS,
6667718,17351,10,2014,U,,,N,F,,C,2014_10_PA44BCI0X_NIBRS,
6690168,17351,11,2014,U,,,N,F,,C,2014_11_PA44BCI0X_NIBRS,
6712618,17351,12,2014,U,,,N,F,,C,2014_12_PA44BCI0X_NIBRS,
6465669,17352,1,2014,U,,,N,F,,C,2014_01_PA45BCI0X_NIBRS,
6488119,17352,2,2014,U,,,N,F,,C,2014_02_PA45BCI0X_NIBRS,
6510569,17352,3,2014,U,,,N,F,,C,2014_03_PA45BCI0X_NIBRS,
6533019,17352,4,2014,U,,,N,F,,C,2014_04_PA45BCI0X_NIBRS,
6555469,17352,5,2014,U,,,N,F,,C,2014_05_PA45BCI0X_NIBRS,
6577919,17352,6,2014,U,,,N,F,,C,2014_06_PA45BCI0X_NIBRS,
6600369,17352,7,2014,U,,,N,F,,C,2014_07_PA45BCI0X_NIBRS,
6622819,17352,8,2014,U,,,N,F,,C,2014_08_PA45BCI0X_NIBRS,
6645269,17352,9,2014,U,,,N,F,,C,2014_09_PA45BCI0X_NIBRS,
6667719,17352,10,2014,U,,,N,F,,C,2014_10_PA45BCI0X_NIBRS,
6690169,17352,11,2014,U,,,N,F,,C,2014_11_PA45BCI0X_NIBRS,
6712619,17352,12,2014,U,,,N,F,,C,2014_12_PA45BCI0X_NIBRS,
6465670,17353,1,2014,U,,,N,F,,C,2014_01_PA46BCI0X_NIBRS,
6488120,17353,2,2014,U,,,N,F,,C,2014_02_PA46BCI0X_NIBRS,
6510570,17353,3,2014,U,,,N,F,,C,2014_03_PA46BCI0X_NIBRS,
6533020,17353,4,2014,U,,,N,F,,C,2014_04_PA46BCI0X_NIBRS,
6555470,17353,5,2014,U,,,N,F,,C,2014_05_PA46BCI0X_NIBRS,
6577920,17353,6,2014,U,,,N,F,,C,2014_06_PA46BCI0X_NIBRS,
6600370,17353,7,2014,U,,,N,F,,C,2014_07_PA46BCI0X_NIBRS,
6622820,17353,8,2014,U,,,N,F,,C,2014_08_PA46BCI0X_NIBRS,
6645270,17353,9,2014,U,,,N,F,,C,2014_09_PA46BCI0X_NIBRS,
6667720,17353,10,2014,U,,,N,F,,C,2014_10_PA46BCI0X_NIBRS,
6690170,17353,11,2014,U,,,N,F,,C,2014_11_PA46BCI0X_NIBRS,
6712620,17353,12,2014,U,,,N,F,,C,2014_12_PA46BCI0X_NIBRS,
6465671,17354,1,2014,U,,,N,F,,C,2014_01_PA47BCI0X_NIBRS,
6488121,17354,2,2014,U,,,N,F,,C,2014_02_PA47BCI0X_NIBRS,
6510571,17354,3,2014,U,,,N,F,,C,2014_03_PA47BCI0X_NIBRS,
6533021,17354,4,2014,U,,,N,F,,C,2014_04_PA47BCI0X_NIBRS,
6555471,17354,5,2014,U,,,N,F,,C,2014_05_PA47BCI0X_NIBRS,
6577921,17354,6,2014,U,,,N,F,,C,2014_06_PA47BCI0X_NIBRS,
6600371,17354,7,2014,U,,,N,F,,C,2014_07_PA47BCI0X_NIBRS,
6622821,17354,8,2014,U,,,N,F,,C,2014_08_PA47BCI0X_NIBRS,
6645271,17354,9,2014,U,,,N,F,,C,2014_09_PA47BCI0X_NIBRS,
6667721,17354,10,2014,U,,,N,F,,C,2014_10_PA47BCI0X_NIBRS,
6690171,17354,11,2014,U,,,N,F,,C,2014_11_PA47BCI0X_NIBRS,
6712621,17354,12,2014,U,,,N,F,,C,2014_12_PA47BCI0X_NIBRS,
6465672,17355,1,2014,U,,,N,F,,C,2014_01_PA48BCI0X_NIBRS,
6488122,17355,2,2014,U,,,N,F,,C,2014_02_PA48BCI0X_NIBRS,
6510572,17355,3,2014,U,,,N,F,,C,2014_03_PA48BCI0X_NIBRS,
6533022,17355,4,2014,U,,,N,F,,C,2014_04_PA48BCI0X_NIBRS,
6555472,17355,5,2014,U,,,N,F,,C,2014_05_PA48BCI0X_NIBRS,
6577922,17355,6,2014,U,,,N,F,,C,2014_06_PA48BCI0X_NIBRS,
6600372,17355,7,2014,U,,,N,F,,C,2014_07_PA48BCI0X_NIBRS,
6622822,17355,8,2014,U,,,N,F,,C,2014_08_PA48BCI0X_NIBRS,
6645272,17355,9,2014,U,,,N,F,,C,2014_09_PA48BCI0X_NIBRS,
6667722,17355,10,2014,U,,,N,F,,C,2014_10_PA48BCI0X_NIBRS,
6690172,17355,11,2014,U,,,N,F,,C,2014_11_PA48BCI0X_NIBRS,
6712622,17355,12,2014,U,,,N,F,,C,2014_12_PA48BCI0X_NIBRS,
6465673,17356,1,2014,U,,,N,F,,C,2014_01_PA49BCI0X_NIBRS,
6488123,17356,2,2014,U,,,N,F,,C,2014_02_PA49BCI0X_NIBRS,
6510573,17356,3,2014,U,,,N,F,,C,2014_03_PA49BCI0X_NIBRS,
6533023,17356,4,2014,U,,,N,F,,C,2014_04_PA49BCI0X_NIBRS,
6555473,17356,5,2014,U,,,N,F,,C,2014_05_PA49BCI0X_NIBRS,
6577923,17356,6,2014,U,,,N,F,,C,2014_06_PA49BCI0X_NIBRS,
6600373,17356,7,2014,U,,,N,F,,C,2014_07_PA49BCI0X_NIBRS,
6622823,17356,8,2014,U,,,N,F,,C,2014_08_PA49BCI0X_NIBRS,
6645273,17356,9,2014,U,,,N,F,,C,2014_09_PA49BCI0X_NIBRS,
6667723,17356,10,2014,U,,,N,F,,C,2014_10_PA49BCI0X_NIBRS,
6690173,17356,11,2014,U,,,N,F,,C,2014_11_PA49BCI0X_NIBRS,
6712623,17356,12,2014,U,,,N,F,,C,2014_12_PA49BCI0X_NIBRS,
6465674,17357,1,2014,U,,,N,F,,C,2014_01_PA50BCI0X_NIBRS,
6488124,17357,2,2014,U,,,N,F,,C,2014_02_PA50BCI0X_NIBRS,
6510574,17357,3,2014,U,,,N,F,,C,2014_03_PA50BCI0X_NIBRS,
6533024,17357,4,2014,U,,,N,F,,C,2014_04_PA50BCI0X_NIBRS,
6555474,17357,5,2014,U,,,N,F,,C,2014_05_PA50BCI0X_NIBRS,
6577924,17357,6,2014,U,,,N,F,,C,2014_06_PA50BCI0X_NIBRS,
6600374,17357,7,2014,U,,,N,F,,C,2014_07_PA50BCI0X_NIBRS,
6622824,17357,8,2014,U,,,N,F,,C,2014_08_PA50BCI0X_NIBRS,
6645274,17357,9,2014,U,,,N,F,,C,2014_09_PA50BCI0X_NIBRS,
6667724,17357,10,2014,U,,,N,F,,C,2014_10_PA50BCI0X_NIBRS,
6690174,17357,11,2014,U,,,N,F,,C,2014_11_PA50BCI0X_NIBRS,
6712624,17357,12,2014,U,,,N,F,,C,2014_12_PA50BCI0X_NIBRS,
6465675,17358,1,2014,U,,,N,F,,C,2014_01_PA51BCI0X_NIBRS,
6488125,17358,2,2014,U,,,N,F,,C,2014_02_PA51BCI0X_NIBRS,
6510575,17358,3,2014,U,,,N,F,,C,2014_03_PA51BCI0X_NIBRS,
6533025,17358,4,2014,U,,,N,F,,C,2014_04_PA51BCI0X_NIBRS,
6555475,17358,5,2014,U,,,N,F,,C,2014_05_PA51BCI0X_NIBRS,
6577925,17358,6,2014,U,,,N,F,,C,2014_06_PA51BCI0X_NIBRS,
6600375,17358,7,2014,U,,,N,F,,C,2014_07_PA51BCI0X_NIBRS,
6622825,17358,8,2014,U,,,N,F,,C,2014_08_PA51BCI0X_NIBRS,
6645275,17358,9,2014,U,,,N,F,,C,2014_09_PA51BCI0X_NIBRS,
6667725,17358,10,2014,U,,,N,F,,C,2014_10_PA51BCI0X_NIBRS,
6690175,17358,11,2014,U,,,N,F,,C,2014_11_PA51BCI0X_NIBRS,
6712625,17358,12,2014,U,,,N,F,,C,2014_12_PA51BCI0X_NIBRS,
6465676,17359,1,2014,U,,,N,F,,C,2014_01_PA52BCI0X_NIBRS,
6488126,17359,2,2014,U,,,N,F,,C,2014_02_PA52BCI0X_NIBRS,
6510576,17359,3,2014,U,,,N,F,,C,2014_03_PA52BCI0X_NIBRS,
6533026,17359,4,2014,U,,,N,F,,C,2014_04_PA52BCI0X_NIBRS,
6555476,17359,5,2014,U,,,N,F,,C,2014_05_PA52BCI0X_NIBRS,
6577926,17359,6,2014,U,,,N,F,,C,2014_06_PA52BCI0X_NIBRS,
6600376,17359,7,2014,U,,,N,F,,C,2014_07_PA52BCI0X_NIBRS,
6622826,17359,8,2014,U,,,N,F,,C,2014_08_PA52BCI0X_NIBRS,
6645276,17359,9,2014,U,,,N,F,,C,2014_09_PA52BCI0X_NIBRS,
6667726,17359,10,2014,U,,,N,F,,C,2014_10_PA52BCI0X_NIBRS,
6690176,17359,11,2014,U,,,N,F,,C,2014_11_PA52BCI0X_NIBRS,
6712626,17359,12,2014,U,,,N,F,,C,2014_12_PA52BCI0X_NIBRS,
6465677,17360,1,2014,U,,,N,F,,C,2014_01_PA53BCI0X_NIBRS,
6488127,17360,2,2014,U,,,N,F,,C,2014_02_PA53BCI0X_NIBRS,
6510577,17360,3,2014,U,,,N,F,,C,2014_03_PA53BCI0X_NIBRS,
6533027,17360,4,2014,U,,,N,F,,C,2014_04_PA53BCI0X_NIBRS,
6555477,17360,5,2014,U,,,N,F,,C,2014_05_PA53BCI0X_NIBRS,
6577927,17360,6,2014,U,,,N,F,,C,2014_06_PA53BCI0X_NIBRS,
6600377,17360,7,2014,U,,,N,F,,C,2014_07_PA53BCI0X_NIBRS,
6622827,17360,8,2014,U,,,N,F,,C,2014_08_PA53BCI0X_NIBRS,
6645277,17360,9,2014,U,,,N,F,,C,2014_09_PA53BCI0X_NIBRS,
6667727,17360,10,2014,U,,,N,F,,C,2014_10_PA53BCI0X_NIBRS,
6690177,17360,11,2014,U,,,N,F,,C,2014_11_PA53BCI0X_NIBRS,
6712627,17360,12,2014,U,,,N,F,,C,2014_12_PA53BCI0X_NIBRS,
6465678,17361,1,2014,U,,,N,F,,C,2014_01_PA54BCI0X_NIBRS,
6488128,17361,2,2014,U,,,N,F,,C,2014_02_PA54BCI0X_NIBRS,
6510578,17361,3,2014,U,,,N,F,,C,2014_03_PA54BCI0X_NIBRS,
6533028,17361,4,2014,U,,,N,F,,C,2014_04_PA54BCI0X_NIBRS,
6555478,17361,5,2014,U,,,N,F,,C,2014_05_PA54BCI0X_NIBRS,
6577928,17361,6,2014,U,,,N,F,,C,2014_06_PA54BCI0X_NIBRS,
6600378,17361,7,2014,U,,,N,F,,C,2014_07_PA54BCI0X_NIBRS,
6622828,17361,8,2014,U,,,N,F,,C,2014_08_PA54BCI0X_NIBRS,
6645278,17361,9,2014,U,,,N,F,,C,2014_09_PA54BCI0X_NIBRS,
6667728,17361,10,2014,U,,,N,F,,C,2014_10_PA54BCI0X_NIBRS,
6690178,17361,11,2014,U,,,N,F,,C,2014_11_PA54BCI0X_NIBRS,
6712628,17361,12,2014,U,,,N,F,,C,2014_12_PA54BCI0X_NIBRS,
6465679,17362,1,2014,U,,,N,F,,C,2014_01_PA55BCI0X_NIBRS,
6488129,17362,2,2014,U,,,N,F,,C,2014_02_PA55BCI0X_NIBRS,
6510579,17362,3,2014,U,,,N,F,,C,2014_03_PA55BCI0X_NIBRS,
6533029,17362,4,2014,U,,,N,F,,C,2014_04_PA55BCI0X_NIBRS,
6555479,17362,5,2014,U,,,N,F,,C,2014_05_PA55BCI0X_NIBRS,
6577929,17362,6,2014,U,,,N,F,,C,2014_06_PA55BCI0X_NIBRS,
6600379,17362,7,2014,U,,,N,F,,C,2014_07_PA55BCI0X_NIBRS,
6622829,17362,8,2014,U,,,N,F,,C,2014_08_PA55BCI0X_NIBRS,
6645279,17362,9,2014,U,,,N,F,,C,2014_09_PA55BCI0X_NIBRS,
6667729,17362,10,2014,U,,,N,F,,C,2014_10_PA55BCI0X_NIBRS,
6690179,17362,11,2014,U,,,N,F,,C,2014_11_PA55BCI0X_NIBRS,
6712629,17362,12,2014,U,,,N,F,,C,2014_12_PA55BCI0X_NIBRS,
6465680,17363,1,2014,U,,,N,F,,C,2014_01_PA56BCI0X_NIBRS,
6488130,17363,2,2014,U,,,N,F,,C,2014_02_PA56BCI0X_NIBRS,
6510580,17363,3,2014,U,,,N,F,,C,2014_03_PA56BCI0X_NIBRS,
6533030,17363,4,2014,U,,,N,F,,C,2014_04_PA56BCI0X_NIBRS,
6555480,17363,5,2014,U,,,N,F,,C,2014_05_PA56BCI0X_NIBRS,
6577930,17363,6,2014,U,,,N,F,,C,2014_06_PA56BCI0X_NIBRS,
6600380,17363,7,2014,U,,,N,F,,C,2014_07_PA56BCI0X_NIBRS,
6622830,17363,8,2014,U,,,N,F,,C,2014_08_PA56BCI0X_NIBRS,
6645280,17363,9,2014,U,,,N,F,,C,2014_09_PA56BCI0X_NIBRS,
6667730,17363,10,2014,U,,,N,F,,C,2014_10_PA56BCI0X_NIBRS,
6690180,17363,11,2014,U,,,N,F,,C,2014_11_PA56BCI0X_NIBRS,
6712630,17363,12,2014,U,,,N,F,,C,2014_12_PA56BCI0X_NIBRS,
6465681,17364,1,2014,U,,,N,F,,C,2014_01_PA57BCI0X_NIBRS,
6488131,17364,2,2014,U,,,N,F,,C,2014_02_PA57BCI0X_NIBRS,
6510581,17364,3,2014,U,,,N,F,,C,2014_03_PA57BCI0X_NIBRS,
6533031,17364,4,2014,U,,,N,F,,C,2014_04_PA57BCI0X_NIBRS,
6555481,17364,5,2014,U,,,N,F,,C,2014_05_PA57BCI0X_NIBRS,
6577931,17364,6,2014,U,,,N,F,,C,2014_06_PA57BCI0X_NIBRS,
6600381,17364,7,2014,U,,,N,F,,C,2014_07_PA57BCI0X_NIBRS,
6622831,17364,8,2014,U,,,N,F,,C,2014_08_PA57BCI0X_NIBRS,
6645281,17364,9,2014,U,,,N,F,,C,2014_09_PA57BCI0X_NIBRS,
6667731,17364,10,2014,U,,,N,F,,C,2014_10_PA57BCI0X_NIBRS,
6690181,17364,11,2014,U,,,N,F,,C,2014_11_PA57BCI0X_NIBRS,
6712631,17364,12,2014,U,,,N,F,,C,2014_12_PA57BCI0X_NIBRS,
6465682,17365,1,2014,U,,,N,F,,C,2014_01_PA58BCI0X_NIBRS,
6488132,17365,2,2014,U,,,N,F,,C,2014_02_PA58BCI0X_NIBRS,
6510582,17365,3,2014,U,,,N,F,,C,2014_03_PA58BCI0X_NIBRS,
6533032,17365,4,2014,U,,,N,F,,C,2014_04_PA58BCI0X_NIBRS,
6555482,17365,5,2014,U,,,N,F,,C,2014_05_PA58BCI0X_NIBRS,
6577932,17365,6,2014,U,,,N,F,,C,2014_06_PA58BCI0X_NIBRS,
6600382,17365,7,2014,U,,,N,F,,C,2014_07_PA58BCI0X_NIBRS,
6622832,17365,8,2014,U,,,N,F,,C,2014_08_PA58BCI0X_NIBRS,
6645282,17365,9,2014,U,,,N,F,,C,2014_09_PA58BCI0X_NIBRS,
6667732,17365,10,2014,U,,,N,F,,C,2014_10_PA58BCI0X_NIBRS,
6690182,17365,11,2014,U,,,N,F,,C,2014_11_PA58BCI0X_NIBRS,
6712632,17365,12,2014,U,,,N,F,,C,2014_12_PA58BCI0X_NIBRS,
6465683,17366,1,2014,U,,,N,F,,C,2014_01_PA59BCI0X_NIBRS,
6488133,17366,2,2014,U,,,N,F,,C,2014_02_PA59BCI0X_NIBRS,
6510583,17366,3,2014,U,,,N,F,,C,2014_03_PA59BCI0X_NIBRS,
6533033,17366,4,2014,U,,,N,F,,C,2014_04_PA59BCI0X_NIBRS,
6555483,17366,5,2014,U,,,N,F,,C,2014_05_PA59BCI0X_NIBRS,
6577933,17366,6,2014,U,,,N,F,,C,2014_06_PA59BCI0X_NIBRS,
6600383,17366,7,2014,U,,,N,F,,C,2014_07_PA59BCI0X_NIBRS,
6622833,17366,8,2014,U,,,N,F,,C,2014_08_PA59BCI0X_NIBRS,
6645283,17366,9,2014,U,,,N,F,,C,2014_09_PA59BCI0X_NIBRS,
6667733,17366,10,2014,U,,,N,F,,C,2014_10_PA59BCI0X_NIBRS,
6690183,17366,11,2014,U,,,N,F,,C,2014_11_PA59BCI0X_NIBRS,
6712633,17366,12,2014,U,,,N,F,,C,2014_12_PA59BCI0X_NIBRS,
6464841,16524,1,2014,U,,,N,F,,C,2014_01_PA0331200_NIBRS,
6487291,16524,2,2014,U,,,N,F,,C,2014_02_PA0331200_NIBRS,
6509741,16524,3,2014,U,,,N,F,,C,2014_03_PA0331200_NIBRS,
6532191,16524,4,2014,U,,,N,F,,C,2014_04_PA0331200_NIBRS,
6554641,16524,5,2014,U,,,N,F,,C,2014_05_PA0331200_NIBRS,
6577091,16524,6,2014,U,,,N,F,,C,2014_06_PA0331200_NIBRS,
6599541,16524,7,2014,U,,,N,F,,C,2014_07_PA0331200_NIBRS,
6621991,16524,8,2014,U,,,N,F,,C,2014_08_PA0331200_NIBRS,
6644441,16524,9,2014,U,,,N,F,,C,2014_09_PA0331200_NIBRS,
6666891,16524,10,2014,U,,,N,F,,C,2014_10_PA0331200_NIBRS,
6689341,16524,11,2014,U,,,N,F,,C,2014_11_PA0331200_NIBRS,
6711791,16524,12,2014,U,,,N,F,,C,2014_12_PA0331200_NIBRS,
6464842,16525,1,2014,U,,,N,F,,C,2014_01_PA033BF00_NIBRS,
6487292,16525,2,2014,U,,,N,F,,C,2014_02_PA033BF00_NIBRS,
6509742,16525,3,2014,U,,,N,F,,C,2014_03_PA033BF00_NIBRS,
6532192,16525,4,2014,U,,,N,F,,C,2014_04_PA033BF00_NIBRS,
6554642,16525,5,2014,U,,,N,F,,C,2014_05_PA033BF00_NIBRS,
6577092,16525,6,2014,U,,,N,F,,C,2014_06_PA033BF00_NIBRS,
6599542,16525,7,2014,U,,,N,F,,C,2014_07_PA033BF00_NIBRS,
6621992,16525,8,2014,U,,,N,F,,C,2014_08_PA033BF00_NIBRS,
6644442,16525,9,2014,U,,,N,F,,C,2014_09_PA033BF00_NIBRS,
6666892,16525,10,2014,U,,,N,F,,C,2014_10_PA033BF00_NIBRS,
6689342,16525,11,2014,U,,,N,F,,C,2014_11_PA033BF00_NIBRS,
6711792,16525,12,2014,U,,,N,F,,C,2014_12_PA033BF00_NIBRS,
6464843,16526,1,2014,U,,,N,F,,C,2014_01_PA033DE00_NIBRS,
6487293,16526,2,2014,U,,,N,F,,C,2014_02_PA033DE00_NIBRS,
6509743,16526,3,2014,U,,,N,F,,C,2014_03_PA033DE00_NIBRS,
6532193,16526,4,2014,U,,,N,F,,C,2014_04_PA033DE00_NIBRS,
6554643,16526,5,2014,U,,,N,F,,C,2014_05_PA033DE00_NIBRS,
6577093,16526,6,2014,U,,,N,F,,C,2014_06_PA033DE00_NIBRS,
6599543,16526,7,2014,U,,,N,F,,C,2014_07_PA033DE00_NIBRS,
6621993,16526,8,2014,U,,,N,F,,C,2014_08_PA033DE00_NIBRS,
6644443,16526,9,2014,U,,,N,F,,C,2014_09_PA033DE00_NIBRS,
6666893,16526,10,2014,U,,,N,F,,C,2014_10_PA033DE00_NIBRS,
6689343,16526,11,2014,U,,,N,F,,C,2014_11_PA033DE00_NIBRS,
6711793,16526,12,2014,U,,,N,F,,C,2014_12_PA033DE00_NIBRS,
6464844,16527,1,2014,U,,,N,F,,C,2014_01_PA033SP00_NIBRS,
6487294,16527,2,2014,U,,,N,F,,C,2014_02_PA033SP00_NIBRS,
6509744,16527,3,2014,U,,,N,F,,C,2014_03_PA033SP00_NIBRS,
6532194,16527,4,2014,U,,,N,F,,C,2014_04_PA033SP00_NIBRS,
6554644,16527,5,2014,U,,,N,F,,C,2014_05_PA033SP00_NIBRS,
6577094,16527,6,2014,U,,,N,F,,C,2014_06_PA033SP00_NIBRS,
6599544,16527,7,2014,U,,,N,F,,C,2014_07_PA033SP00_NIBRS,
6621994,16527,8,2014,U,,,N,F,,C,2014_08_PA033SP00_NIBRS,
6644444,16527,9,2014,U,,,N,F,,C,2014_09_PA033SP00_NIBRS,
6666894,16527,10,2014,U,,,N,F,,C,2014_10_PA033SP00_NIBRS,
6689344,16527,11,2014,U,,,N,F,,C,2014_11_PA033SP00_NIBRS,
6711794,16527,12,2014,U,,,N,F,,C,2014_12_PA033SP00_NIBRS,
6464845,16528,1,2014,U,,,N,F,,C,2014_01_PA0340000_NIBRS,
6487295,16528,2,2014,U,,,N,F,,C,2014_02_PA0340000_NIBRS,
6509745,16528,3,2014,U,,,N,F,,C,2014_03_PA0340000_NIBRS,
6532195,16528,4,2014,U,,,N,F,,C,2014_04_PA0340000_NIBRS,
6554645,16528,5,2014,U,,,N,F,,C,2014_05_PA0340000_NIBRS,
6577095,16528,6,2014,U,,,N,F,,C,2014_06_PA0340000_NIBRS,
6599545,16528,7,2014,U,,,N,F,,C,2014_07_PA0340000_NIBRS,
6621995,16528,8,2014,U,,,N,F,,C,2014_08_PA0340000_NIBRS,
6644445,16528,9,2014,U,,,N,F,,C,2014_09_PA0340000_NIBRS,
6666895,16528,10,2014,U,,,N,F,,C,2014_10_PA0340000_NIBRS,
6689345,16528,11,2014,U,,,N,F,,C,2014_11_PA0340000_NIBRS,
6711795,16528,12,2014,U,,,N,F,,C,2014_12_PA0340000_NIBRS,
6464846,16529,1,2014,U,,,N,F,,C,2014_01_PA0340400_NIBRS,
6487296,16529,2,2014,U,,,N,F,,C,2014_02_PA0340400_NIBRS,
6509746,16529,3,2014,U,,,N,F,,C,2014_03_PA0340400_NIBRS,
6532196,16529,4,2014,U,,,N,F,,C,2014_04_PA0340400_NIBRS,
6554646,16529,5,2014,U,,,N,F,,C,2014_05_PA0340400_NIBRS,
6577096,16529,6,2014,U,,,N,F,,C,2014_06_PA0340400_NIBRS,
6599546,16529,7,2014,U,,,N,F,,C,2014_07_PA0340400_NIBRS,
6621996,16529,8,2014,U,,,N,F,,C,2014_08_PA0340400_NIBRS,
6644446,16529,9,2014,U,,,N,F,,C,2014_09_PA0340400_NIBRS,
6666896,16529,10,2014,U,,,N,F,,C,2014_10_PA0340400_NIBRS,
6689346,16529,11,2014,U,,,N,F,,C,2014_11_PA0340400_NIBRS,
6711796,16529,12,2014,U,,,N,F,,C,2014_12_PA0340400_NIBRS,
6465238,16921,1,2014,U,,,N,F,,C,2014_01_PA0482800_NIBRS,
6487688,16921,2,2014,U,,,N,F,,C,2014_02_PA0482800_NIBRS,
6510138,16921,3,2014,U,,,N,F,,C,2014_03_PA0482800_NIBRS,
6532588,16921,4,2014,U,,,N,F,,C,2014_04_PA0482800_NIBRS,
6555038,16921,5,2014,U,,,N,F,,C,2014_05_PA0482800_NIBRS,
6577488,16921,6,2014,U,,,N,F,,C,2014_06_PA0482800_NIBRS,
6599938,16921,7,2014,U,,,N,F,,C,2014_07_PA0482800_NIBRS,
6622388,16921,8,2014,U,,,N,F,,C,2014_08_PA0482800_NIBRS,
6644838,16921,9,2014,U,,,N,F,,C,2014_09_PA0482800_NIBRS,
6667288,16921,10,2014,U,,,N,F,,C,2014_10_PA0482800_NIBRS,
6689738,16921,11,2014,U,,,N,F,,C,2014_11_PA0482800_NIBRS,
6712188,16921,12,2014,U,,,N,F,,C,2014_12_PA0482800_NIBRS,
6465239,16922,1,2014,U,,,N,F,,C,2014_01_PA0483100_NIBRS,
6487689,16922,2,2014,U,,,N,F,,C,2014_02_PA0483100_NIBRS,
6510139,16922,3,2014,U,,,N,F,,C,2014_03_PA0483100_NIBRS,
6532589,16922,4,2014,U,,,N,F,,C,2014_04_PA0483100_NIBRS,
6555039,16922,5,2014,U,,,N,F,,C,2014_05_PA0483100_NIBRS,
6577489,16922,6,2014,U,,,N,F,,C,2014_06_PA0483100_NIBRS,
6599939,16922,7,2014,U,,,N,F,,C,2014_07_PA0483100_NIBRS,
6622389,16922,8,2014,U,,,N,F,,C,2014_08_PA0483100_NIBRS,
6644839,16922,9,2014,U,,,N,F,,C,2014_09_PA0483100_NIBRS,
6667289,16922,10,2014,U,,,N,F,,C,2014_10_PA0483100_NIBRS,
6689739,16922,11,2014,U,,,N,F,,C,2014_11_PA0483100_NIBRS,
6712189,16922,12,2014,U,,,N,F,,C,2014_12_PA0483100_NIBRS,
6465240,16923,1,2014,U,,,N,F,,C,2014_01_PA0483200_NIBRS,
6487690,16923,2,2014,U,,,N,F,,C,2014_02_PA0483200_NIBRS,
6510140,16923,3,2014,U,,,N,F,,C,2014_03_PA0483200_NIBRS,
6532590,16923,4,2014,U,,,N,F,,C,2014_04_PA0483200_NIBRS,
6555040,16923,5,2014,U,,,N,F,,C,2014_05_PA0483200_NIBRS,
6577490,16923,6,2014,U,,,N,F,,C,2014_06_PA0483200_NIBRS,
6599940,16923,7,2014,U,,,N,F,,C,2014_07_PA0483200_NIBRS,
6622390,16923,8,2014,U,,,N,F,,C,2014_08_PA0483200_NIBRS,
6644840,16923,9,2014,U,,,N,F,,C,2014_09_PA0483200_NIBRS,
6667290,16923,10,2014,U,,,N,F,,C,2014_10_PA0483200_NIBRS,
6689740,16923,11,2014,U,,,N,F,,C,2014_11_PA0483200_NIBRS,
6712190,16923,12,2014,U,,,N,F,,C,2014_12_PA0483200_NIBRS,
6464351,16034,1,2014,U,,,N,F,,C,2014_01_PA0100200_NIBRS,
6486801,16034,2,2014,U,,,N,F,,C,2014_02_PA0100200_NIBRS,
6509251,16034,3,2014,U,,,N,F,,C,2014_03_PA0100200_NIBRS,
6531701,16034,4,2014,U,,,N,F,,C,2014_04_PA0100200_NIBRS,
6554151,16034,5,2014,U,,,N,F,,C,2014_05_PA0100200_NIBRS,
6576601,16034,6,2014,U,,,N,F,,C,2014_06_PA0100200_NIBRS,
6599051,16034,7,2014,U,,,N,F,,C,2014_07_PA0100200_NIBRS,
6621501,16034,8,2014,U,,,N,F,,C,2014_08_PA0100200_NIBRS,
6643951,16034,9,2014,U,,,N,F,,C,2014_09_PA0100200_NIBRS,
6666401,16034,10,2014,U,,,N,F,,C,2014_10_PA0100200_NIBRS,
6688851,16034,11,2014,U,,,N,F,,C,2014_11_PA0100200_NIBRS,
6711301,16034,12,2014,U,,,N,F,,C,2014_12_PA0100200_NIBRS,
6464352,16035,1,2014,U,,,N,F,,C,2014_01_PA0100300_NIBRS,
6486802,16035,2,2014,U,,,N,F,,C,2014_02_PA0100300_NIBRS,
6509252,16035,3,2014,U,,,N,F,,C,2014_03_PA0100300_NIBRS,
6531702,16035,4,2014,U,,,N,F,,C,2014_04_PA0100300_NIBRS,
6554152,16035,5,2014,U,,,N,F,,C,2014_05_PA0100300_NIBRS,
6576602,16035,6,2014,U,,,N,F,,C,2014_06_PA0100300_NIBRS,
6599052,16035,7,2014,U,,,N,F,,C,2014_07_PA0100300_NIBRS,
6621502,16035,8,2014,U,,,N,F,,C,2014_08_PA0100300_NIBRS,
6643952,16035,9,2014,U,,,N,F,,C,2014_09_PA0100300_NIBRS,
6666402,16035,10,2014,U,,,N,F,,C,2014_10_PA0100300_NIBRS,
6688852,16035,11,2014,U,,,N,F,,C,2014_11_PA0100300_NIBRS,
6711302,16035,12,2014,U,,,N,F,,C,2014_12_PA0100300_NIBRS,
6464353,16036,1,2014,U,,,N,F,,C,2014_01_PA0100400_NIBRS,
6486803,16036,2,2014,U,,,N,F,,C,2014_02_PA0100400_NIBRS,
6509253,16036,3,2014,U,,,N,F,,C,2014_03_PA0100400_NIBRS,
6531703,16036,4,2014,U,,,N,F,,C,2014_04_PA0100400_NIBRS,
6554153,16036,5,2014,U,,,N,F,,C,2014_05_PA0100400_NIBRS,
6576603,16036,6,2014,U,,,N,F,,C,2014_06_PA0100400_NIBRS,
6599053,16036,7,2014,U,,,N,F,,C,2014_07_PA0100400_NIBRS,
6621503,16036,8,2014,U,,,N,F,,C,2014_08_PA0100400_NIBRS,
6643953,16036,9,2014,U,,,N,F,,C,2014_09_PA0100400_NIBRS,
6666403,16036,10,2014,U,,,N,F,,C,2014_10_PA0100400_NIBRS,
6688853,16036,11,2014,U,,,N,F,,C,2014_11_PA0100400_NIBRS,
6711303,16036,12,2014,U,,,N,F,,C,2014_12_PA0100400_NIBRS,
6464354,16037,1,2014,U,,,N,F,,C,2014_01_PA0100500_NIBRS,
6486804,16037,2,2014,U,,,N,F,,C,2014_02_PA0100500_NIBRS,
6509254,16037,3,2014,U,,,N,F,,C,2014_03_PA0100500_NIBRS,
6531704,16037,4,2014,U,,,N,F,,C,2014_04_PA0100500_NIBRS,
6554154,16037,5,2014,U,,,N,F,,C,2014_05_PA0100500_NIBRS,
6576604,16037,6,2014,U,,,N,F,,C,2014_06_PA0100500_NIBRS,
6599054,16037,7,2014,U,,,N,F,,C,2014_07_PA0100500_NIBRS,
6621504,16037,8,2014,U,,,N,F,,C,2014_08_PA0100500_NIBRS,
6643954,16037,9,2014,U,,,N,F,,C,2014_09_PA0100500_NIBRS,
6666404,16037,10,2014,U,,,N,F,,C,2014_10_PA0100500_NIBRS,
6688854,16037,11,2014,U,,,N,F,,C,2014_11_PA0100500_NIBRS,
6711304,16037,12,2014,U,,,N,F,,C,2014_12_PA0100500_NIBRS,
6464355,16038,1,2014,U,,,N,F,,C,2014_01_PA0100600_NIBRS,
6486805,16038,2,2014,U,,,N,F,,C,2014_02_PA0100600_NIBRS,
6509255,16038,3,2014,U,,,N,F,,C,2014_03_PA0100600_NIBRS,
6531705,16038,4,2014,U,,,N,F,,C,2014_04_PA0100600_NIBRS,
6554155,16038,5,2014,U,,,N,F,,C,2014_05_PA0100600_NIBRS,
6576605,16038,6,2014,U,,,N,F,,C,2014_06_PA0100600_NIBRS,
6599055,16038,7,2014,U,,,N,F,,C,2014_07_PA0100600_NIBRS,
6621505,16038,8,2014,U,,,N,F,,C,2014_08_PA0100600_NIBRS,
6643955,16038,9,2014,U,,,N,F,,C,2014_09_PA0100600_NIBRS,
6666405,16038,10,2014,U,,,N,F,,C,2014_10_PA0100600_NIBRS,
6688855,16038,11,2014,U,,,N,F,,C,2014_11_PA0100600_NIBRS,
6711305,16038,12,2014,U,,,N,F,,C,2014_12_PA0100600_NIBRS,
6464356,16039,1,2014,U,,,N,F,,C,2014_01_PA0100700_NIBRS,
6486806,16039,2,2014,U,,,N,F,,C,2014_02_PA0100700_NIBRS,
6509256,16039,3,2014,U,,,N,F,,C,2014_03_PA0100700_NIBRS,
6531706,16039,4,2014,U,,,N,F,,C,2014_04_PA0100700_NIBRS,
6554156,16039,5,2014,U,,,N,F,,C,2014_05_PA0100700_NIBRS,
6576606,16039,6,2014,U,,,N,F,,C,2014_06_PA0100700_NIBRS,
6599056,16039,7,2014,U,,,N,F,,C,2014_07_PA0100700_NIBRS,
6621506,16039,8,2014,U,,,N,F,,C,2014_08_PA0100700_NIBRS,
6643956,16039,9,2014,U,,,N,F,,C,2014_09_PA0100700_NIBRS,
6666406,16039,10,2014,U,,,N,F,,C,2014_10_PA0100700_NIBRS,
6688856,16039,11,2014,U,,,N,F,,C,2014_11_PA0100700_NIBRS,
6711306,16039,12,2014,U,,,N,F,,C,2014_12_PA0100700_NIBRS,
6464357,16040,1,2014,U,,,N,F,,C,2014_01_PA0100800_NIBRS,
6486807,16040,2,2014,U,,,N,F,,C,2014_02_PA0100800_NIBRS,
6509257,16040,3,2014,U,,,N,F,,C,2014_03_PA0100800_NIBRS,
6531707,16040,4,2014,U,,,N,F,,C,2014_04_PA0100800_NIBRS,
6554157,16040,5,2014,U,,,N,F,,C,2014_05_PA0100800_NIBRS,
6576607,16040,6,2014,U,,,N,F,,C,2014_06_PA0100800_NIBRS,
6599057,16040,7,2014,U,,,N,F,,C,2014_07_PA0100800_NIBRS,
6621507,16040,8,2014,U,,,N,F,,C,2014_08_PA0100800_NIBRS,
6643957,16040,9,2014,U,,,N,F,,C,2014_09_PA0100800_NIBRS,
6666407,16040,10,2014,U,,,N,F,,C,2014_10_PA0100800_NIBRS,
6688857,16040,11,2014,U,,,N,F,,C,2014_11_PA0100800_NIBRS,
6711307,16040,12,2014,U,,,N,F,,C,2014_12_PA0100800_NIBRS,
6465503,17186,1,2014,U,,,N,F,,C,2014_01_PA0635400_NIBRS,
6487953,17186,2,2014,U,,,N,F,,C,2014_02_PA0635400_NIBRS,
6510403,17186,3,2014,U,,,N,F,,C,2014_03_PA0635400_NIBRS,
6532853,17186,4,2014,U,,,N,F,,C,2014_04_PA0635400_NIBRS,
6555303,17186,5,2014,U,,,N,F,,C,2014_05_PA0635400_NIBRS,
6577753,17186,6,2014,U,,,N,F,,C,2014_06_PA0635400_NIBRS,
6600203,17186,7,2014,U,,,N,F,,C,2014_07_PA0635400_NIBRS,
6622653,17186,8,2014,U,,,N,F,,C,2014_08_PA0635400_NIBRS,
6645103,17186,9,2014,U,,,N,F,,C,2014_09_PA0635400_NIBRS,
6667553,17186,10,2014,U,,,N,F,,C,2014_10_PA0635400_NIBRS,
6690003,17186,11,2014,U,,,N,F,,C,2014_11_PA0635400_NIBRS,
6712453,17186,12,2014,U,,,N,F,,C,2014_12_PA0635400_NIBRS,
6465504,17187,1,2014,U,,,N,F,,C,2014_01_PA063560X_NIBRS,
6487954,17187,2,2014,U,,,N,F,,C,2014_02_PA063560X_NIBRS,
6510404,17187,3,2014,U,,,N,F,,C,2014_03_PA063560X_NIBRS,
6532854,17187,4,2014,U,,,N,F,,C,2014_04_PA063560X_NIBRS,
6555304,17187,5,2014,U,,,N,F,,C,2014_05_PA063560X_NIBRS,
6577754,17187,6,2014,U,,,N,F,,C,2014_06_PA063560X_NIBRS,
6600204,17187,7,2014,U,,,N,F,,C,2014_07_PA063560X_NIBRS,
6622654,17187,8,2014,U,,,N,F,,C,2014_08_PA063560X_NIBRS,
6645104,17187,9,2014,U,,,N,F,,C,2014_09_PA063560X_NIBRS,
6667554,17187,10,2014,U,,,N,F,,C,2014_10_PA063560X_NIBRS,
6690004,17187,11,2014,U,,,N,F,,C,2014_11_PA063560X_NIBRS,
6712454,17187,12,2014,U,,,N,F,,C,2014_12_PA063560X_NIBRS,
6465278,16961,1,2014,U,,,N,F,,C,2014_01_PA0510000_NIBRS,
6487728,16961,2,2014,U,,,N,F,,C,2014_02_PA0510000_NIBRS,
6510178,16961,3,2014,U,,,N,F,,C,2014_03_PA0510000_NIBRS,
6532628,16961,4,2014,U,,,N,F,,C,2014_04_PA0510000_NIBRS,
6555078,16961,5,2014,U,,,N,F,,C,2014_05_PA0510000_NIBRS,
6577528,16961,6,2014,U,,,N,F,,C,2014_06_PA0510000_NIBRS,
6599978,16961,7,2014,U,,,N,F,,C,2014_07_PA0510000_NIBRS,
6622428,16961,8,2014,U,,,N,F,,C,2014_08_PA0510000_NIBRS,
6644878,16961,9,2014,U,,,N,F,,C,2014_09_PA0510000_NIBRS,
6667328,16961,10,2014,U,,,N,F,,C,2014_10_PA0510000_NIBRS,
6689778,16961,11,2014,U,,,N,F,,C,2014_11_PA0510000_NIBRS,
6712228,16961,12,2014,U,,,N,F,,C,2014_12_PA0510000_NIBRS,
6465279,16962,1,2014,U,,,N,F,,C,2014_01_PA0510100_NIBRS,
6487729,16962,2,2014,U,,,N,F,,C,2014_02_PA0510100_NIBRS,
6510179,16962,3,2014,U,,,N,F,,C,2014_03_PA0510100_NIBRS,
6532629,16962,4,2014,U,,,N,F,,C,2014_04_PA0510100_NIBRS,
6555079,16962,5,2014,U,,,N,F,,C,2014_05_PA0510100_NIBRS,
6577529,16962,6,2014,U,,,N,F,,C,2014_06_PA0510100_NIBRS,
6599979,16962,7,2014,U,,,N,F,,C,2014_07_PA0510100_NIBRS,
6622429,16962,8,2014,U,,,N,F,,C,2014_08_PA0510100_NIBRS,
6644879,16962,9,2014,U,,,N,F,,C,2014_09_PA0510100_NIBRS,
6667329,16962,10,2014,U,,,N,F,,C,2014_10_PA0510100_NIBRS,
6689779,16962,11,2014,U,,,N,F,,C,2014_11_PA0510100_NIBRS,
6712229,16962,12,2014,U,,,N,F,,C,2014_12_PA0510100_NIBRS,
6470493,23289,1,2014,U,,,N,F,,C,2014_01_PA0512600_NIBRS,
6492943,23289,2,2014,U,,,N,F,,C,2014_02_PA0512600_NIBRS,
6515393,23289,3,2014,U,,,N,F,,C,2014_03_PA0512600_NIBRS,
6537843,23289,4,2014,U,,,N,F,,C,2014_04_PA0512600_NIBRS,
6560293,23289,5,2014,U,,,N,F,,C,2014_05_PA0512600_NIBRS,
6582743,23289,6,2014,U,,,N,F,,C,2014_06_PA0512600_NIBRS,
6605193,23289,7,2014,U,,,N,F,,C,2014_07_PA0512600_NIBRS,
6627643,23289,8,2014,U,,,N,F,,C,2014_08_PA0512600_NIBRS,
6650093,23289,9,2014,U,,,N,F,,C,2014_09_PA0512600_NIBRS,
6672543,23289,10,2014,U,,,N,F,,C,2014_10_PA0512600_NIBRS,
6694993,23289,11,2014,U,,,N,F,,C,2014_11_PA0512600_NIBRS,
6717443,23289,12,2014,U,,,N,F,,C,2014_12_PA0512600_NIBRS,
6465280,16963,1,2014,U,,,N,F,,C,2014_01_PA051BF00_NIBRS,
6487730,16963,2,2014,U,,,N,F,,C,2014_02_PA051BF00_NIBRS,
6510180,16963,3,2014,U,,,N,F,,C,2014_03_PA051BF00_NIBRS,
6532630,16963,4,2014,U,,,N,F,,C,2014_04_PA051BF00_NIBRS,
6555080,16963,5,2014,U,,,N,F,,C,2014_05_PA051BF00_NIBRS,
6577530,16963,6,2014,U,,,N,F,,C,2014_06_PA051BF00_NIBRS,
6599980,16963,7,2014,U,,,N,F,,C,2014_07_PA051BF00_NIBRS,
6622430,16963,8,2014,U,,,N,F,,C,2014_08_PA051BF00_NIBRS,
6644880,16963,9,2014,U,,,N,F,,C,2014_09_PA051BF00_NIBRS,
6667330,16963,10,2014,U,,,N,F,,C,2014_10_PA051BF00_NIBRS,
6689780,16963,11,2014,U,,,N,F,,C,2014_11_PA051BF00_NIBRS,
6712230,16963,12,2014,U,,,N,F,,C,2014_12_PA051BF00_NIBRS,
6465281,16964,1,2014,U,,,N,F,,C,2014_01_PA051DE00_NIBRS,
6487731,16964,2,2014,U,,,N,F,,C,2014_02_PA051DE00_NIBRS,
6510181,16964,3,2014,U,,,N,F,,C,2014_03_PA051DE00_NIBRS,
6532631,16964,4,2014,U,,,N,F,,C,2014_04_PA051DE00_NIBRS,
6555081,16964,5,2014,U,,,N,F,,C,2014_05_PA051DE00_NIBRS,
6577531,16964,6,2014,U,,,N,F,,C,2014_06_PA051DE00_NIBRS,
6599981,16964,7,2014,U,,,N,F,,C,2014_07_PA051DE00_NIBRS,
6622431,16964,8,2014,U,,,N,F,,C,2014_08_PA051DE00_NIBRS,
6644881,16964,9,2014,U,,,N,F,,C,2014_09_PA051DE00_NIBRS,
6667331,16964,10,2014,U,,,N,F,,C,2014_10_PA051DE00_NIBRS,
6689781,16964,11,2014,U,,,N,F,,C,2014_11_PA051DE00_NIBRS,
6712231,16964,12,2014,U,,,N,F,,C,2014_12_PA051DE00_NIBRS,
6465282,16965,1,2014,U,,,N,F,,C,2014_01_PA051SP00_NIBRS,
6487732,16965,2,2014,U,,,N,F,,C,2014_02_PA051SP00_NIBRS,
6510182,16965,3,2014,U,,,N,F,,C,2014_03_PA051SP00_NIBRS,
6532632,16965,4,2014,U,,,N,F,,C,2014_04_PA051SP00_NIBRS,
6555082,16965,5,2014,U,,,N,F,,C,2014_05_PA051SP00_NIBRS,
6577532,16965,6,2014,U,,,N,F,,C,2014_06_PA051SP00_NIBRS,
6599982,16965,7,2014,U,,,N,F,,C,2014_07_PA051SP00_NIBRS,
6622432,16965,8,2014,U,,,N,F,,C,2014_08_PA051SP00_NIBRS,
6644882,16965,9,2014,U,,,N,F,,C,2014_09_PA051SP00_NIBRS,
6667332,16965,10,2014,U,,,N,F,,C,2014_10_PA051SP00_NIBRS,
6689782,16965,11,2014,U,,,N,F,,C,2014_11_PA051SP00_NIBRS,
6712232,16965,12,2014,U,,,N,F,,C,2014_12_PA051SP00_NIBRS,
6464867,16550,1,2014,U,,,N,F,,C,2014_01_PA0351700_NIBRS,
6487317,16550,2,2014,U,,,N,F,,C,2014_02_PA0351700_NIBRS,
6509767,16550,3,2014,U,,,N,F,,C,2014_03_PA0351700_NIBRS,
6532217,16550,4,2014,U,,,N,F,,C,2014_04_PA0351700_NIBRS,
6554667,16550,5,2014,U,,,N,F,,C,2014_05_PA0351700_NIBRS,
6577117,16550,6,2014,U,,,N,F,,C,2014_06_PA0351700_NIBRS,
6599567,16550,7,2014,U,,,N,F,,C,2014_07_PA0351700_NIBRS,
6622017,16550,8,2014,U,,,N,F,,C,2014_08_PA0351700_NIBRS,
6644467,16550,9,2014,U,,,N,F,,C,2014_09_PA0351700_NIBRS,
6666917,16550,10,2014,U,,,N,F,,C,2014_10_PA0351700_NIBRS,
6689367,16550,11,2014,U,,,N,F,,C,2014_11_PA0351700_NIBRS,
6711817,16550,12,2014,U,,,N,F,,C,2014_12_PA0351700_NIBRS,
6464868,16551,1,2014,U,,,N,F,,C,2014_01_PA0351800_NIBRS,
6487318,16551,2,2014,U,,,N,F,,C,2014_02_PA0351800_NIBRS,
6509768,16551,3,2014,U,,,N,F,,C,2014_03_PA0351800_NIBRS,
6532218,16551,4,2014,U,,,N,F,,C,2014_04_PA0351800_NIBRS,
6554668,16551,5,2014,U,,,N,F,,C,2014_05_PA0351800_NIBRS,
6577118,16551,6,2014,U,,,N,F,,C,2014_06_PA0351800_NIBRS,
6599568,16551,7,2014,U,,,N,F,,C,2014_07_PA0351800_NIBRS,
6622018,16551,8,2014,U,,,N,F,,C,2014_08_PA0351800_NIBRS,
6644468,16551,9,2014,U,,,N,F,,C,2014_09_PA0351800_NIBRS,
6666918,16551,10,2014,U,,,N,F,,C,2014_10_PA0351800_NIBRS,
6689368,16551,11,2014,U,,,N,F,,C,2014_11_PA0351800_NIBRS,
6711818,16551,12,2014,U,,,N,F,,C,2014_12_PA0351800_NIBRS,
6464869,16552,1,2014,U,,,N,F,,C,2014_01_PA0351900_NIBRS,
6487319,16552,2,2014,U,,,N,F,,C,2014_02_PA0351900_NIBRS,
6509769,16552,3,2014,U,,,N,F,,C,2014_03_PA0351900_NIBRS,
6532219,16552,4,2014,U,,,N,F,,C,2014_04_PA0351900_NIBRS,
6554669,16552,5,2014,U,,,N,F,,C,2014_05_PA0351900_NIBRS,
6577119,16552,6,2014,U,,,N,F,,C,2014_06_PA0351900_NIBRS,
6599569,16552,7,2014,U,,,N,F,,C,2014_07_PA0351900_NIBRS,
6622019,16552,8,2014,U,,,N,F,,C,2014_08_PA0351900_NIBRS,
6644469,16552,9,2014,U,,,N,F,,C,2014_09_PA0351900_NIBRS,
6666919,16552,10,2014,U,,,N,F,,C,2014_10_PA0351900_NIBRS,
6689369,16552,11,2014,U,,,N,F,,C,2014_11_PA0351900_NIBRS,
6711819,16552,12,2014,U,,,N,F,,C,2014_12_PA0351900_NIBRS,
6464870,16553,1,2014,U,,,N,F,,C,2014_01_PA0352000_NIBRS,
6487320,16553,2,2014,U,,,N,F,,C,2014_02_PA0352000_NIBRS,
6509770,16553,3,2014,U,,,N,F,,C,2014_03_PA0352000_NIBRS,
6532220,16553,4,2014,U,,,N,F,,C,2014_04_PA0352000_NIBRS,
6554670,16553,5,2014,U,,,N,F,,C,2014_05_PA0352000_NIBRS,
6577120,16553,6,2014,U,,,N,F,,C,2014_06_PA0352000_NIBRS,
6599570,16553,7,2014,U,,,N,F,,C,2014_07_PA0352000_NIBRS,
6622020,16553,8,2014,U,,,N,F,,C,2014_08_PA0352000_NIBRS,
6644470,16553,9,2014,U,,,N,F,,C,2014_09_PA0352000_NIBRS,
6666920,16553,10,2014,U,,,N,F,,C,2014_10_PA0352000_NIBRS,
6689370,16553,11,2014,U,,,N,F,,C,2014_11_PA0352000_NIBRS,
6711820,16553,12,2014,U,,,N,F,,C,2014_12_PA0352000_NIBRS,
6470469,23265,1,2014,U,,,N,F,,C,2014_01_PA0352100_NIBRS,
6492919,23265,2,2014,U,,,N,F,,C,2014_02_PA0352100_NIBRS,
6515369,23265,3,2014,U,,,N,F,,C,2014_03_PA0352100_NIBRS,
6537819,23265,4,2014,U,,,N,F,,C,2014_04_PA0352100_NIBRS,
6560269,23265,5,2014,U,,,N,F,,C,2014_05_PA0352100_NIBRS,
6582719,23265,6,2014,U,,,N,F,,C,2014_06_PA0352100_NIBRS,
6605169,23265,7,2014,U,,,N,F,,C,2014_07_PA0352100_NIBRS,
6627619,23265,8,2014,U,,,N,F,,C,2014_08_PA0352100_NIBRS,
6650069,23265,9,2014,U,,,N,F,,C,2014_09_PA0352100_NIBRS,
6672519,23265,10,2014,U,,,N,F,,C,2014_10_PA0352100_NIBRS,
6694969,23265,11,2014,U,,,N,F,,C,2014_11_PA0352100_NIBRS,
6717419,23265,12,2014,U,,,N,F,,C,2014_12_PA0352100_NIBRS,
6464871,16554,1,2014,U,,,N,F,,C,2014_01_PA0352200_NIBRS,
6487321,16554,2,2014,U,,,N,F,,C,2014_02_PA0352200_NIBRS,
6509771,16554,3,2014,U,,,N,F,,C,2014_03_PA0352200_NIBRS,
6532221,16554,4,2014,U,,,N,F,,C,2014_04_PA0352200_NIBRS,
6554671,16554,5,2014,U,,,N,F,,C,2014_05_PA0352200_NIBRS,
6577121,16554,6,2014,U,,,N,F,,C,2014_06_PA0352200_NIBRS,
6599571,16554,7,2014,U,,,N,F,,C,2014_07_PA0352200_NIBRS,
6622021,16554,8,2014,U,,,N,F,,C,2014_08_PA0352200_NIBRS,
6644471,16554,9,2014,U,,,N,F,,C,2014_09_PA0352200_NIBRS,
6666921,16554,10,2014,U,,,N,F,,C,2014_10_PA0352200_NIBRS,
6689371,16554,11,2014,U,,,N,F,,C,2014_11_PA0352200_NIBRS,
6711821,16554,12,2014,U,,,N,F,,C,2014_12_PA0352200_NIBRS,
6464872,16555,1,2014,U,,,N,F,,C,2014_01_PA0352300_NIBRS,
6487322,16555,2,2014,U,,,N,F,,C,2014_02_PA0352300_NIBRS,
6509772,16555,3,2014,U,,,N,F,,C,2014_03_PA0352300_NIBRS,
6532222,16555,4,2014,U,,,N,F,,C,2014_04_PA0352300_NIBRS,
6554672,16555,5,2014,U,,,N,F,,C,2014_05_PA0352300_NIBRS,
6577122,16555,6,2014,U,,,N,F,,C,2014_06_PA0352300_NIBRS,
6599572,16555,7,2014,U,,,N,F,,C,2014_07_PA0352300_NIBRS,
6622022,16555,8,2014,U,,,N,F,,C,2014_08_PA0352300_NIBRS,
6644472,16555,9,2014,U,,,N,F,,C,2014_09_PA0352300_NIBRS,
6666922,16555,10,2014,U,,,N,F,,C,2014_10_PA0352300_NIBRS,
6689372,16555,11,2014,U,,,N,F,,C,2014_11_PA0352300_NIBRS,
6711822,16555,12,2014,U,,,N,F,,C,2014_12_PA0352300_NIBRS,
6464873,16556,1,2014,U,,,N,F,,C,2014_01_PA0352400_NIBRS,
6487323,16556,2,2014,U,,,N,F,,C,2014_02_PA0352400_NIBRS,
6509773,16556,3,2014,U,,,N,F,,C,2014_03_PA0352400_NIBRS,
6532223,16556,4,2014,U,,,N,F,,C,2014_04_PA0352400_NIBRS,
6554673,16556,5,2014,U,,,N,F,,C,2014_05_PA0352400_NIBRS,
6577123,16556,6,2014,U,,,N,F,,C,2014_06_PA0352400_NIBRS,
6599573,16556,7,2014,U,,,N,F,,C,2014_07_PA0352400_NIBRS,
6622023,16556,8,2014,U,,,N,F,,C,2014_08_PA0352400_NIBRS,
6644473,16556,9,2014,U,,,N,F,,C,2014_09_PA0352400_NIBRS,
6666923,16556,10,2014,U,,,N,F,,C,2014_10_PA0352400_NIBRS,
6689373,16556,11,2014,U,,,N,F,,C,2014_11_PA0352400_NIBRS,
6711823,16556,12,2014,U,,,N,F,,C,2014_12_PA0352400_NIBRS,
6464874,16557,1,2014,U,,,N,F,,C,2014_01_PA0352500_NIBRS,
6487324,16557,2,2014,U,,,N,F,,C,2014_02_PA0352500_NIBRS,
6509774,16557,3,2014,U,,,N,F,,C,2014_03_PA0352500_NIBRS,
6532224,16557,4,2014,U,,,N,F,,C,2014_04_PA0352500_NIBRS,
6554674,16557,5,2014,U,,,N,F,,C,2014_05_PA0352500_NIBRS,
6577124,16557,6,2014,U,,,N,F,,C,2014_06_PA0352500_NIBRS,
6599574,16557,7,2014,U,,,N,F,,C,2014_07_PA0352500_NIBRS,
6622024,16557,8,2014,U,,,N,F,,C,2014_08_PA0352500_NIBRS,
6644474,16557,9,2014,U,,,N,F,,C,2014_09_PA0352500_NIBRS,
6666924,16557,10,2014,U,,,N,F,,C,2014_10_PA0352500_NIBRS,
6689374,16557,11,2014,U,,,N,F,,C,2014_11_PA0352500_NIBRS,
6711824,16557,12,2014,U,,,N,F,,C,2014_12_PA0352500_NIBRS,
6464875,16558,1,2014,U,,,N,F,,C,2014_01_PA0352600_NIBRS,
6487325,16558,2,2014,U,,,N,F,,C,2014_02_PA0352600_NIBRS,
6509775,16558,3,2014,U,,,N,F,,C,2014_03_PA0352600_NIBRS,
6532225,16558,4,2014,U,,,N,F,,C,2014_04_PA0352600_NIBRS,
6554675,16558,5,2014,U,,,N,F,,C,2014_05_PA0352600_NIBRS,
6577125,16558,6,2014,U,,,N,F,,C,2014_06_PA0352600_NIBRS,
6599575,16558,7,2014,U,,,N,F,,C,2014_07_PA0352600_NIBRS,
6622025,16558,8,2014,U,,,N,F,,C,2014_08_PA0352600_NIBRS,
6644475,16558,9,2014,U,,,N,F,,C,2014_09_PA0352600_NIBRS,
6666925,16558,10,2014,U,,,N,F,,C,2014_10_PA0352600_NIBRS,
6689375,16558,11,2014,U,,,N,F,,C,2014_11_PA0352600_NIBRS,
6711825,16558,12,2014,U,,,N,F,,C,2014_12_PA0352600_NIBRS,
6464876,16559,1,2014,U,,,N,F,,C,2014_01_PA0352700_NIBRS,
6487326,16559,2,2014,U,,,N,F,,C,2014_02_PA0352700_NIBRS,
6509776,16559,3,2014,U,,,N,F,,C,2014_03_PA0352700_NIBRS,
6532226,16559,4,2014,U,,,N,F,,C,2014_04_PA0352700_NIBRS,
6554676,16559,5,2014,U,,,N,F,,C,2014_05_PA0352700_NIBRS,
6577126,16559,6,2014,U,,,N,F,,C,2014_06_PA0352700_NIBRS,
6599576,16559,7,2014,U,,,N,F,,C,2014_07_PA0352700_NIBRS,
6622026,16559,8,2014,U,,,N,F,,C,2014_08_PA0352700_NIBRS,
6644476,16559,9,2014,U,,,N,F,,C,2014_09_PA0352700_NIBRS,
6666926,16559,10,2014,U,,,N,F,,C,2014_10_PA0352700_NIBRS,
6689376,16559,11,2014,U,,,N,F,,C,2014_11_PA0352700_NIBRS,
6711826,16559,12,2014,U,,,N,F,,C,2014_12_PA0352700_NIBRS,
6464877,16560,1,2014,U,,,N,F,,C,2014_01_PA0352800_NIBRS,
6487327,16560,2,2014,U,,,N,F,,C,2014_02_PA0352800_NIBRS,
6509777,16560,3,2014,U,,,N,F,,C,2014_03_PA0352800_NIBRS,
6532227,16560,4,2014,U,,,N,F,,C,2014_04_PA0352800_NIBRS,
6554677,16560,5,2014,U,,,N,F,,C,2014_05_PA0352800_NIBRS,
6577127,16560,6,2014,U,,,N,F,,C,2014_06_PA0352800_NIBRS,
6599577,16560,7,2014,U,,,N,F,,C,2014_07_PA0352800_NIBRS,
6622027,16560,8,2014,U,,,N,F,,C,2014_08_PA0352800_NIBRS,
6644477,16560,9,2014,U,,,N,F,,C,2014_09_PA0352800_NIBRS,
6666927,16560,10,2014,U,,,N,F,,C,2014_10_PA0352800_NIBRS,
6689377,16560,11,2014,U,,,N,F,,C,2014_11_PA0352800_NIBRS,
6711827,16560,12,2014,U,,,N,F,,C,2014_12_PA0352800_NIBRS,
6464878,16561,1,2014,U,,,N,F,,C,2014_01_PA0352900_NIBRS,
6487328,16561,2,2014,U,,,N,F,,C,2014_02_PA0352900_NIBRS,
6509778,16561,3,2014,U,,,N,F,,C,2014_03_PA0352900_NIBRS,
6532228,16561,4,2014,U,,,N,F,,C,2014_04_PA0352900_NIBRS,
6554678,16561,5,2014,U,,,N,F,,C,2014_05_PA0352900_NIBRS,
6577128,16561,6,2014,U,,,N,F,,C,2014_06_PA0352900_NIBRS,
6599578,16561,7,2014,U,,,N,F,,C,2014_07_PA0352900_NIBRS,
6622028,16561,8,2014,U,,,N,F,,C,2014_08_PA0352900_NIBRS,
6644478,16561,9,2014,U,,,N,F,,C,2014_09_PA0352900_NIBRS,
6666928,16561,10,2014,U,,,N,F,,C,2014_10_PA0352900_NIBRS,
6689378,16561,11,2014,U,,,N,F,,C,2014_11_PA0352900_NIBRS,
6711828,16561,12,2014,U,,,N,F,,C,2014_12_PA0352900_NIBRS,
6464879,16562,1,2014,U,,,N,F,,C,2014_01_PA0353000_NIBRS,
6487329,16562,2,2014,U,,,N,F,,C,2014_02_PA0353000_NIBRS,
6509779,16562,3,2014,U,,,N,F,,C,2014_03_PA0353000_NIBRS,
6532229,16562,4,2014,U,,,N,F,,C,2014_04_PA0353000_NIBRS,
6554679,16562,5,2014,U,,,N,F,,C,2014_05_PA0353000_NIBRS,
6577129,16562,6,2014,U,,,N,F,,C,2014_06_PA0353000_NIBRS,
6599579,16562,7,2014,U,,,N,F,,C,2014_07_PA0353000_NIBRS,
6622029,16562,8,2014,U,,,N,F,,C,2014_08_PA0353000_NIBRS,
6644479,16562,9,2014,U,,,N,F,,C,2014_09_PA0353000_NIBRS,
6666929,16562,10,2014,U,,,N,F,,C,2014_10_PA0353000_NIBRS,
6689379,16562,11,2014,U,,,N,F,,C,2014_11_PA0353000_NIBRS,
6711829,16562,12,2014,U,,,N,F,,C,2014_12_PA0353000_NIBRS,
6464880,16563,1,2014,U,,,N,F,,C,2014_01_PA0353100_NIBRS,
6487330,16563,2,2014,U,,,N,F,,C,2014_02_PA0353100_NIBRS,
6509780,16563,3,2014,U,,,N,F,,C,2014_03_PA0353100_NIBRS,
6532230,16563,4,2014,U,,,N,F,,C,2014_04_PA0353100_NIBRS,
6554680,16563,5,2014,U,,,N,F,,C,2014_05_PA0353100_NIBRS,
6577130,16563,6,2014,U,,,N,F,,C,2014_06_PA0353100_NIBRS,
6599580,16563,7,2014,U,,,N,F,,C,2014_07_PA0353100_NIBRS,
6622030,16563,8,2014,U,,,N,F,,C,2014_08_PA0353100_NIBRS,
6644480,16563,9,2014,U,,,N,F,,C,2014_09_PA0353100_NIBRS,
6666930,16563,10,2014,U,,,N,F,,C,2014_10_PA0353100_NIBRS,
6689380,16563,11,2014,U,,,N,F,,C,2014_11_PA0353100_NIBRS,
6711830,16563,12,2014,U,,,N,F,,C,2014_12_PA0353100_NIBRS,
6464881,16564,1,2014,U,,,N,F,,C,2014_01_PA0353300_NIBRS,
6487331,16564,2,2014,U,,,N,F,,C,2014_02_PA0353300_NIBRS,
6509781,16564,3,2014,U,,,N,F,,C,2014_03_PA0353300_NIBRS,
6532231,16564,4,2014,U,,,N,F,,C,2014_04_PA0353300_NIBRS,
6554681,16564,5,2014,U,,,N,F,,C,2014_05_PA0353300_NIBRS,
6577131,16564,6,2014,U,,,N,F,,C,2014_06_PA0353300_NIBRS,
6599581,16564,7,2014,U,,,N,F,,C,2014_07_PA0353300_NIBRS,
6622031,16564,8,2014,U,,,N,F,,C,2014_08_PA0353300_NIBRS,
6644481,16564,9,2014,U,,,N,F,,C,2014_09_PA0353300_NIBRS,
6666931,16564,10,2014,U,,,N,F,,C,2014_10_PA0353300_NIBRS,
6689381,16564,11,2014,U,,,N,F,,C,2014_11_PA0353300_NIBRS,
6711831,16564,12,2014,U,,,N,F,,C,2014_12_PA0353300_NIBRS,
6464882,16565,1,2014,U,,,N,F,,C,2014_01_PA035389E_NIBRS,
6487332,16565,2,2014,U,,,N,F,,C,2014_02_PA035389E_NIBRS,
6509782,16565,3,2014,U,,,N,F,,C,2014_03_PA035389E_NIBRS,
6532232,16565,4,2014,U,,,N,F,,C,2014_04_PA035389E_NIBRS,
6554682,16565,5,2014,U,,,N,F,,C,2014_05_PA035389E_NIBRS,
6577132,16565,6,2014,U,,,N,F,,C,2014_06_PA035389E_NIBRS,
6599582,16565,7,2014,U,,,N,F,,C,2014_07_PA035389E_NIBRS,
6622032,16565,8,2014,U,,,N,F,,C,2014_08_PA035389E_NIBRS,
6644482,16565,9,2014,U,,,N,F,,C,2014_09_PA035389E_NIBRS,
6666932,16565,10,2014,U,,,N,F,,C,2014_10_PA035389E_NIBRS,
6689382,16565,11,2014,U,,,N,F,,C,2014_11_PA035389E_NIBRS,
6711832,16565,12,2014,U,,,N,F,,C,2014_12_PA035389E_NIBRS,
6464883,16566,1,2014,U,,,N,F,,C,2014_01_PA035BF00_NIBRS,
6487333,16566,2,2014,U,,,N,F,,C,2014_02_PA035BF00_NIBRS,
6509783,16566,3,2014,U,,,N,F,,C,2014_03_PA035BF00_NIBRS,
6532233,16566,4,2014,U,,,N,F,,C,2014_04_PA035BF00_NIBRS,
6554683,16566,5,2014,U,,,N,F,,C,2014_05_PA035BF00_NIBRS,
6577133,16566,6,2014,U,,,N,F,,C,2014_06_PA035BF00_NIBRS,
6599583,16566,7,2014,U,,,N,F,,C,2014_07_PA035BF00_NIBRS,
6622033,16566,8,2014,U,,,N,F,,C,2014_08_PA035BF00_NIBRS,
6644483,16566,9,2014,U,,,N,F,,C,2014_09_PA035BF00_NIBRS,
6666933,16566,10,2014,U,,,N,F,,C,2014_10_PA035BF00_NIBRS,
6689383,16566,11,2014,U,,,N,F,,C,2014_11_PA035BF00_NIBRS,
6711833,16566,12,2014,U,,,N,F,,C,2014_12_PA035BF00_NIBRS,
6464884,16567,1,2014,U,,,N,F,,C,2014_01_PA035DE00_NIBRS,
6487334,16567,2,2014,U,,,N,F,,C,2014_02_PA035DE00_NIBRS,
6509784,16567,3,2014,U,,,N,F,,C,2014_03_PA035DE00_NIBRS,
6532234,16567,4,2014,U,,,N,F,,C,2014_04_PA035DE00_NIBRS,
6554684,16567,5,2014,U,,,N,F,,C,2014_05_PA035DE00_NIBRS,
6577134,16567,6,2014,U,,,N,F,,C,2014_06_PA035DE00_NIBRS,
6599584,16567,7,2014,U,,,N,F,,C,2014_07_PA035DE00_NIBRS,
6622034,16567,8,2014,U,,,N,F,,C,2014_08_PA035DE00_NIBRS,
6644484,16567,9,2014,U,,,N,F,,C,2014_09_PA035DE00_NIBRS,
6666934,16567,10,2014,U,,,N,F,,C,2014_10_PA035DE00_NIBRS,
6689384,16567,11,2014,U,,,N,F,,C,2014_11_PA035DE00_NIBRS,
6711834,16567,12,2014,U,,,N,F,,C,2014_12_PA035DE00_NIBRS,
6464885,16568,1,2014,U,,,N,F,,C,2014_01_PA035SP00_NIBRS,
6487335,16568,2,2014,U,,,N,F,,C,2014_02_PA035SP00_NIBRS,
6509785,16568,3,2014,U,,,N,F,,C,2014_03_PA035SP00_NIBRS,
6532235,16568,4,2014,U,,,N,F,,C,2014_04_PA035SP00_NIBRS,
6554685,16568,5,2014,U,,,N,F,,C,2014_05_PA035SP00_NIBRS,
6577135,16568,6,2014,U,,,N,F,,C,2014_06_PA035SP00_NIBRS,
6599585,16568,7,2014,U,,,N,F,,C,2014_07_PA035SP00_NIBRS,
6622035,16568,8,2014,U,,,N,F,,C,2014_08_PA035SP00_NIBRS,
6644485,16568,9,2014,U,,,N,F,,C,2014_09_PA035SP00_NIBRS,
6666935,16568,10,2014,U,,,N,F,,C,2014_10_PA035SP00_NIBRS,
6689385,16568,11,2014,U,,,N,F,,C,2014_11_PA035SP00_NIBRS,
6711835,16568,12,2014,U,,,N,F,,C,2014_12_PA035SP00_NIBRS,
6464886,16569,1,2014,U,,,N,F,,C,2014_01_PA0360000_NIBRS,
6487336,16569,2,2014,U,,,N,F,,C,2014_02_PA0360000_NIBRS,
6509786,16569,3,2014,U,,,N,F,,C,2014_03_PA0360000_NIBRS,
6532236,16569,4,2014,U,,,N,F,,C,2014_04_PA0360000_NIBRS,
6554686,16569,5,2014,U,,,N,F,,C,2014_05_PA0360000_NIBRS,
6577136,16569,6,2014,U,,,N,F,,C,2014_06_PA0360000_NIBRS,
6599586,16569,7,2014,U,,,N,F,,C,2014_07_PA0360000_NIBRS,
6622036,16569,8,2014,U,,,N,F,,C,2014_08_PA0360000_NIBRS,
6644486,16569,9,2014,U,,,N,F,,C,2014_09_PA0360000_NIBRS,
6666936,16569,10,2014,U,,,N,F,,C,2014_10_PA0360000_NIBRS,
6689386,16569,11,2014,U,,,N,F,,C,2014_11_PA0360000_NIBRS,
6711836,16569,12,2014,U,,,N,F,,C,2014_12_PA0360000_NIBRS,
6464887,16570,1,2014,U,,,N,F,,C,2014_01_PA0360100_NIBRS,
6487337,16570,2,2014,U,,,N,F,,C,2014_02_PA0360100_NIBRS,
6509787,16570,3,2014,U,,,N,F,,C,2014_03_PA0360100_NIBRS,
6532237,16570,4,2014,U,,,N,F,,C,2014_04_PA0360100_NIBRS,
6554687,16570,5,2014,U,,,N,F,,C,2014_05_PA0360100_NIBRS,
6577137,16570,6,2014,U,,,N,F,,C,2014_06_PA0360100_NIBRS,
6599587,16570,7,2014,U,,,N,F,,C,2014_07_PA0360100_NIBRS,
6622037,16570,8,2014,U,,,N,F,,C,2014_08_PA0360100_NIBRS,
6644487,16570,9,2014,U,,,N,F,,C,2014_09_PA0360100_NIBRS,
6666937,16570,10,2014,U,,,N,F,,C,2014_10_PA0360100_NIBRS,
6689387,16570,11,2014,U,,,N,F,,C,2014_11_PA0360100_NIBRS,
6711837,16570,12,2014,U,,,N,F,,C,2014_12_PA0360100_NIBRS,
6464888,16571,1,2014,U,,,N,F,,C,2014_01_PA0360200_NIBRS,
6487338,16571,2,2014,U,,,N,F,,C,2014_02_PA0360200_NIBRS,
6509788,16571,3,2014,U,,,N,F,,C,2014_03_PA0360200_NIBRS,
6532238,16571,4,2014,U,,,N,F,,C,2014_04_PA0360200_NIBRS,
6554688,16571,5,2014,U,,,N,F,,C,2014_05_PA0360200_NIBRS,
6577138,16571,6,2014,U,,,N,F,,C,2014_06_PA0360200_NIBRS,
6599588,16571,7,2014,U,,,N,F,,C,2014_07_PA0360200_NIBRS,
6622038,16571,8,2014,U,,,N,F,,C,2014_08_PA0360200_NIBRS,
6644488,16571,9,2014,U,,,N,F,,C,2014_09_PA0360200_NIBRS,
6666938,16571,10,2014,U,,,N,F,,C,2014_10_PA0360200_NIBRS,
6689388,16571,11,2014,U,,,N,F,,C,2014_11_PA0360200_NIBRS,
6711838,16571,12,2014,U,,,N,F,,C,2014_12_PA0360200_NIBRS,
6464889,16572,1,2014,U,,,N,F,,C,2014_01_PA0360300_NIBRS,
6487339,16572,2,2014,U,,,N,F,,C,2014_02_PA0360300_NIBRS,
6509789,16572,3,2014,U,,,N,F,,C,2014_03_PA0360300_NIBRS,
6532239,16572,4,2014,U,,,N,F,,C,2014_04_PA0360300_NIBRS,
6554689,16572,5,2014,U,,,N,F,,C,2014_05_PA0360300_NIBRS,
6577139,16572,6,2014,U,,,N,F,,C,2014_06_PA0360300_NIBRS,
6599589,16572,7,2014,U,,,N,F,,C,2014_07_PA0360300_NIBRS,
6622039,16572,8,2014,U,,,N,F,,C,2014_08_PA0360300_NIBRS,
6644489,16572,9,2014,U,,,N,F,,C,2014_09_PA0360300_NIBRS,
6666939,16572,10,2014,U,,,N,F,,C,2014_10_PA0360300_NIBRS,
6689389,16572,11,2014,U,,,N,F,,C,2014_11_PA0360300_NIBRS,
6711839,16572,12,2014,U,,,N,F,,C,2014_12_PA0360300_NIBRS,
6464890,16573,1,2014,U,,,N,F,,C,2014_01_PA0360400_NIBRS,
6487340,16573,2,2014,U,,,N,F,,C,2014_02_PA0360400_NIBRS,
6509790,16573,3,2014,U,,,N,F,,C,2014_03_PA0360400_NIBRS,
6532240,16573,4,2014,U,,,N,F,,C,2014_04_PA0360400_NIBRS,
6554690,16573,5,2014,U,,,N,F,,C,2014_05_PA0360400_NIBRS,
6577140,16573,6,2014,U,,,N,F,,C,2014_06_PA0360400_NIBRS,
6599590,16573,7,2014,U,,,N,F,,C,2014_07_PA0360400_NIBRS,
6622040,16573,8,2014,U,,,N,F,,C,2014_08_PA0360400_NIBRS,
6644490,16573,9,2014,U,,,N,F,,C,2014_09_PA0360400_NIBRS,
6666940,16573,10,2014,U,,,N,F,,C,2014_10_PA0360400_NIBRS,
6689390,16573,11,2014,U,,,N,F,,C,2014_11_PA0360400_NIBRS,
6711840,16573,12,2014,U,,,N,F,,C,2014_12_PA0360400_NIBRS,
6464891,16574,1,2014,U,,,N,F,,C,2014_01_PA0360500_NIBRS,
6487341,16574,2,2014,U,,,N,F,,C,2014_02_PA0360500_NIBRS,
6509791,16574,3,2014,U,,,N,F,,C,2014_03_PA0360500_NIBRS,
6532241,16574,4,2014,U,,,N,F,,C,2014_04_PA0360500_NIBRS,
6554691,16574,5,2014,U,,,N,F,,C,2014_05_PA0360500_NIBRS,
6577141,16574,6,2014,U,,,N,F,,C,2014_06_PA0360500_NIBRS,
6599591,16574,7,2014,U,,,N,F,,C,2014_07_PA0360500_NIBRS,
6622041,16574,8,2014,U,,,N,F,,C,2014_08_PA0360500_NIBRS,
6644491,16574,9,2014,U,,,N,F,,C,2014_09_PA0360500_NIBRS,
6666941,16574,10,2014,U,,,N,F,,C,2014_10_PA0360500_NIBRS,
6689391,16574,11,2014,U,,,N,F,,C,2014_11_PA0360500_NIBRS,
6711841,16574,12,2014,U,,,N,F,,C,2014_12_PA0360500_NIBRS,
6464892,16575,1,2014,U,,,N,F,,C,2014_01_PA0360600_NIBRS,
6487342,16575,2,2014,U,,,N,F,,C,2014_02_PA0360600_NIBRS,
6509792,16575,3,2014,U,,,N,F,,C,2014_03_PA0360600_NIBRS,
6532242,16575,4,2014,U,,,N,F,,C,2014_04_PA0360600_NIBRS,
6554692,16575,5,2014,U,,,N,F,,C,2014_05_PA0360600_NIBRS,
6577142,16575,6,2014,U,,,N,F,,C,2014_06_PA0360600_NIBRS,
6599592,16575,7,2014,U,,,N,F,,C,2014_07_PA0360600_NIBRS,
6622042,16575,8,2014,U,,,N,F,,C,2014_08_PA0360600_NIBRS,
6644492,16575,9,2014,U,,,N,F,,C,2014_09_PA0360600_NIBRS,
6666942,16575,10,2014,U,,,N,F,,C,2014_10_PA0360600_NIBRS,
6689392,16575,11,2014,U,,,N,F,,C,2014_11_PA0360600_NIBRS,
6711842,16575,12,2014,U,,,N,F,,C,2014_12_PA0360600_NIBRS,
6464893,16576,1,2014,U,,,N,F,,C,2014_01_PA0360700_NIBRS,
6487343,16576,2,2014,U,,,N,F,,C,2014_02_PA0360700_NIBRS,
6509793,16576,3,2014,U,,,N,F,,C,2014_03_PA0360700_NIBRS,
6532243,16576,4,2014,U,,,N,F,,C,2014_04_PA0360700_NIBRS,
6554693,16576,5,2014,U,,,N,F,,C,2014_05_PA0360700_NIBRS,
6577143,16576,6,2014,U,,,N,F,,C,2014_06_PA0360700_NIBRS,
6599593,16576,7,2014,U,,,N,F,,C,2014_07_PA0360700_NIBRS,
6622043,16576,8,2014,U,,,N,F,,C,2014_08_PA0360700_NIBRS,
6644493,16576,9,2014,U,,,N,F,,C,2014_09_PA0360700_NIBRS,
6666943,16576,10,2014,U,,,N,F,,C,2014_10_PA0360700_NIBRS,
6689393,16576,11,2014,U,,,N,F,,C,2014_11_PA0360700_NIBRS,
6711843,16576,12,2014,U,,,N,F,,C,2014_12_PA0360700_NIBRS,
6464894,16577,1,2014,U,,,N,F,,C,2014_01_PA0360800_NIBRS,
6487344,16577,2,2014,U,,,N,F,,C,2014_02_PA0360800_NIBRS,
6509794,16577,3,2014,U,,,N,F,,C,2014_03_PA0360800_NIBRS,
6532244,16577,4,2014,U,,,N,F,,C,2014_04_PA0360800_NIBRS,
6554694,16577,5,2014,U,,,N,F,,C,2014_05_PA0360800_NIBRS,
6577144,16577,6,2014,U,,,N,F,,C,2014_06_PA0360800_NIBRS,
6599594,16577,7,2014,U,,,N,F,,C,2014_07_PA0360800_NIBRS,
6622044,16577,8,2014,U,,,N,F,,C,2014_08_PA0360800_NIBRS,
6644494,16577,9,2014,U,,,N,F,,C,2014_09_PA0360800_NIBRS,
6666944,16577,10,2014,U,,,N,F,,C,2014_10_PA0360800_NIBRS,
6689394,16577,11,2014,U,,,N,F,,C,2014_11_PA0360800_NIBRS,
6711844,16577,12,2014,U,,,N,F,,C,2014_12_PA0360800_NIBRS,
6464895,16578,1,2014,U,,,N,F,,C,2014_01_PA0360900_NIBRS,
6487345,16578,2,2014,U,,,N,F,,C,2014_02_PA0360900_NIBRS,
6509795,16578,3,2014,U,,,N,F,,C,2014_03_PA0360900_NIBRS,
6532245,16578,4,2014,U,,,N,F,,C,2014_04_PA0360900_NIBRS,
6554695,16578,5,2014,U,,,N,F,,C,2014_05_PA0360900_NIBRS,
6577145,16578,6,2014,U,,,N,F,,C,2014_06_PA0360900_NIBRS,
6599595,16578,7,2014,U,,,N,F,,C,2014_07_PA0360900_NIBRS,
6622045,16578,8,2014,U,,,N,F,,C,2014_08_PA0360900_NIBRS,
6644495,16578,9,2014,U,,,N,F,,C,2014_09_PA0360900_NIBRS,
6666945,16578,10,2014,U,,,N,F,,C,2014_10_PA0360900_NIBRS,
6689395,16578,11,2014,U,,,N,F,,C,2014_11_PA0360900_NIBRS,
6711845,16578,12,2014,U,,,N,F,,C,2014_12_PA0360900_NIBRS,
6464896,16579,1,2014,U,,,N,F,,C,2014_01_PA0361000_NIBRS,
6487346,16579,2,2014,U,,,N,F,,C,2014_02_PA0361000_NIBRS,
6509796,16579,3,2014,U,,,N,F,,C,2014_03_PA0361000_NIBRS,
6532246,16579,4,2014,U,,,N,F,,C,2014_04_PA0361000_NIBRS,
6554696,16579,5,2014,U,,,N,F,,C,2014_05_PA0361000_NIBRS,
6577146,16579,6,2014,U,,,N,F,,C,2014_06_PA0361000_NIBRS,
6599596,16579,7,2014,U,,,N,F,,C,2014_07_PA0361000_NIBRS,
6622046,16579,8,2014,U,,,N,F,,C,2014_08_PA0361000_NIBRS,
6644496,16579,9,2014,U,,,N,F,,C,2014_09_PA0361000_NIBRS,
6666946,16579,10,2014,U,,,N,F,,C,2014_10_PA0361000_NIBRS,
6689396,16579,11,2014,U,,,N,F,,C,2014_11_PA0361000_NIBRS,
6711846,16579,12,2014,U,,,N,F,,C,2014_12_PA0361000_NIBRS,
6464897,16580,1,2014,U,,,N,F,,C,2014_01_PA0361100_NIBRS,
6487347,16580,2,2014,U,,,N,F,,C,2014_02_PA0361100_NIBRS,
6509797,16580,3,2014,U,,,N,F,,C,2014_03_PA0361100_NIBRS,
6532247,16580,4,2014,U,,,N,F,,C,2014_04_PA0361100_NIBRS,
6554697,16580,5,2014,U,,,N,F,,C,2014_05_PA0361100_NIBRS,
6577147,16580,6,2014,U,,,N,F,,C,2014_06_PA0361100_NIBRS,
6599597,16580,7,2014,U,,,N,F,,C,2014_07_PA0361100_NIBRS,
6622047,16580,8,2014,U,,,N,F,,C,2014_08_PA0361100_NIBRS,
6644497,16580,9,2014,U,,,N,F,,C,2014_09_PA0361100_NIBRS,
6666947,16580,10,2014,U,,,N,F,,C,2014_10_PA0361100_NIBRS,
6689397,16580,11,2014,U,,,N,F,,C,2014_11_PA0361100_NIBRS,
6711847,16580,12,2014,U,,,N,F,,C,2014_12_PA0361100_NIBRS,
6464898,16581,1,2014,U,,,N,F,,C,2014_01_PA0361200_NIBRS,
6487348,16581,2,2014,U,,,N,F,,C,2014_02_PA0361200_NIBRS,
6509798,16581,3,2014,U,,,N,F,,C,2014_03_PA0361200_NIBRS,
6532248,16581,4,2014,U,,,N,F,,C,2014_04_PA0361200_NIBRS,
6554698,16581,5,2014,U,,,N,F,,C,2014_05_PA0361200_NIBRS,
6577148,16581,6,2014,U,,,N,F,,C,2014_06_PA0361200_NIBRS,
6599598,16581,7,2014,U,,,N,F,,C,2014_07_PA0361200_NIBRS,
6622048,16581,8,2014,U,,,N,F,,C,2014_08_PA0361200_NIBRS,
6644498,16581,9,2014,U,,,N,F,,C,2014_09_PA0361200_NIBRS,
6666948,16581,10,2014,U,,,N,F,,C,2014_10_PA0361200_NIBRS,
6689398,16581,11,2014,U,,,N,F,,C,2014_11_PA0361200_NIBRS,
6711848,16581,12,2014,U,,,N,F,,C,2014_12_PA0361200_NIBRS,
6464899,16582,1,2014,U,,,N,F,,C,2014_01_PA0361300_NIBRS,
6487349,16582,2,2014,U,,,N,F,,C,2014_02_PA0361300_NIBRS,
6509799,16582,3,2014,U,,,N,F,,C,2014_03_PA0361300_NIBRS,
6532249,16582,4,2014,U,,,N,F,,C,2014_04_PA0361300_NIBRS,
6554699,16582,5,2014,U,,,N,F,,C,2014_05_PA0361300_NIBRS,
6577149,16582,6,2014,U,,,N,F,,C,2014_06_PA0361300_NIBRS,
6599599,16582,7,2014,U,,,N,F,,C,2014_07_PA0361300_NIBRS,
6622049,16582,8,2014,U,,,N,F,,C,2014_08_PA0361300_NIBRS,
6644499,16582,9,2014,U,,,N,F,,C,2014_09_PA0361300_NIBRS,
6666949,16582,10,2014,U,,,N,F,,C,2014_10_PA0361300_NIBRS,
6689399,16582,11,2014,U,,,N,F,,C,2014_11_PA0361300_NIBRS,
6711849,16582,12,2014,U,,,N,F,,C,2014_12_PA0361300_NIBRS,
6464900,16583,1,2014,U,,,N,F,,C,2014_01_PA0361400_NIBRS,
6487350,16583,2,2014,U,,,N,F,,C,2014_02_PA0361400_NIBRS,
6509800,16583,3,2014,U,,,N,F,,C,2014_03_PA0361400_NIBRS,
6532250,16583,4,2014,U,,,N,F,,C,2014_04_PA0361400_NIBRS,
6554700,16583,5,2014,U,,,N,F,,C,2014_05_PA0361400_NIBRS,
6577150,16583,6,2014,U,,,N,F,,C,2014_06_PA0361400_NIBRS,
6599600,16583,7,2014,U,,,N,F,,C,2014_07_PA0361400_NIBRS,
6622050,16583,8,2014,U,,,N,F,,C,2014_08_PA0361400_NIBRS,
6644500,16583,9,2014,U,,,N,F,,C,2014_09_PA0361400_NIBRS,
6666950,16583,10,2014,U,,,N,F,,C,2014_10_PA0361400_NIBRS,
6689400,16583,11,2014,U,,,N,F,,C,2014_11_PA0361400_NIBRS,
6711850,16583,12,2014,U,,,N,F,,C,2014_12_PA0361400_NIBRS,
6464503,16186,1,2014,U,,,N,F,,C,2014_01_PA0154200_NIBRS,
6486953,16186,2,2014,U,,,N,F,,C,2014_02_PA0154200_NIBRS,
6509403,16186,3,2014,U,,,N,F,,C,2014_03_PA0154200_NIBRS,
6531853,16186,4,2014,U,,,N,F,,C,2014_04_PA0154200_NIBRS,
6554303,16186,5,2014,U,,,N,F,,C,2014_05_PA0154200_NIBRS,
6576753,16186,6,2014,U,,,N,F,,C,2014_06_PA0154200_NIBRS,
6599203,16186,7,2014,U,,,N,F,,C,2014_07_PA0154200_NIBRS,
6621653,16186,8,2014,U,,,N,F,,C,2014_08_PA0154200_NIBRS,
6644103,16186,9,2014,U,,,N,F,,C,2014_09_PA0154200_NIBRS,
6666553,16186,10,2014,U,,,N,F,,C,2014_10_PA0154200_NIBRS,
6689003,16186,11,2014,U,,,N,F,,C,2014_11_PA0154200_NIBRS,
6711453,16186,12,2014,U,,,N,F,,C,2014_12_PA0154200_NIBRS,
6464504,16187,1,2014,U,,,N,F,,C,2014_01_PA0154400_NIBRS,
6486954,16187,2,2014,U,,,N,F,,C,2014_02_PA0154400_NIBRS,
6509404,16187,3,2014,U,,,N,F,,C,2014_03_PA0154400_NIBRS,
6531854,16187,4,2014,U,,,N,F,,C,2014_04_PA0154400_NIBRS,
6554304,16187,5,2014,U,,,N,F,,C,2014_05_PA0154400_NIBRS,
6576754,16187,6,2014,U,,,N,F,,C,2014_06_PA0154400_NIBRS,
6599204,16187,7,2014,U,,,N,F,,C,2014_07_PA0154400_NIBRS,
6621654,16187,8,2014,U,,,N,F,,C,2014_08_PA0154400_NIBRS,
6644104,16187,9,2014,U,,,N,F,,C,2014_09_PA0154400_NIBRS,
6666554,16187,10,2014,U,,,N,F,,C,2014_10_PA0154400_NIBRS,
6689004,16187,11,2014,U,,,N,F,,C,2014_11_PA0154400_NIBRS,
6711454,16187,12,2014,U,,,N,F,,C,2014_12_PA0154400_NIBRS,
6464505,16188,1,2014,U,,,N,F,,C,2014_01_PA0154500_NIBRS,
6486955,16188,2,2014,U,,,N,F,,C,2014_02_PA0154500_NIBRS,
6509405,16188,3,2014,U,,,N,F,,C,2014_03_PA0154500_NIBRS,
6531855,16188,4,2014,U,,,N,F,,C,2014_04_PA0154500_NIBRS,
6554305,16188,5,2014,U,,,N,F,,C,2014_05_PA0154500_NIBRS,
6576755,16188,6,2014,U,,,N,F,,C,2014_06_PA0154500_NIBRS,
6599205,16188,7,2014,U,,,N,F,,C,2014_07_PA0154500_NIBRS,
6621655,16188,8,2014,U,,,N,F,,C,2014_08_PA0154500_NIBRS,
6644105,16188,9,2014,U,,,N,F,,C,2014_09_PA0154500_NIBRS,
6666555,16188,10,2014,U,,,N,F,,C,2014_10_PA0154500_NIBRS,
6689005,16188,11,2014,U,,,N,F,,C,2014_11_PA0154500_NIBRS,
6711455,16188,12,2014,U,,,N,F,,C,2014_12_PA0154500_NIBRS,
6464506,16189,1,2014,U,,,N,F,,C,2014_01_PA0154600_NIBRS,
6486956,16189,2,2014,U,,,N,F,,C,2014_02_PA0154600_NIBRS,
6509406,16189,3,2014,U,,,N,F,,C,2014_03_PA0154600_NIBRS,
6531856,16189,4,2014,U,,,N,F,,C,2014_04_PA0154600_NIBRS,
6554306,16189,5,2014,U,,,N,F,,C,2014_05_PA0154600_NIBRS,
6576756,16189,6,2014,U,,,N,F,,C,2014_06_PA0154600_NIBRS,
6599206,16189,7,2014,U,,,N,F,,C,2014_07_PA0154600_NIBRS,
6621656,16189,8,2014,U,,,N,F,,C,2014_08_PA0154600_NIBRS,
6644106,16189,9,2014,U,,,N,F,,C,2014_09_PA0154600_NIBRS,
6666556,16189,10,2014,U,,,N,F,,C,2014_10_PA0154600_NIBRS,
6689006,16189,11,2014,U,,,N,F,,C,2014_11_PA0154600_NIBRS,
6711456,16189,12,2014,U,,,N,F,,C,2014_12_PA0154600_NIBRS,
6464507,16190,1,2014,U,,,N,F,,C,2014_01_PA0154700_NIBRS,
6486957,16190,2,2014,U,,,N,F,,C,2014_02_PA0154700_NIBRS,
6509407,16190,3,2014,U,,,N,F,,C,2014_03_PA0154700_NIBRS,
6531857,16190,4,2014,U,,,N,F,,C,2014_04_PA0154700_NIBRS,
6554307,16190,5,2014,U,,,N,F,,C,2014_05_PA0154700_NIBRS,
6576757,16190,6,2014,U,,,N,F,,C,2014_06_PA0154700_NIBRS,
6599207,16190,7,2014,U,,,N,F,,C,2014_07_PA0154700_NIBRS,
6621657,16190,8,2014,U,,,N,F,,C,2014_08_PA0154700_NIBRS,
6644107,16190,9,2014,U,,,N,F,,C,2014_09_PA0154700_NIBRS,
6666557,16190,10,2014,U,,,N,F,,C,2014_10_PA0154700_NIBRS,
6689007,16190,11,2014,U,,,N,F,,C,2014_11_PA0154700_NIBRS,
6711457,16190,12,2014,U,,,N,F,,C,2014_12_PA0154700_NIBRS,
6464508,16191,1,2014,U,,,N,F,,C,2014_01_PA0154800_NIBRS,
6486958,16191,2,2014,U,,,N,F,,C,2014_02_PA0154800_NIBRS,
6509408,16191,3,2014,U,,,N,F,,C,2014_03_PA0154800_NIBRS,
6531858,16191,4,2014,U,,,N,F,,C,2014_04_PA0154800_NIBRS,
6554308,16191,5,2014,U,,,N,F,,C,2014_05_PA0154800_NIBRS,
6576758,16191,6,2014,U,,,N,F,,C,2014_06_PA0154800_NIBRS,
6599208,16191,7,2014,U,,,N,F,,C,2014_07_PA0154800_NIBRS,
6621658,16191,8,2014,U,,,N,F,,C,2014_08_PA0154800_NIBRS,
6644108,16191,9,2014,U,,,N,F,,C,2014_09_PA0154800_NIBRS,
6666558,16191,10,2014,U,,,N,F,,C,2014_10_PA0154800_NIBRS,
6689008,16191,11,2014,U,,,N,F,,C,2014_11_PA0154800_NIBRS,
6711458,16191,12,2014,U,,,N,F,,C,2014_12_PA0154800_NIBRS,
6465116,16799,1,2014,U,,,N,F,,C,2014_01_PA0432400_NIBRS,
6487566,16799,2,2014,U,,,N,F,,C,2014_02_PA0432400_NIBRS,
6510016,16799,3,2014,U,,,N,F,,C,2014_03_PA0432400_NIBRS,
6532466,16799,4,2014,U,,,N,F,,C,2014_04_PA0432400_NIBRS,
6554916,16799,5,2014,U,,,N,F,,C,2014_05_PA0432400_NIBRS,
6577366,16799,6,2014,U,,,N,F,,C,2014_06_PA0432400_NIBRS,
6599816,16799,7,2014,U,,,N,F,,C,2014_07_PA0432400_NIBRS,
6622266,16799,8,2014,U,,,N,F,,C,2014_08_PA0432400_NIBRS,
6644716,16799,9,2014,U,,,N,F,,C,2014_09_PA0432400_NIBRS,
6667166,16799,10,2014,U,,,N,F,,C,2014_10_PA0432400_NIBRS,
6689616,16799,11,2014,U,,,N,F,,C,2014_11_PA0432400_NIBRS,
6712066,16799,12,2014,U,,,N,F,,C,2014_12_PA0432400_NIBRS,
6464799,16482,1,2014,U,,,N,F,,C,2014_01_PA0290100_NIBRS,
6487249,16482,2,2014,U,,,N,F,,C,2014_02_PA0290100_NIBRS,
6509699,16482,3,2014,U,,,N,F,,C,2014_03_PA0290100_NIBRS,
6532149,16482,4,2014,U,,,N,F,,C,2014_04_PA0290100_NIBRS,
6554599,16482,5,2014,U,,,N,F,,C,2014_05_PA0290100_NIBRS,
6577049,16482,6,2014,U,,,N,F,,C,2014_06_PA0290100_NIBRS,
6599499,16482,7,2014,U,,,N,F,,C,2014_07_PA0290100_NIBRS,
6621949,16482,8,2014,U,,,N,F,,C,2014_08_PA0290100_NIBRS,
6644399,16482,9,2014,U,,,N,F,,C,2014_09_PA0290100_NIBRS,
6666849,16482,10,2014,U,,,N,F,,C,2014_10_PA0290100_NIBRS,
6689299,16482,11,2014,U,,,N,F,,C,2014_11_PA0290100_NIBRS,
6711749,16482,12,2014,U,,,N,F,,C,2014_12_PA0290100_NIBRS,
6464800,16483,1,2014,U,,,N,F,,C,2014_01_PA029BF00_NIBRS,
6487250,16483,2,2014,U,,,N,F,,C,2014_02_PA029BF00_NIBRS,
6509700,16483,3,2014,U,,,N,F,,C,2014_03_PA029BF00_NIBRS,
6532150,16483,4,2014,U,,,N,F,,C,2014_04_PA029BF00_NIBRS,
6554600,16483,5,2014,U,,,N,F,,C,2014_05_PA029BF00_NIBRS,
6577050,16483,6,2014,U,,,N,F,,C,2014_06_PA029BF00_NIBRS,
6599500,16483,7,2014,U,,,N,F,,C,2014_07_PA029BF00_NIBRS,
6621950,16483,8,2014,U,,,N,F,,C,2014_08_PA029BF00_NIBRS,
6644400,16483,9,2014,U,,,N,F,,C,2014_09_PA029BF00_NIBRS,
6666850,16483,10,2014,U,,,N,F,,C,2014_10_PA029BF00_NIBRS,
6689300,16483,11,2014,U,,,N,F,,C,2014_11_PA029BF00_NIBRS,
6711750,16483,12,2014,U,,,N,F,,C,2014_12_PA029BF00_NIBRS,
6464801,16484,1,2014,U,,,N,F,,C,2014_01_PA029DE00_NIBRS,
6487251,16484,2,2014,U,,,N,F,,C,2014_02_PA029DE00_NIBRS,
6509701,16484,3,2014,U,,,N,F,,C,2014_03_PA029DE00_NIBRS,
6532151,16484,4,2014,U,,,N,F,,C,2014_04_PA029DE00_NIBRS,
6554601,16484,5,2014,U,,,N,F,,C,2014_05_PA029DE00_NIBRS,
6577051,16484,6,2014,U,,,N,F,,C,2014_06_PA029DE00_NIBRS,
6599501,16484,7,2014,U,,,N,F,,C,2014_07_PA029DE00_NIBRS,
6621951,16484,8,2014,U,,,N,F,,C,2014_08_PA029DE00_NIBRS,
6644401,16484,9,2014,U,,,N,F,,C,2014_09_PA029DE00_NIBRS,
6666851,16484,10,2014,U,,,N,F,,C,2014_10_PA029DE00_NIBRS,
6689301,16484,11,2014,U,,,N,F,,C,2014_11_PA029DE00_NIBRS,
6711751,16484,12,2014,U,,,N,F,,C,2014_12_PA029DE00_NIBRS,
6464802,16485,1,2014,U,,,N,F,,C,2014_01_PA029SP00_NIBRS,
6487252,16485,2,2014,U,,,N,F,,C,2014_02_PA029SP00_NIBRS,
6509702,16485,3,2014,U,,,N,F,,C,2014_03_PA029SP00_NIBRS,
6532152,16485,4,2014,U,,,N,F,,C,2014_04_PA029SP00_NIBRS,
6554602,16485,5,2014,U,,,N,F,,C,2014_05_PA029SP00_NIBRS,
6577052,16485,6,2014,U,,,N,F,,C,2014_06_PA029SP00_NIBRS,
6599502,16485,7,2014,U,,,N,F,,C,2014_07_PA029SP00_NIBRS,
6621952,16485,8,2014,U,,,N,F,,C,2014_08_PA029SP00_NIBRS,
6644402,16485,9,2014,U,,,N,F,,C,2014_09_PA029SP00_NIBRS,
6666852,16485,10,2014,U,,,N,F,,C,2014_10_PA029SP00_NIBRS,
6689302,16485,11,2014,U,,,N,F,,C,2014_11_PA029SP00_NIBRS,
6711752,16485,12,2014,U,,,N,F,,C,2014_12_PA029SP00_NIBRS,
6464803,16486,1,2014,U,,,N,F,,C,2014_01_PA02BCI0X_NIBRS,
6487253,16486,2,2014,U,,,N,F,,C,2014_02_PA02BCI0X_NIBRS,
6509703,16486,3,2014,U,,,N,F,,C,2014_03_PA02BCI0X_NIBRS,
6532153,16486,4,2014,U,,,N,F,,C,2014_04_PA02BCI0X_NIBRS,
6554603,16486,5,2014,U,,,N,F,,C,2014_05_PA02BCI0X_NIBRS,
6577053,16486,6,2014,U,,,N,F,,C,2014_06_PA02BCI0X_NIBRS,
6599503,16486,7,2014,U,,,N,F,,C,2014_07_PA02BCI0X_NIBRS,
6621953,16486,8,2014,U,,,N,F,,C,2014_08_PA02BCI0X_NIBRS,
6644403,16486,9,2014,U,,,N,F,,C,2014_09_PA02BCI0X_NIBRS,
6666853,16486,10,2014,U,,,N,F,,C,2014_10_PA02BCI0X_NIBRS,
6689303,16486,11,2014,U,,,N,F,,C,2014_11_PA02BCI0X_NIBRS,
6711753,16486,12,2014,U,,,N,F,,C,2014_12_PA02BCI0X_NIBRS,
6464804,16487,1,2014,U,,,N,F,,C,2014_01_PA0300000_NIBRS,
6487254,16487,2,2014,U,,,N,F,,C,2014_02_PA0300000_NIBRS,
6509704,16487,3,2014,U,,,N,F,,C,2014_03_PA0300000_NIBRS,
6532154,16487,4,2014,U,,,N,F,,C,2014_04_PA0300000_NIBRS,
6554604,16487,5,2014,U,,,N,F,,C,2014_05_PA0300000_NIBRS,
6577054,16487,6,2014,U,,,N,F,,C,2014_06_PA0300000_NIBRS,
6599504,16487,7,2014,U,,,N,F,,C,2014_07_PA0300000_NIBRS,
6621954,16487,8,2014,U,,,N,F,,C,2014_08_PA0300000_NIBRS,
6644404,16487,9,2014,U,,,N,F,,C,2014_09_PA0300000_NIBRS,
6666854,16487,10,2014,U,,,N,F,,C,2014_10_PA0300000_NIBRS,
6689304,16487,11,2014,U,,,N,F,,C,2014_11_PA0300000_NIBRS,
6711754,16487,12,2014,U,,,N,F,,C,2014_12_PA0300000_NIBRS,
6464805,16488,1,2014,U,,,N,F,,C,2014_01_PA0300100_NIBRS,
6487255,16488,2,2014,U,,,N,F,,C,2014_02_PA0300100_NIBRS,
6509705,16488,3,2014,U,,,N,F,,C,2014_03_PA0300100_NIBRS,
6532155,16488,4,2014,U,,,N,F,,C,2014_04_PA0300100_NIBRS,
6554605,16488,5,2014,U,,,N,F,,C,2014_05_PA0300100_NIBRS,
6577055,16488,6,2014,U,,,N,F,,C,2014_06_PA0300100_NIBRS,
6599505,16488,7,2014,U,,,N,F,,C,2014_07_PA0300100_NIBRS,
6621955,16488,8,2014,U,,,N,F,,C,2014_08_PA0300100_NIBRS,
6644405,16488,9,2014,U,,,N,F,,C,2014_09_PA0300100_NIBRS,
6666855,16488,10,2014,U,,,N,F,,C,2014_10_PA0300100_NIBRS,
6689305,16488,11,2014,U,,,N,F,,C,2014_11_PA0300100_NIBRS,
6711755,16488,12,2014,U,,,N,F,,C,2014_12_PA0300100_NIBRS,
6464806,16489,1,2014,U,,,N,F,,C,2014_01_PA0300200_NIBRS,
6487256,16489,2,2014,U,,,N,F,,C,2014_02_PA0300200_NIBRS,
6509706,16489,3,2014,U,,,N,F,,C,2014_03_PA0300200_NIBRS,
6532156,16489,4,2014,U,,,N,F,,C,2014_04_PA0300200_NIBRS,
6554606,16489,5,2014,U,,,N,F,,C,2014_05_PA0300200_NIBRS,
6577056,16489,6,2014,U,,,N,F,,C,2014_06_PA0300200_NIBRS,
6599506,16489,7,2014,U,,,N,F,,C,2014_07_PA0300200_NIBRS,
6621956,16489,8,2014,U,,,N,F,,C,2014_08_PA0300200_NIBRS,
6644406,16489,9,2014,U,,,N,F,,C,2014_09_PA0300200_NIBRS,
6666856,16489,10,2014,U,,,N,F,,C,2014_10_PA0300200_NIBRS,
6689306,16489,11,2014,U,,,N,F,,C,2014_11_PA0300200_NIBRS,
6711756,16489,12,2014,U,,,N,F,,C,2014_12_PA0300200_NIBRS,
6464807,16490,1,2014,U,,,N,F,,C,2014_01_PA0300400_NIBRS,
6487257,16490,2,2014,U,,,N,F,,C,2014_02_PA0300400_NIBRS,
6509707,16490,3,2014,U,,,N,F,,C,2014_03_PA0300400_NIBRS,
6532157,16490,4,2014,U,,,N,F,,C,2014_04_PA0300400_NIBRS,
6554607,16490,5,2014,U,,,N,F,,C,2014_05_PA0300400_NIBRS,
6577057,16490,6,2014,U,,,N,F,,C,2014_06_PA0300400_NIBRS,
6599507,16490,7,2014,U,,,N,F,,C,2014_07_PA0300400_NIBRS,
6621957,16490,8,2014,U,,,N,F,,C,2014_08_PA0300400_NIBRS,
6644407,16490,9,2014,U,,,N,F,,C,2014_09_PA0300400_NIBRS,
6666857,16490,10,2014,U,,,N,F,,C,2014_10_PA0300400_NIBRS,
6689307,16490,11,2014,U,,,N,F,,C,2014_11_PA0300400_NIBRS,
6711757,16490,12,2014,U,,,N,F,,C,2014_12_PA0300400_NIBRS,
6464808,16491,1,2014,U,,,N,F,,C,2014_01_PA0300500_NIBRS,
6487258,16491,2,2014,U,,,N,F,,C,2014_02_PA0300500_NIBRS,
6509708,16491,3,2014,U,,,N,F,,C,2014_03_PA0300500_NIBRS,
6532158,16491,4,2014,U,,,N,F,,C,2014_04_PA0300500_NIBRS,
6554608,16491,5,2014,U,,,N,F,,C,2014_05_PA0300500_NIBRS,
6577058,16491,6,2014,U,,,N,F,,C,2014_06_PA0300500_NIBRS,
6599508,16491,7,2014,U,,,N,F,,C,2014_07_PA0300500_NIBRS,
6621958,16491,8,2014,U,,,N,F,,C,2014_08_PA0300500_NIBRS,
6644408,16491,9,2014,U,,,N,F,,C,2014_09_PA0300500_NIBRS,
6666858,16491,10,2014,U,,,N,F,,C,2014_10_PA0300500_NIBRS,
6689308,16491,11,2014,U,,,N,F,,C,2014_11_PA0300500_NIBRS,
6711758,16491,12,2014,U,,,N,F,,C,2014_12_PA0300500_NIBRS,
6464809,16492,1,2014,U,,,N,F,,C,2014_01_PA0300600_NIBRS,
6487259,16492,2,2014,U,,,N,F,,C,2014_02_PA0300600_NIBRS,
6509709,16492,3,2014,U,,,N,F,,C,2014_03_PA0300600_NIBRS,
6532159,16492,4,2014,U,,,N,F,,C,2014_04_PA0300600_NIBRS,
6554609,16492,5,2014,U,,,N,F,,C,2014_05_PA0300600_NIBRS,
6577059,16492,6,2014,U,,,N,F,,C,2014_06_PA0300600_NIBRS,
6599509,16492,7,2014,U,,,N,F,,C,2014_07_PA0300600_NIBRS,
6621959,16492,8,2014,U,,,N,F,,C,2014_08_PA0300600_NIBRS,
6644409,16492,9,2014,U,,,N,F,,C,2014_09_PA0300600_NIBRS,
6666859,16492,10,2014,U,,,N,F,,C,2014_10_PA0300600_NIBRS,
6689309,16492,11,2014,U,,,N,F,,C,2014_11_PA0300600_NIBRS,
6711759,16492,12,2014,U,,,N,F,,C,2014_12_PA0300600_NIBRS,
6470506,23302,1,2014,U,,,N,F,,C,2014_01_PA0301000_NIBRS,
6492956,23302,2,2014,U,,,N,F,,C,2014_02_PA0301000_NIBRS,
6515406,23302,3,2014,U,,,N,F,,C,2014_03_PA0301000_NIBRS,
6537856,23302,4,2014,U,,,N,F,,C,2014_04_PA0301000_NIBRS,
6560306,23302,5,2014,U,,,N,F,,C,2014_05_PA0301000_NIBRS,
6582756,23302,6,2014,U,,,N,F,,C,2014_06_PA0301000_NIBRS,
6605206,23302,7,2014,U,,,N,F,,C,2014_07_PA0301000_NIBRS,
6627656,23302,8,2014,U,,,N,F,,C,2014_08_PA0301000_NIBRS,
6650106,23302,9,2014,U,,,N,F,,C,2014_09_PA0301000_NIBRS,
6672556,23302,10,2014,U,,,N,F,,C,2014_10_PA0301000_NIBRS,
6695006,23302,11,2014,U,,,N,F,,C,2014_11_PA0301000_NIBRS,
6717456,23302,12,2014,U,,,N,F,,C,2014_12_PA0301000_NIBRS,
6464810,16493,1,2014,U,,,N,F,,C,2014_01_PA030BF00_NIBRS,
6487260,16493,2,2014,U,,,N,F,,C,2014_02_PA030BF00_NIBRS,
6509710,16493,3,2014,U,,,N,F,,C,2014_03_PA030BF00_NIBRS,
6532160,16493,4,2014,U,,,N,F,,C,2014_04_PA030BF00_NIBRS,
6554610,16493,5,2014,U,,,N,F,,C,2014_05_PA030BF00_NIBRS,
6577060,16493,6,2014,U,,,N,F,,C,2014_06_PA030BF00_NIBRS,
6599510,16493,7,2014,U,,,N,F,,C,2014_07_PA030BF00_NIBRS,
6621960,16493,8,2014,U,,,N,F,,C,2014_08_PA030BF00_NIBRS,
6644410,16493,9,2014,U,,,N,F,,C,2014_09_PA030BF00_NIBRS,
6666860,16493,10,2014,U,,,N,F,,C,2014_10_PA030BF00_NIBRS,
6689310,16493,11,2014,U,,,N,F,,C,2014_11_PA030BF00_NIBRS,
6711760,16493,12,2014,U,,,N,F,,C,2014_12_PA030BF00_NIBRS,
6464811,16494,1,2014,U,,,N,F,,C,2014_01_PA030DE00_NIBRS,
6487261,16494,2,2014,U,,,N,F,,C,2014_02_PA030DE00_NIBRS,
6509711,16494,3,2014,U,,,N,F,,C,2014_03_PA030DE00_NIBRS,
6532161,16494,4,2014,U,,,N,F,,C,2014_04_PA030DE00_NIBRS,
6554611,16494,5,2014,U,,,N,F,,C,2014_05_PA030DE00_NIBRS,
6577061,16494,6,2014,U,,,N,F,,C,2014_06_PA030DE00_NIBRS,
6599511,16494,7,2014,U,,,N,F,,C,2014_07_PA030DE00_NIBRS,
6621961,16494,8,2014,U,,,N,F,,C,2014_08_PA030DE00_NIBRS,
6644411,16494,9,2014,U,,,N,F,,C,2014_09_PA030DE00_NIBRS,
6666861,16494,10,2014,U,,,N,F,,C,2014_10_PA030DE00_NIBRS,
6689311,16494,11,2014,U,,,N,F,,C,2014_11_PA030DE00_NIBRS,
6711761,16494,12,2014,U,,,N,F,,C,2014_12_PA030DE00_NIBRS,
6464812,16495,1,2014,U,,,N,F,,C,2014_01_PA030SP00_NIBRS,
6487262,16495,2,2014,U,,,N,F,,C,2014_02_PA030SP00_NIBRS,
6509712,16495,3,2014,U,,,N,F,,C,2014_03_PA030SP00_NIBRS,
6532162,16495,4,2014,U,,,N,F,,C,2014_04_PA030SP00_NIBRS,
6554612,16495,5,2014,U,,,N,F,,C,2014_05_PA030SP00_NIBRS,
6577062,16495,6,2014,U,,,N,F,,C,2014_06_PA030SP00_NIBRS,
6599512,16495,7,2014,U,,,N,F,,C,2014_07_PA030SP00_NIBRS,
6621962,16495,8,2014,U,,,N,F,,C,2014_08_PA030SP00_NIBRS,
6644412,16495,9,2014,U,,,N,F,,C,2014_09_PA030SP00_NIBRS,
6666862,16495,10,2014,U,,,N,F,,C,2014_10_PA030SP00_NIBRS,
6689312,16495,11,2014,U,,,N,F,,C,2014_11_PA030SP00_NIBRS,
6711762,16495,12,2014,U,,,N,F,,C,2014_12_PA030SP00_NIBRS,
6464813,16496,1,2014,U,,,N,F,,C,2014_01_PA0310000_NIBRS,
6487263,16496,2,2014,U,,,N,F,,C,2014_02_PA0310000_NIBRS,
6509713,16496,3,2014,U,,,N,F,,C,2014_03_PA0310000_NIBRS,
6532163,16496,4,2014,U,,,N,F,,C,2014_04_PA0310000_NIBRS,
6554613,16496,5,2014,U,,,N,F,,C,2014_05_PA0310000_NIBRS,
6577063,16496,6,2014,U,,,N,F,,C,2014_06_PA0310000_NIBRS,
6599513,16496,7,2014,U,,,N,F,,C,2014_07_PA0310000_NIBRS,
6621963,16496,8,2014,U,,,N,F,,C,2014_08_PA0310000_NIBRS,
6644413,16496,9,2014,U,,,N,F,,C,2014_09_PA0310000_NIBRS,
6666863,16496,10,2014,U,,,N,F,,C,2014_10_PA0310000_NIBRS,
6689313,16496,11,2014,U,,,N,F,,C,2014_11_PA0310000_NIBRS,
6711763,16496,12,2014,U,,,N,F,,C,2014_12_PA0310000_NIBRS,
6464814,16497,1,2014,U,,,N,F,,C,2014_01_PA0310100_NIBRS,
6487264,16497,2,2014,U,,,N,F,,C,2014_02_PA0310100_NIBRS,
6509714,16497,3,2014,U,,,N,F,,C,2014_03_PA0310100_NIBRS,
6532164,16497,4,2014,U,,,N,F,,C,2014_04_PA0310100_NIBRS,
6554614,16497,5,2014,U,,,N,F,,C,2014_05_PA0310100_NIBRS,
6577064,16497,6,2014,U,,,N,F,,C,2014_06_PA0310100_NIBRS,
6599514,16497,7,2014,U,,,N,F,,C,2014_07_PA0310100_NIBRS,
6621964,16497,8,2014,U,,,N,F,,C,2014_08_PA0310100_NIBRS,
6644414,16497,9,2014,U,,,N,F,,C,2014_09_PA0310100_NIBRS,
6666864,16497,10,2014,U,,,N,F,,C,2014_10_PA0310100_NIBRS,
6689314,16497,11,2014,U,,,N,F,,C,2014_11_PA0310100_NIBRS,
6711764,16497,12,2014,U,,,N,F,,C,2014_12_PA0310100_NIBRS,
6464815,16498,1,2014,U,,,N,F,,C,2014_01_PA0310200_NIBRS,
6487265,16498,2,2014,U,,,N,F,,C,2014_02_PA0310200_NIBRS,
6509715,16498,3,2014,U,,,N,F,,C,2014_03_PA0310200_NIBRS,
6532165,16498,4,2014,U,,,N,F,,C,2014_04_PA0310200_NIBRS,
6554615,16498,5,2014,U,,,N,F,,C,2014_05_PA0310200_NIBRS,
6577065,16498,6,2014,U,,,N,F,,C,2014_06_PA0310200_NIBRS,
6599515,16498,7,2014,U,,,N,F,,C,2014_07_PA0310200_NIBRS,
6621965,16498,8,2014,U,,,N,F,,C,2014_08_PA0310200_NIBRS,
6644415,16498,9,2014,U,,,N,F,,C,2014_09_PA0310200_NIBRS,
6666865,16498,10,2014,U,,,N,F,,C,2014_10_PA0310200_NIBRS,
6689315,16498,11,2014,U,,,N,F,,C,2014_11_PA0310200_NIBRS,
6711765,16498,12,2014,U,,,N,F,,C,2014_12_PA0310200_NIBRS,
6464816,16499,1,2014,U,,,N,F,,C,2014_01_PA0310400_NIBRS,
6487266,16499,2,2014,U,,,N,F,,C,2014_02_PA0310400_NIBRS,
6509716,16499,3,2014,U,,,N,F,,C,2014_03_PA0310400_NIBRS,
6532166,16499,4,2014,U,,,N,F,,C,2014_04_PA0310400_NIBRS,
6554616,16499,5,2014,U,,,N,F,,C,2014_05_PA0310400_NIBRS,
6577066,16499,6,2014,U,,,N,F,,C,2014_06_PA0310400_NIBRS,
6599516,16499,7,2014,U,,,N,F,,C,2014_07_PA0310400_NIBRS,
6621966,16499,8,2014,U,,,N,F,,C,2014_08_PA0310400_NIBRS,
6644416,16499,9,2014,U,,,N,F,,C,2014_09_PA0310400_NIBRS,
6666866,16499,10,2014,U,,,N,F,,C,2014_10_PA0310400_NIBRS,
6689316,16499,11,2014,U,,,N,F,,C,2014_11_PA0310400_NIBRS,
6711766,16499,12,2014,U,,,N,F,,C,2014_12_PA0310400_NIBRS,
6470448,23244,1,2014,U,,,N,F,,C,2014_01_PA0311000_NIBRS,
6492898,23244,2,2014,U,,,N,F,,C,2014_02_PA0311000_NIBRS,
6515348,23244,3,2014,U,,,N,F,,C,2014_03_PA0311000_NIBRS,
6537798,23244,4,2014,U,,,N,F,,C,2014_04_PA0311000_NIBRS,
6560248,23244,5,2014,U,,,N,F,,C,2014_05_PA0311000_NIBRS,
6582698,23244,6,2014,U,,,N,F,,C,2014_06_PA0311000_NIBRS,
6605148,23244,7,2014,U,,,N,F,,C,2014_07_PA0311000_NIBRS,
6627598,23244,8,2014,U,,,N,F,,C,2014_08_PA0311000_NIBRS,
6650048,23244,9,2014,U,,,N,F,,C,2014_09_PA0311000_NIBRS,
6672498,23244,10,2014,U,,,N,F,,C,2014_10_PA0311000_NIBRS,
6694948,23244,11,2014,U,,,N,F,,C,2014_11_PA0311000_NIBRS,
6717398,23244,12,2014,U,,,N,F,,C,2014_12_PA0311000_NIBRS,
6464817,16500,1,2014,U,,,N,F,,C,2014_01_PA031BF00_NIBRS,
6487267,16500,2,2014,U,,,N,F,,C,2014_02_PA031BF00_NIBRS,
6509717,16500,3,2014,U,,,N,F,,C,2014_03_PA031BF00_NIBRS,
6532167,16500,4,2014,U,,,N,F,,C,2014_04_PA031BF00_NIBRS,
6554617,16500,5,2014,U,,,N,F,,C,2014_05_PA031BF00_NIBRS,
6577067,16500,6,2014,U,,,N,F,,C,2014_06_PA031BF00_NIBRS,
6599517,16500,7,2014,U,,,N,F,,C,2014_07_PA031BF00_NIBRS,
6621967,16500,8,2014,U,,,N,F,,C,2014_08_PA031BF00_NIBRS,
6644417,16500,9,2014,U,,,N,F,,C,2014_09_PA031BF00_NIBRS,
6666867,16500,10,2014,U,,,N,F,,C,2014_10_PA031BF00_NIBRS,
6689317,16500,11,2014,U,,,N,F,,C,2014_11_PA031BF00_NIBRS,
6711767,16500,12,2014,U,,,N,F,,C,2014_12_PA031BF00_NIBRS,
6464818,16501,1,2014,U,,,N,F,,C,2014_01_PA031DE00_NIBRS,
6487268,16501,2,2014,U,,,N,F,,C,2014_02_PA031DE00_NIBRS,
6509718,16501,3,2014,U,,,N,F,,C,2014_03_PA031DE00_NIBRS,
6532168,16501,4,2014,U,,,N,F,,C,2014_04_PA031DE00_NIBRS,
6554618,16501,5,2014,U,,,N,F,,C,2014_05_PA031DE00_NIBRS,
6577068,16501,6,2014,U,,,N,F,,C,2014_06_PA031DE00_NIBRS,
6599518,16501,7,2014,U,,,N,F,,C,2014_07_PA031DE00_NIBRS,
6621968,16501,8,2014,U,,,N,F,,C,2014_08_PA031DE00_NIBRS,
6644418,16501,9,2014,U,,,N,F,,C,2014_09_PA031DE00_NIBRS,
6666868,16501,10,2014,U,,,N,F,,C,2014_10_PA031DE00_NIBRS,
6689318,16501,11,2014,U,,,N,F,,C,2014_11_PA031DE00_NIBRS,
6711768,16501,12,2014,U,,,N,F,,C,2014_12_PA031DE00_NIBRS,
6464819,16502,1,2014,U,,,N,F,,C,2014_01_PA031SP00_NIBRS,
6487269,16502,2,2014,U,,,N,F,,C,2014_02_PA031SP00_NIBRS,
6509719,16502,3,2014,U,,,N,F,,C,2014_03_PA031SP00_NIBRS,
6532169,16502,4,2014,U,,,N,F,,C,2014_04_PA031SP00_NIBRS,
6554619,16502,5,2014,U,,,N,F,,C,2014_05_PA031SP00_NIBRS,
6577069,16502,6,2014,U,,,N,F,,C,2014_06_PA031SP00_NIBRS,
6599519,16502,7,2014,U,,,N,F,,C,2014_07_PA031SP00_NIBRS,
6621969,16502,8,2014,U,,,N,F,,C,2014_08_PA031SP00_NIBRS,
6644419,16502,9,2014,U,,,N,F,,C,2014_09_PA031SP00_NIBRS,
6666869,16502,10,2014,U,,,N,F,,C,2014_10_PA031SP00_NIBRS,
6689319,16502,11,2014,U,,,N,F,,C,2014_11_PA031SP00_NIBRS,
6711769,16502,12,2014,U,,,N,F,,C,2014_12_PA031SP00_NIBRS,
6464820,16503,1,2014,U,,,N,F,,C,2014_01_PA0320000_NIBRS,
6487270,16503,2,2014,U,,,N,F,,C,2014_02_PA0320000_NIBRS,
6509720,16503,3,2014,U,,,N,F,,C,2014_03_PA0320000_NIBRS,
6532170,16503,4,2014,U,,,N,F,,C,2014_04_PA0320000_NIBRS,
6554620,16503,5,2014,U,,,N,F,,C,2014_05_PA0320000_NIBRS,
6577070,16503,6,2014,U,,,N,F,,C,2014_06_PA0320000_NIBRS,
6599520,16503,7,2014,U,,,N,F,,C,2014_07_PA0320000_NIBRS,
6621970,16503,8,2014,U,,,N,F,,C,2014_08_PA0320000_NIBRS,
6644420,16503,9,2014,U,,,N,F,,C,2014_09_PA0320000_NIBRS,
6666870,16503,10,2014,U,,,N,F,,C,2014_10_PA0320000_NIBRS,
6689320,16503,11,2014,U,,,N,F,,C,2014_11_PA0320000_NIBRS,
6711770,16503,12,2014,U,,,N,F,,C,2014_12_PA0320000_NIBRS,
6464821,16504,1,2014,U,,,N,F,,C,2014_01_PA0320100_NIBRS,
6487271,16504,2,2014,U,,,N,F,,C,2014_02_PA0320100_NIBRS,
6509721,16504,3,2014,U,,,N,F,,C,2014_03_PA0320100_NIBRS,
6532171,16504,4,2014,U,,,N,F,,C,2014_04_PA0320100_NIBRS,
6554621,16504,5,2014,U,,,N,F,,C,2014_05_PA0320100_NIBRS,
6577071,16504,6,2014,U,,,N,F,,C,2014_06_PA0320100_NIBRS,
6599521,16504,7,2014,U,,,N,F,,C,2014_07_PA0320100_NIBRS,
6621971,16504,8,2014,U,,,N,F,,C,2014_08_PA0320100_NIBRS,
6644421,16504,9,2014,U,,,N,F,,C,2014_09_PA0320100_NIBRS,
6666871,16504,10,2014,U,,,N,F,,C,2014_10_PA0320100_NIBRS,
6689321,16504,11,2014,U,,,N,F,,C,2014_11_PA0320100_NIBRS,
6711771,16504,12,2014,U,,,N,F,,C,2014_12_PA0320100_NIBRS,
6464822,16505,1,2014,U,,,N,F,,C,2014_01_PA0320200_NIBRS,
6487272,16505,2,2014,U,,,N,F,,C,2014_02_PA0320200_NIBRS,
6509722,16505,3,2014,U,,,N,F,,C,2014_03_PA0320200_NIBRS,
6532172,16505,4,2014,U,,,N,F,,C,2014_04_PA0320200_NIBRS,
6554622,16505,5,2014,U,,,N,F,,C,2014_05_PA0320200_NIBRS,
6577072,16505,6,2014,U,,,N,F,,C,2014_06_PA0320200_NIBRS,
6599522,16505,7,2014,U,,,N,F,,C,2014_07_PA0320200_NIBRS,
6621972,16505,8,2014,U,,,N,F,,C,2014_08_PA0320200_NIBRS,
6644422,16505,9,2014,U,,,N,F,,C,2014_09_PA0320200_NIBRS,
6666872,16505,10,2014,U,,,N,F,,C,2014_10_PA0320200_NIBRS,
6689322,16505,11,2014,U,,,N,F,,C,2014_11_PA0320200_NIBRS,
6711772,16505,12,2014,U,,,N,F,,C,2014_12_PA0320200_NIBRS,
6464823,16506,1,2014,U,,,N,F,,C,2014_01_PA0320300_NIBRS,
6487273,16506,2,2014,U,,,N,F,,C,2014_02_PA0320300_NIBRS,
6509723,16506,3,2014,U,,,N,F,,C,2014_03_PA0320300_NIBRS,
6532173,16506,4,2014,U,,,N,F,,C,2014_04_PA0320300_NIBRS,
6554623,16506,5,2014,U,,,N,F,,C,2014_05_PA0320300_NIBRS,
6577073,16506,6,2014,U,,,N,F,,C,2014_06_PA0320300_NIBRS,
6599523,16506,7,2014,U,,,N,F,,C,2014_07_PA0320300_NIBRS,
6621973,16506,8,2014,U,,,N,F,,C,2014_08_PA0320300_NIBRS,
6644423,16506,9,2014,U,,,N,F,,C,2014_09_PA0320300_NIBRS,
6666873,16506,10,2014,U,,,N,F,,C,2014_10_PA0320300_NIBRS,
6689323,16506,11,2014,U,,,N,F,,C,2014_11_PA0320300_NIBRS,
6711773,16506,12,2014,U,,,N,F,,C,2014_12_PA0320300_NIBRS,
6464824,16507,1,2014,U,,,N,F,,C,2014_01_PA0320400_NIBRS,
6487274,16507,2,2014,U,,,N,F,,C,2014_02_PA0320400_NIBRS,
6509724,16507,3,2014,U,,,N,F,,C,2014_03_PA0320400_NIBRS,
6532174,16507,4,2014,U,,,N,F,,C,2014_04_PA0320400_NIBRS,
6554624,16507,5,2014,U,,,N,F,,C,2014_05_PA0320400_NIBRS,
6577074,16507,6,2014,U,,,N,F,,C,2014_06_PA0320400_NIBRS,
6599524,16507,7,2014,U,,,N,F,,C,2014_07_PA0320400_NIBRS,
6621974,16507,8,2014,U,,,N,F,,C,2014_08_PA0320400_NIBRS,
6644424,16507,9,2014,U,,,N,F,,C,2014_09_PA0320400_NIBRS,
6666874,16507,10,2014,U,,,N,F,,C,2014_10_PA0320400_NIBRS,
6689324,16507,11,2014,U,,,N,F,,C,2014_11_PA0320400_NIBRS,
6711774,16507,12,2014,U,,,N,F,,C,2014_12_PA0320400_NIBRS,
6464825,16508,1,2014,U,,,N,F,,C,2014_01_PA0320500_NIBRS,
6487275,16508,2,2014,U,,,N,F,,C,2014_02_PA0320500_NIBRS,
6509725,16508,3,2014,U,,,N,F,,C,2014_03_PA0320500_NIBRS,
6532175,16508,4,2014,U,,,N,F,,C,2014_04_PA0320500_NIBRS,
6554625,16508,5,2014,U,,,N,F,,C,2014_05_PA0320500_NIBRS,
6577075,16508,6,2014,U,,,N,F,,C,2014_06_PA0320500_NIBRS,
6599525,16508,7,2014,U,,,N,F,,C,2014_07_PA0320500_NIBRS,
6621975,16508,8,2014,U,,,N,F,,C,2014_08_PA0320500_NIBRS,
6644425,16508,9,2014,U,,,N,F,,C,2014_09_PA0320500_NIBRS,
6666875,16508,10,2014,U,,,N,F,,C,2014_10_PA0320500_NIBRS,
6689325,16508,11,2014,U,,,N,F,,C,2014_11_PA0320500_NIBRS,
6711775,16508,12,2014,U,,,N,F,,C,2014_12_PA0320500_NIBRS,
6464826,16509,1,2014,U,,,N,F,,C,2014_01_PA0320700_NIBRS,
6487276,16509,2,2014,U,,,N,F,,C,2014_02_PA0320700_NIBRS,
6509726,16509,3,2014,U,,,N,F,,C,2014_03_PA0320700_NIBRS,
6532176,16509,4,2014,U,,,N,F,,C,2014_04_PA0320700_NIBRS,
6554626,16509,5,2014,U,,,N,F,,C,2014_05_PA0320700_NIBRS,
6577076,16509,6,2014,U,,,N,F,,C,2014_06_PA0320700_NIBRS,
6599526,16509,7,2014,U,,,N,F,,C,2014_07_PA0320700_NIBRS,
6621976,16509,8,2014,U,,,N,F,,C,2014_08_PA0320700_NIBRS,
6644426,16509,9,2014,U,,,N,F,,C,2014_09_PA0320700_NIBRS,
6666876,16509,10,2014,U,,,N,F,,C,2014_10_PA0320700_NIBRS,
6689326,16509,11,2014,U,,,N,F,,C,2014_11_PA0320700_NIBRS,
6711776,16509,12,2014,U,,,N,F,,C,2014_12_PA0320700_NIBRS,
6464827,16510,1,2014,U,,,N,F,,C,2014_01_PA0321000_NIBRS,
6487277,16510,2,2014,U,,,N,F,,C,2014_02_PA0321000_NIBRS,
6509727,16510,3,2014,U,,,N,F,,C,2014_03_PA0321000_NIBRS,
6532177,16510,4,2014,U,,,N,F,,C,2014_04_PA0321000_NIBRS,
6554627,16510,5,2014,U,,,N,F,,C,2014_05_PA0321000_NIBRS,
6577077,16510,6,2014,U,,,N,F,,C,2014_06_PA0321000_NIBRS,
6599527,16510,7,2014,U,,,N,F,,C,2014_07_PA0321000_NIBRS,
6621977,16510,8,2014,U,,,N,F,,C,2014_08_PA0321000_NIBRS,
6644427,16510,9,2014,U,,,N,F,,C,2014_09_PA0321000_NIBRS,
6666877,16510,10,2014,U,,,N,F,,C,2014_10_PA0321000_NIBRS,
6689327,16510,11,2014,U,,,N,F,,C,2014_11_PA0321000_NIBRS,
6711777,16510,12,2014,U,,,N,F,,C,2014_12_PA0321000_NIBRS,
6464828,16511,1,2014,U,,,N,F,,C,2014_01_PA0321500_NIBRS,
6487278,16511,2,2014,U,,,N,F,,C,2014_02_PA0321500_NIBRS,
6509728,16511,3,2014,U,,,N,F,,C,2014_03_PA0321500_NIBRS,
6532178,16511,4,2014,U,,,N,F,,C,2014_04_PA0321500_NIBRS,
6554628,16511,5,2014,U,,,N,F,,C,2014_05_PA0321500_NIBRS,
6577078,16511,6,2014,U,,,N,F,,C,2014_06_PA0321500_NIBRS,
6599528,16511,7,2014,U,,,N,F,,C,2014_07_PA0321500_NIBRS,
6621978,16511,8,2014,U,,,N,F,,C,2014_08_PA0321500_NIBRS,
6644428,16511,9,2014,U,,,N,F,,C,2014_09_PA0321500_NIBRS,
6666878,16511,10,2014,U,,,N,F,,C,2014_10_PA0321500_NIBRS,
6689328,16511,11,2014,U,,,N,F,,C,2014_11_PA0321500_NIBRS,
6711778,16511,12,2014,U,,,N,F,,C,2014_12_PA0321500_NIBRS,
6464829,16512,1,2014,U,,,N,F,,C,2014_01_PA032BF00_NIBRS,
6487279,16512,2,2014,U,,,N,F,,C,2014_02_PA032BF00_NIBRS,
6509729,16512,3,2014,U,,,N,F,,C,2014_03_PA032BF00_NIBRS,
6532179,16512,4,2014,U,,,N,F,,C,2014_04_PA032BF00_NIBRS,
6554629,16512,5,2014,U,,,N,F,,C,2014_05_PA032BF00_NIBRS,
6577079,16512,6,2014,U,,,N,F,,C,2014_06_PA032BF00_NIBRS,
6599529,16512,7,2014,U,,,N,F,,C,2014_07_PA032BF00_NIBRS,
6621979,16512,8,2014,U,,,N,F,,C,2014_08_PA032BF00_NIBRS,
6644429,16512,9,2014,U,,,N,F,,C,2014_09_PA032BF00_NIBRS,
6666879,16512,10,2014,U,,,N,F,,C,2014_10_PA032BF00_NIBRS,
6689329,16512,11,2014,U,,,N,F,,C,2014_11_PA032BF00_NIBRS,
6711779,16512,12,2014,U,,,N,F,,C,2014_12_PA032BF00_NIBRS,
6464830,16513,1,2014,U,,,N,F,,C,2014_01_PA032DE00_NIBRS,
6487280,16513,2,2014,U,,,N,F,,C,2014_02_PA032DE00_NIBRS,
6509730,16513,3,2014,U,,,N,F,,C,2014_03_PA032DE00_NIBRS,
6532180,16513,4,2014,U,,,N,F,,C,2014_04_PA032DE00_NIBRS,
6554630,16513,5,2014,U,,,N,F,,C,2014_05_PA032DE00_NIBRS,
6577080,16513,6,2014,U,,,N,F,,C,2014_06_PA032DE00_NIBRS,
6599530,16513,7,2014,U,,,N,F,,C,2014_07_PA032DE00_NIBRS,
6621980,16513,8,2014,U,,,N,F,,C,2014_08_PA032DE00_NIBRS,
6644430,16513,9,2014,U,,,N,F,,C,2014_09_PA032DE00_NIBRS,
6666880,16513,10,2014,U,,,N,F,,C,2014_10_PA032DE00_NIBRS,
6689330,16513,11,2014,U,,,N,F,,C,2014_11_PA032DE00_NIBRS,
6711780,16513,12,2014,U,,,N,F,,C,2014_12_PA032DE00_NIBRS,
6464831,16514,1,2014,U,,,N,F,,C,2014_01_PA032SP00_NIBRS,
6487281,16514,2,2014,U,,,N,F,,C,2014_02_PA032SP00_NIBRS,
6509731,16514,3,2014,U,,,N,F,,C,2014_03_PA032SP00_NIBRS,
6532181,16514,4,2014,U,,,N,F,,C,2014_04_PA032SP00_NIBRS,
6554631,16514,5,2014,U,,,N,F,,C,2014_05_PA032SP00_NIBRS,
6577081,16514,6,2014,U,,,N,F,,C,2014_06_PA032SP00_NIBRS,
6599531,16514,7,2014,U,,,N,F,,C,2014_07_PA032SP00_NIBRS,
6621981,16514,8,2014,U,,,N,F,,C,2014_08_PA032SP00_NIBRS,
6644431,16514,9,2014,U,,,N,F,,C,2014_09_PA032SP00_NIBRS,
6666881,16514,10,2014,U,,,N,F,,C,2014_10_PA032SP00_NIBRS,
6689331,16514,11,2014,U,,,N,F,,C,2014_11_PA032SP00_NIBRS,
6711781,16514,12,2014,U,,,N,F,,C,2014_12_PA032SP00_NIBRS,
6464832,16515,1,2014,U,,,N,F,,C,2014_01_PA0330000_NIBRS,
6487282,16515,2,2014,U,,,N,F,,C,2014_02_PA0330000_NIBRS,
6509732,16515,3,2014,U,,,N,F,,C,2014_03_PA0330000_NIBRS,
6532182,16515,4,2014,U,,,N,F,,C,2014_04_PA0330000_NIBRS,
6554632,16515,5,2014,U,,,N,F,,C,2014_05_PA0330000_NIBRS,
6577082,16515,6,2014,U,,,N,F,,C,2014_06_PA0330000_NIBRS,
6599532,16515,7,2014,U,,,N,F,,C,2014_07_PA0330000_NIBRS,
6621982,16515,8,2014,U,,,N,F,,C,2014_08_PA0330000_NIBRS,
6644432,16515,9,2014,U,,,N,F,,C,2014_09_PA0330000_NIBRS,
6666882,16515,10,2014,U,,,N,F,,C,2014_10_PA0330000_NIBRS,
6689332,16515,11,2014,U,,,N,F,,C,2014_11_PA0330000_NIBRS,
6711782,16515,12,2014,U,,,N,F,,C,2014_12_PA0330000_NIBRS,
6464833,16516,1,2014,U,,,N,F,,C,2014_01_PA0330100_NIBRS,
6487283,16516,2,2014,U,,,N,F,,C,2014_02_PA0330100_NIBRS,
6509733,16516,3,2014,U,,,N,F,,C,2014_03_PA0330100_NIBRS,
6532183,16516,4,2014,U,,,N,F,,C,2014_04_PA0330100_NIBRS,
6554633,16516,5,2014,U,,,N,F,,C,2014_05_PA0330100_NIBRS,
6577083,16516,6,2014,U,,,N,F,,C,2014_06_PA0330100_NIBRS,
6599533,16516,7,2014,U,,,N,F,,C,2014_07_PA0330100_NIBRS,
6621983,16516,8,2014,U,,,N,F,,C,2014_08_PA0330100_NIBRS,
6644433,16516,9,2014,U,,,N,F,,C,2014_09_PA0330100_NIBRS,
6666883,16516,10,2014,U,,,N,F,,C,2014_10_PA0330100_NIBRS,
6689333,16516,11,2014,U,,,N,F,,C,2014_11_PA0330100_NIBRS,
6711783,16516,12,2014,U,,,N,F,,C,2014_12_PA0330100_NIBRS,
6464834,16517,1,2014,U,,,N,F,,C,2014_01_PA0330200_NIBRS,
6487284,16517,2,2014,U,,,N,F,,C,2014_02_PA0330200_NIBRS,
6509734,16517,3,2014,U,,,N,F,,C,2014_03_PA0330200_NIBRS,
6532184,16517,4,2014,U,,,N,F,,C,2014_04_PA0330200_NIBRS,
6554634,16517,5,2014,U,,,N,F,,C,2014_05_PA0330200_NIBRS,
6577084,16517,6,2014,U,,,N,F,,C,2014_06_PA0330200_NIBRS,
6599534,16517,7,2014,U,,,N,F,,C,2014_07_PA0330200_NIBRS,
6621984,16517,8,2014,U,,,N,F,,C,2014_08_PA0330200_NIBRS,
6644434,16517,9,2014,U,,,N,F,,C,2014_09_PA0330200_NIBRS,
6666884,16517,10,2014,U,,,N,F,,C,2014_10_PA0330200_NIBRS,
6689334,16517,11,2014,U,,,N,F,,C,2014_11_PA0330200_NIBRS,
6711784,16517,12,2014,U,,,N,F,,C,2014_12_PA0330200_NIBRS,
6464835,16518,1,2014,U,,,N,F,,C,2014_01_PA0330300_NIBRS,
6487285,16518,2,2014,U,,,N,F,,C,2014_02_PA0330300_NIBRS,
6509735,16518,3,2014,U,,,N,F,,C,2014_03_PA0330300_NIBRS,
6532185,16518,4,2014,U,,,N,F,,C,2014_04_PA0330300_NIBRS,
6554635,16518,5,2014,U,,,N,F,,C,2014_05_PA0330300_NIBRS,
6577085,16518,6,2014,U,,,N,F,,C,2014_06_PA0330300_NIBRS,
6599535,16518,7,2014,U,,,N,F,,C,2014_07_PA0330300_NIBRS,
6621985,16518,8,2014,U,,,N,F,,C,2014_08_PA0330300_NIBRS,
6644435,16518,9,2014,U,,,N,F,,C,2014_09_PA0330300_NIBRS,
6666885,16518,10,2014,U,,,N,F,,C,2014_10_PA0330300_NIBRS,
6689335,16518,11,2014,U,,,N,F,,C,2014_11_PA0330300_NIBRS,
6711785,16518,12,2014,U,,,N,F,,C,2014_12_PA0330300_NIBRS,
6464836,16519,1,2014,U,,,N,F,,C,2014_01_PA0330400_NIBRS,
6487286,16519,2,2014,U,,,N,F,,C,2014_02_PA0330400_NIBRS,
6509736,16519,3,2014,U,,,N,F,,C,2014_03_PA0330400_NIBRS,
6532186,16519,4,2014,U,,,N,F,,C,2014_04_PA0330400_NIBRS,
6554636,16519,5,2014,U,,,N,F,,C,2014_05_PA0330400_NIBRS,
6577086,16519,6,2014,U,,,N,F,,C,2014_06_PA0330400_NIBRS,
6599536,16519,7,2014,U,,,N,F,,C,2014_07_PA0330400_NIBRS,
6621986,16519,8,2014,U,,,N,F,,C,2014_08_PA0330400_NIBRS,
6644436,16519,9,2014,U,,,N,F,,C,2014_09_PA0330400_NIBRS,
6666886,16519,10,2014,U,,,N,F,,C,2014_10_PA0330400_NIBRS,
6689336,16519,11,2014,U,,,N,F,,C,2014_11_PA0330400_NIBRS,
6711786,16519,12,2014,U,,,N,F,,C,2014_12_PA0330400_NIBRS,
6464837,16520,1,2014,U,,,N,F,,C,2014_01_PA0330500_NIBRS,
6487287,16520,2,2014,U,,,N,F,,C,2014_02_PA0330500_NIBRS,
6509737,16520,3,2014,U,,,N,F,,C,2014_03_PA0330500_NIBRS,
6532187,16520,4,2014,U,,,N,F,,C,2014_04_PA0330500_NIBRS,
6554637,16520,5,2014,U,,,N,F,,C,2014_05_PA0330500_NIBRS,
6577087,16520,6,2014,U,,,N,F,,C,2014_06_PA0330500_NIBRS,
6599537,16520,7,2014,U,,,N,F,,C,2014_07_PA0330500_NIBRS,
6621987,16520,8,2014,U,,,N,F,,C,2014_08_PA0330500_NIBRS,
6644437,16520,9,2014,U,,,N,F,,C,2014_09_PA0330500_NIBRS,
6666887,16520,10,2014,U,,,N,F,,C,2014_10_PA0330500_NIBRS,
6689337,16520,11,2014,U,,,N,F,,C,2014_11_PA0330500_NIBRS,
6711787,16520,12,2014,U,,,N,F,,C,2014_12_PA0330500_NIBRS,
6464838,16521,1,2014,U,,,N,F,,C,2014_01_PA0330600_NIBRS,
6487288,16521,2,2014,U,,,N,F,,C,2014_02_PA0330600_NIBRS,
6509738,16521,3,2014,U,,,N,F,,C,2014_03_PA0330600_NIBRS,
6532188,16521,4,2014,U,,,N,F,,C,2014_04_PA0330600_NIBRS,
6554638,16521,5,2014,U,,,N,F,,C,2014_05_PA0330600_NIBRS,
6577088,16521,6,2014,U,,,N,F,,C,2014_06_PA0330600_NIBRS,
6599538,16521,7,2014,U,,,N,F,,C,2014_07_PA0330600_NIBRS,
6621988,16521,8,2014,U,,,N,F,,C,2014_08_PA0330600_NIBRS,
6644438,16521,9,2014,U,,,N,F,,C,2014_09_PA0330600_NIBRS,
6666888,16521,10,2014,U,,,N,F,,C,2014_10_PA0330600_NIBRS,
6689338,16521,11,2014,U,,,N,F,,C,2014_11_PA0330600_NIBRS,
6711788,16521,12,2014,U,,,N,F,,C,2014_12_PA0330600_NIBRS,
6464839,16522,1,2014,U,,,N,F,,C,2014_01_PA0330700_NIBRS,
6487289,16522,2,2014,U,,,N,F,,C,2014_02_PA0330700_NIBRS,
6509739,16522,3,2014,U,,,N,F,,C,2014_03_PA0330700_NIBRS,
6532189,16522,4,2014,U,,,N,F,,C,2014_04_PA0330700_NIBRS,
6554639,16522,5,2014,U,,,N,F,,C,2014_05_PA0330700_NIBRS,
6577089,16522,6,2014,U,,,N,F,,C,2014_06_PA0330700_NIBRS,
6599539,16522,7,2014,U,,,N,F,,C,2014_07_PA0330700_NIBRS,
6621989,16522,8,2014,U,,,N,F,,C,2014_08_PA0330700_NIBRS,
6644439,16522,9,2014,U,,,N,F,,C,2014_09_PA0330700_NIBRS,
6666889,16522,10,2014,U,,,N,F,,C,2014_10_PA0330700_NIBRS,
6689339,16522,11,2014,U,,,N,F,,C,2014_11_PA0330700_NIBRS,
6711789,16522,12,2014,U,,,N,F,,C,2014_12_PA0330700_NIBRS,
6465241,16924,1,2014,U,,,N,F,,C,2014_01_PA0483400_NIBRS,
6487691,16924,2,2014,U,,,N,F,,C,2014_02_PA0483400_NIBRS,
6510141,16924,3,2014,U,,,N,F,,C,2014_03_PA0483400_NIBRS,
6532591,16924,4,2014,U,,,N,F,,C,2014_04_PA0483400_NIBRS,
6555041,16924,5,2014,U,,,N,F,,C,2014_05_PA0483400_NIBRS,
6577491,16924,6,2014,U,,,N,F,,C,2014_06_PA0483400_NIBRS,
6599941,16924,7,2014,U,,,N,F,,C,2014_07_PA0483400_NIBRS,
6622391,16924,8,2014,U,,,N,F,,C,2014_08_PA0483400_NIBRS,
6644841,16924,9,2014,U,,,N,F,,C,2014_09_PA0483400_NIBRS,
6667291,16924,10,2014,U,,,N,F,,C,2014_10_PA0483400_NIBRS,
6689741,16924,11,2014,U,,,N,F,,C,2014_11_PA0483400_NIBRS,
6712191,16924,12,2014,U,,,N,F,,C,2014_12_PA0483400_NIBRS,
6465242,16925,1,2014,U,,,N,F,,C,2014_01_PA048359E_NIBRS,
6487692,16925,2,2014,U,,,N,F,,C,2014_02_PA048359E_NIBRS,
6510142,16925,3,2014,U,,,N,F,,C,2014_03_PA048359E_NIBRS,
6532592,16925,4,2014,U,,,N,F,,C,2014_04_PA048359E_NIBRS,
6555042,16925,5,2014,U,,,N,F,,C,2014_05_PA048359E_NIBRS,
6577492,16925,6,2014,U,,,N,F,,C,2014_06_PA048359E_NIBRS,
6599942,16925,7,2014,U,,,N,F,,C,2014_07_PA048359E_NIBRS,
6622392,16925,8,2014,U,,,N,F,,C,2014_08_PA048359E_NIBRS,
6644842,16925,9,2014,U,,,N,F,,C,2014_09_PA048359E_NIBRS,
6667292,16925,10,2014,U,,,N,F,,C,2014_10_PA048359E_NIBRS,
6689742,16925,11,2014,U,,,N,F,,C,2014_11_PA048359E_NIBRS,
6712192,16925,12,2014,U,,,N,F,,C,2014_12_PA048359E_NIBRS,
6465243,16926,1,2014,U,,,N,F,,C,2014_01_PA048369E_NIBRS,
6487693,16926,2,2014,U,,,N,F,,C,2014_02_PA048369E_NIBRS,
6510143,16926,3,2014,U,,,N,F,,C,2014_03_PA048369E_NIBRS,
6532593,16926,4,2014,U,,,N,F,,C,2014_04_PA048369E_NIBRS,
6555043,16926,5,2014,U,,,N,F,,C,2014_05_PA048369E_NIBRS,
6577493,16926,6,2014,U,,,N,F,,C,2014_06_PA048369E_NIBRS,
6599943,16926,7,2014,U,,,N,F,,C,2014_07_PA048369E_NIBRS,
6622393,16926,8,2014,U,,,N,F,,C,2014_08_PA048369E_NIBRS,
6644843,16926,9,2014,U,,,N,F,,C,2014_09_PA048369E_NIBRS,
6667293,16926,10,2014,U,,,N,F,,C,2014_10_PA048369E_NIBRS,
6689743,16926,11,2014,U,,,N,F,,C,2014_11_PA048369E_NIBRS,
6712193,16926,12,2014,U,,,N,F,,C,2014_12_PA048369E_NIBRS,
6465244,16927,1,2014,U,,,N,F,,C,2014_01_PA0483700_NIBRS,
6487694,16927,2,2014,U,,,N,F,,C,2014_02_PA0483700_NIBRS,
6510144,16927,3,2014,U,,,N,F,,C,2014_03_PA0483700_NIBRS,
6532594,16927,4,2014,U,,,N,F,,C,2014_04_PA0483700_NIBRS,
6555044,16927,5,2014,U,,,N,F,,C,2014_05_PA0483700_NIBRS,
6577494,16927,6,2014,U,,,N,F,,C,2014_06_PA0483700_NIBRS,
6599944,16927,7,2014,U,,,N,F,,C,2014_07_PA0483700_NIBRS,
6622394,16927,8,2014,U,,,N,F,,C,2014_08_PA0483700_NIBRS,
6644844,16927,9,2014,U,,,N,F,,C,2014_09_PA0483700_NIBRS,
6667294,16927,10,2014,U,,,N,F,,C,2014_10_PA0483700_NIBRS,
6689744,16927,11,2014,U,,,N,F,,C,2014_11_PA0483700_NIBRS,
6712194,16927,12,2014,U,,,N,F,,C,2014_12_PA0483700_NIBRS,
6465245,16928,1,2014,U,,,N,F,,C,2014_01_PA0484100_NIBRS,
6487695,16928,2,2014,U,,,N,F,,C,2014_02_PA0484100_NIBRS,
6510145,16928,3,2014,U,,,N,F,,C,2014_03_PA0484100_NIBRS,
6532595,16928,4,2014,U,,,N,F,,C,2014_04_PA0484100_NIBRS,
6555045,16928,5,2014,U,,,N,F,,C,2014_05_PA0484100_NIBRS,
6577495,16928,6,2014,U,,,N,F,,C,2014_06_PA0484100_NIBRS,
6599945,16928,7,2014,U,,,N,F,,C,2014_07_PA0484100_NIBRS,
6622395,16928,8,2014,U,,,N,F,,C,2014_08_PA0484100_NIBRS,
6644845,16928,9,2014,U,,,N,F,,C,2014_09_PA0484100_NIBRS,
6667295,16928,10,2014,U,,,N,F,,C,2014_10_PA0484100_NIBRS,
6689745,16928,11,2014,U,,,N,F,,C,2014_11_PA0484100_NIBRS,
6712195,16928,12,2014,U,,,N,F,,C,2014_12_PA0484100_NIBRS,
6465246,16929,1,2014,U,,,N,F,,C,2014_01_PA048BF00_NIBRS,
6487696,16929,2,2014,U,,,N,F,,C,2014_02_PA048BF00_NIBRS,
6510146,16929,3,2014,U,,,N,F,,C,2014_03_PA048BF00_NIBRS,
6532596,16929,4,2014,U,,,N,F,,C,2014_04_PA048BF00_NIBRS,
6555046,16929,5,2014,U,,,N,F,,C,2014_05_PA048BF00_NIBRS,
6577496,16929,6,2014,U,,,N,F,,C,2014_06_PA048BF00_NIBRS,
6599946,16929,7,2014,U,,,N,F,,C,2014_07_PA048BF00_NIBRS,
6622396,16929,8,2014,U,,,N,F,,C,2014_08_PA048BF00_NIBRS,
6644846,16929,9,2014,U,,,N,F,,C,2014_09_PA048BF00_NIBRS,
6667296,16929,10,2014,U,,,N,F,,C,2014_10_PA048BF00_NIBRS,
6689746,16929,11,2014,U,,,N,F,,C,2014_11_PA048BF00_NIBRS,
6712196,16929,12,2014,U,,,N,F,,C,2014_12_PA048BF00_NIBRS,
6465247,16930,1,2014,U,,,N,F,,C,2014_01_PA048DE00_NIBRS,
6487697,16930,2,2014,U,,,N,F,,C,2014_02_PA048DE00_NIBRS,
6510147,16930,3,2014,U,,,N,F,,C,2014_03_PA048DE00_NIBRS,
6532597,16930,4,2014,U,,,N,F,,C,2014_04_PA048DE00_NIBRS,
6555047,16930,5,2014,U,,,N,F,,C,2014_05_PA048DE00_NIBRS,
6577497,16930,6,2014,U,,,N,F,,C,2014_06_PA048DE00_NIBRS,
6599947,16930,7,2014,U,,,N,F,,C,2014_07_PA048DE00_NIBRS,
6622397,16930,8,2014,U,,,N,F,,C,2014_08_PA048DE00_NIBRS,
6644847,16930,9,2014,U,,,N,F,,C,2014_09_PA048DE00_NIBRS,
6667297,16930,10,2014,U,,,N,F,,C,2014_10_PA048DE00_NIBRS,
6689747,16930,11,2014,U,,,N,F,,C,2014_11_PA048DE00_NIBRS,
6712197,16930,12,2014,U,,,N,F,,C,2014_12_PA048DE00_NIBRS,
6465248,16931,1,2014,U,,,N,F,,C,2014_01_PA048SP00_NIBRS,
6487698,16931,2,2014,U,,,N,F,,C,2014_02_PA048SP00_NIBRS,
6510148,16931,3,2014,U,,,N,F,,C,2014_03_PA048SP00_NIBRS,
6532598,16931,4,2014,U,,,N,F,,C,2014_04_PA048SP00_NIBRS,
6555048,16931,5,2014,U,,,N,F,,C,2014_05_PA048SP00_NIBRS,
6577498,16931,6,2014,U,,,N,F,,C,2014_06_PA048SP00_NIBRS,
6599948,16931,7,2014,U,,,N,F,,C,2014_07_PA048SP00_NIBRS,
6622398,16931,8,2014,U,,,N,F,,C,2014_08_PA048SP00_NIBRS,
6644848,16931,9,2014,U,,,N,F,,C,2014_09_PA048SP00_NIBRS,
6667298,16931,10,2014,U,,,N,F,,C,2014_10_PA048SP00_NIBRS,
6689748,16931,11,2014,U,,,N,F,,C,2014_11_PA048SP00_NIBRS,
6712198,16931,12,2014,U,,,N,F,,C,2014_12_PA048SP00_NIBRS,
6465249,16932,1,2014,U,,,N,F,,C,2014_01_PA0490000_NIBRS,
6487699,16932,2,2014,U,,,N,F,,C,2014_02_PA0490000_NIBRS,
6510149,16932,3,2014,U,,,N,F,,C,2014_03_PA0490000_NIBRS,
6532599,16932,4,2014,U,,,N,F,,C,2014_04_PA0490000_NIBRS,
6555049,16932,5,2014,U,,,N,F,,C,2014_05_PA0490000_NIBRS,
6577499,16932,6,2014,U,,,N,F,,C,2014_06_PA0490000_NIBRS,
6599949,16932,7,2014,U,,,N,F,,C,2014_07_PA0490000_NIBRS,
6622399,16932,8,2014,U,,,N,F,,C,2014_08_PA0490000_NIBRS,
6644849,16932,9,2014,U,,,N,F,,C,2014_09_PA0490000_NIBRS,
6667299,16932,10,2014,U,,,N,F,,C,2014_10_PA0490000_NIBRS,
6689749,16932,11,2014,U,,,N,F,,C,2014_11_PA0490000_NIBRS,
6712199,16932,12,2014,U,,,N,F,,C,2014_12_PA0490000_NIBRS,
6465250,16933,1,2014,U,,,N,F,,C,2014_01_PA0490100_NIBRS,
6487700,16933,2,2014,U,,,N,F,,C,2014_02_PA0490100_NIBRS,
6510150,16933,3,2014,U,,,N,F,,C,2014_03_PA0490100_NIBRS,
6532600,16933,4,2014,U,,,N,F,,C,2014_04_PA0490100_NIBRS,
6555050,16933,5,2014,U,,,N,F,,C,2014_05_PA0490100_NIBRS,
6577500,16933,6,2014,U,,,N,F,,C,2014_06_PA0490100_NIBRS,
6599950,16933,7,2014,U,,,N,F,,C,2014_07_PA0490100_NIBRS,
6622400,16933,8,2014,U,,,N,F,,C,2014_08_PA0490100_NIBRS,
6644850,16933,9,2014,U,,,N,F,,C,2014_09_PA0490100_NIBRS,
6667300,16933,10,2014,U,,,N,F,,C,2014_10_PA0490100_NIBRS,
6689750,16933,11,2014,U,,,N,F,,C,2014_11_PA0490100_NIBRS,
6712200,16933,12,2014,U,,,N,F,,C,2014_12_PA0490100_NIBRS,
6465251,16934,1,2014,U,,,N,F,,C,2014_01_PA0490200_NIBRS,
6487701,16934,2,2014,U,,,N,F,,C,2014_02_PA0490200_NIBRS,
6510151,16934,3,2014,U,,,N,F,,C,2014_03_PA0490200_NIBRS,
6532601,16934,4,2014,U,,,N,F,,C,2014_04_PA0490200_NIBRS,
6555051,16934,5,2014,U,,,N,F,,C,2014_05_PA0490200_NIBRS,
6577501,16934,6,2014,U,,,N,F,,C,2014_06_PA0490200_NIBRS,
6599951,16934,7,2014,U,,,N,F,,C,2014_07_PA0490200_NIBRS,
6622401,16934,8,2014,U,,,N,F,,C,2014_08_PA0490200_NIBRS,
6644851,16934,9,2014,U,,,N,F,,C,2014_09_PA0490200_NIBRS,
6667301,16934,10,2014,U,,,N,F,,C,2014_10_PA0490200_NIBRS,
6689751,16934,11,2014,U,,,N,F,,C,2014_11_PA0490200_NIBRS,
6712201,16934,12,2014,U,,,N,F,,C,2014_12_PA0490200_NIBRS,
6465252,16935,1,2014,U,,,N,F,,C,2014_01_PA0490300_NIBRS,
6487702,16935,2,2014,U,,,N,F,,C,2014_02_PA0490300_NIBRS,
6510152,16935,3,2014,U,,,N,F,,C,2014_03_PA0490300_NIBRS,
6532602,16935,4,2014,U,,,N,F,,C,2014_04_PA0490300_NIBRS,
6555052,16935,5,2014,U,,,N,F,,C,2014_05_PA0490300_NIBRS,
6577502,16935,6,2014,U,,,N,F,,C,2014_06_PA0490300_NIBRS,
6599952,16935,7,2014,U,,,N,F,,C,2014_07_PA0490300_NIBRS,
6622402,16935,8,2014,U,,,N,F,,C,2014_08_PA0490300_NIBRS,
6644852,16935,9,2014,U,,,N,F,,C,2014_09_PA0490300_NIBRS,
6667302,16935,10,2014,U,,,N,F,,C,2014_10_PA0490300_NIBRS,
6689752,16935,11,2014,U,,,N,F,,C,2014_11_PA0490300_NIBRS,
6712202,16935,12,2014,U,,,N,F,,C,2014_12_PA0490300_NIBRS,
6465253,16936,1,2014,U,,,N,F,,C,2014_01_PA0490400_NIBRS,
6487703,16936,2,2014,U,,,N,F,,C,2014_02_PA0490400_NIBRS,
6510153,16936,3,2014,U,,,N,F,,C,2014_03_PA0490400_NIBRS,
6532603,16936,4,2014,U,,,N,F,,C,2014_04_PA0490400_NIBRS,
6555053,16936,5,2014,U,,,N,F,,C,2014_05_PA0490400_NIBRS,
6577503,16936,6,2014,U,,,N,F,,C,2014_06_PA0490400_NIBRS,
6599953,16936,7,2014,U,,,N,F,,C,2014_07_PA0490400_NIBRS,
6622403,16936,8,2014,U,,,N,F,,C,2014_08_PA0490400_NIBRS,
6644853,16936,9,2014,U,,,N,F,,C,2014_09_PA0490400_NIBRS,
6667303,16936,10,2014,U,,,N,F,,C,2014_10_PA0490400_NIBRS,
6689753,16936,11,2014,U,,,N,F,,C,2014_11_PA0490400_NIBRS,
6712203,16936,12,2014,U,,,N,F,,C,2014_12_PA0490400_NIBRS,
6465254,16937,1,2014,U,,,N,F,,C,2014_01_PA0490500_NIBRS,
6487704,16937,2,2014,U,,,N,F,,C,2014_02_PA0490500_NIBRS,
6510154,16937,3,2014,U,,,N,F,,C,2014_03_PA0490500_NIBRS,
6532604,16937,4,2014,U,,,N,F,,C,2014_04_PA0490500_NIBRS,
6555054,16937,5,2014,U,,,N,F,,C,2014_05_PA0490500_NIBRS,
6577504,16937,6,2014,U,,,N,F,,C,2014_06_PA0490500_NIBRS,
6599954,16937,7,2014,U,,,N,F,,C,2014_07_PA0490500_NIBRS,
6622404,16937,8,2014,U,,,N,F,,C,2014_08_PA0490500_NIBRS,
6644854,16937,9,2014,U,,,N,F,,C,2014_09_PA0490500_NIBRS,
6667304,16937,10,2014,U,,,N,F,,C,2014_10_PA0490500_NIBRS,
6689754,16937,11,2014,U,,,N,F,,C,2014_11_PA0490500_NIBRS,
6712204,16937,12,2014,U,,,N,F,,C,2014_12_PA0490500_NIBRS,
6465255,16938,1,2014,U,,,N,F,,C,2014_01_PA0490600_NIBRS,
6487705,16938,2,2014,U,,,N,F,,C,2014_02_PA0490600_NIBRS,
6510155,16938,3,2014,U,,,N,F,,C,2014_03_PA0490600_NIBRS,
6532605,16938,4,2014,U,,,N,F,,C,2014_04_PA0490600_NIBRS,
6555055,16938,5,2014,U,,,N,F,,C,2014_05_PA0490600_NIBRS,
6577505,16938,6,2014,U,,,N,F,,C,2014_06_PA0490600_NIBRS,
6599955,16938,7,2014,U,,,N,F,,C,2014_07_PA0490600_NIBRS,
6622405,16938,8,2014,U,,,N,F,,C,2014_08_PA0490600_NIBRS,
6644855,16938,9,2014,U,,,N,F,,C,2014_09_PA0490600_NIBRS,
6667305,16938,10,2014,U,,,N,F,,C,2014_10_PA0490600_NIBRS,
6689755,16938,11,2014,U,,,N,F,,C,2014_11_PA0490600_NIBRS,
6712205,16938,12,2014,U,,,N,F,,C,2014_12_PA0490600_NIBRS,
6465256,16939,1,2014,U,,,N,F,,C,2014_01_PA0490700_NIBRS,
6487706,16939,2,2014,U,,,N,F,,C,2014_02_PA0490700_NIBRS,
6510156,16939,3,2014,U,,,N,F,,C,2014_03_PA0490700_NIBRS,
6532606,16939,4,2014,U,,,N,F,,C,2014_04_PA0490700_NIBRS,
6555056,16939,5,2014,U,,,N,F,,C,2014_05_PA0490700_NIBRS,
6577506,16939,6,2014,U,,,N,F,,C,2014_06_PA0490700_NIBRS,
6599956,16939,7,2014,U,,,N,F,,C,2014_07_PA0490700_NIBRS,
6622406,16939,8,2014,U,,,N,F,,C,2014_08_PA0490700_NIBRS,
6644856,16939,9,2014,U,,,N,F,,C,2014_09_PA0490700_NIBRS,
6667306,16939,10,2014,U,,,N,F,,C,2014_10_PA0490700_NIBRS,
6689756,16939,11,2014,U,,,N,F,,C,2014_11_PA0490700_NIBRS,
6712206,16939,12,2014,U,,,N,F,,C,2014_12_PA0490700_NIBRS,
6465257,16940,1,2014,U,,,N,F,,C,2014_01_PA0490900_NIBRS,
6487707,16940,2,2014,U,,,N,F,,C,2014_02_PA0490900_NIBRS,
6510157,16940,3,2014,U,,,N,F,,C,2014_03_PA0490900_NIBRS,
6532607,16940,4,2014,U,,,N,F,,C,2014_04_PA0490900_NIBRS,
6555057,16940,5,2014,U,,,N,F,,C,2014_05_PA0490900_NIBRS,
6577507,16940,6,2014,U,,,N,F,,C,2014_06_PA0490900_NIBRS,
6599957,16940,7,2014,U,,,N,F,,C,2014_07_PA0490900_NIBRS,
6622407,16940,8,2014,U,,,N,F,,C,2014_08_PA0490900_NIBRS,
6644857,16940,9,2014,U,,,N,F,,C,2014_09_PA0490900_NIBRS,
6667307,16940,10,2014,U,,,N,F,,C,2014_10_PA0490900_NIBRS,
6689757,16940,11,2014,U,,,N,F,,C,2014_11_PA0490900_NIBRS,
6712207,16940,12,2014,U,,,N,F,,C,2014_12_PA0490900_NIBRS,
6465258,16941,1,2014,U,,,N,F,,C,2014_01_PA0491200_NIBRS,
6487708,16941,2,2014,U,,,N,F,,C,2014_02_PA0491200_NIBRS,
6510158,16941,3,2014,U,,,N,F,,C,2014_03_PA0491200_NIBRS,
6532608,16941,4,2014,U,,,N,F,,C,2014_04_PA0491200_NIBRS,
6555058,16941,5,2014,U,,,N,F,,C,2014_05_PA0491200_NIBRS,
6577508,16941,6,2014,U,,,N,F,,C,2014_06_PA0491200_NIBRS,
6599958,16941,7,2014,U,,,N,F,,C,2014_07_PA0491200_NIBRS,
6622408,16941,8,2014,U,,,N,F,,C,2014_08_PA0491200_NIBRS,
6644858,16941,9,2014,U,,,N,F,,C,2014_09_PA0491200_NIBRS,
6667308,16941,10,2014,U,,,N,F,,C,2014_10_PA0491200_NIBRS,
6689758,16941,11,2014,U,,,N,F,,C,2014_11_PA0491200_NIBRS,
6712208,16941,12,2014,U,,,N,F,,C,2014_12_PA0491200_NIBRS,
6465259,16942,1,2014,U,,,N,F,,C,2014_01_PA0491300_NIBRS,
6487709,16942,2,2014,U,,,N,F,,C,2014_02_PA0491300_NIBRS,
6510159,16942,3,2014,U,,,N,F,,C,2014_03_PA0491300_NIBRS,
6532609,16942,4,2014,U,,,N,F,,C,2014_04_PA0491300_NIBRS,
6555059,16942,5,2014,U,,,N,F,,C,2014_05_PA0491300_NIBRS,
6577509,16942,6,2014,U,,,N,F,,C,2014_06_PA0491300_NIBRS,
6599959,16942,7,2014,U,,,N,F,,C,2014_07_PA0491300_NIBRS,
6622409,16942,8,2014,U,,,N,F,,C,2014_08_PA0491300_NIBRS,
6644859,16942,9,2014,U,,,N,F,,C,2014_09_PA0491300_NIBRS,
6667309,16942,10,2014,U,,,N,F,,C,2014_10_PA0491300_NIBRS,
6689759,16942,11,2014,U,,,N,F,,C,2014_11_PA0491300_NIBRS,
6712209,16942,12,2014,U,,,N,F,,C,2014_12_PA0491300_NIBRS,
6465260,16943,1,2014,U,,,N,F,,C,2014_01_PA0491400_NIBRS,
6487710,16943,2,2014,U,,,N,F,,C,2014_02_PA0491400_NIBRS,
6510160,16943,3,2014,U,,,N,F,,C,2014_03_PA0491400_NIBRS,
6532610,16943,4,2014,U,,,N,F,,C,2014_04_PA0491400_NIBRS,
6555060,16943,5,2014,U,,,N,F,,C,2014_05_PA0491400_NIBRS,
6577510,16943,6,2014,U,,,N,F,,C,2014_06_PA0491400_NIBRS,
6599960,16943,7,2014,U,,,N,F,,C,2014_07_PA0491400_NIBRS,
6622410,16943,8,2014,U,,,N,F,,C,2014_08_PA0491400_NIBRS,
6644860,16943,9,2014,U,,,N,F,,C,2014_09_PA0491400_NIBRS,
6667310,16943,10,2014,U,,,N,F,,C,2014_10_PA0491400_NIBRS,
6689760,16943,11,2014,U,,,N,F,,C,2014_11_PA0491400_NIBRS,
6712210,16943,12,2014,U,,,N,F,,C,2014_12_PA0491400_NIBRS,
6465261,16944,1,2014,U,,,N,F,,C,2014_01_PA0491600_NIBRS,
6487711,16944,2,2014,U,,,N,F,,C,2014_02_PA0491600_NIBRS,
6510161,16944,3,2014,U,,,N,F,,C,2014_03_PA0491600_NIBRS,
6532611,16944,4,2014,U,,,N,F,,C,2014_04_PA0491600_NIBRS,
6555061,16944,5,2014,U,,,N,F,,C,2014_05_PA0491600_NIBRS,
6577511,16944,6,2014,U,,,N,F,,C,2014_06_PA0491600_NIBRS,
6599961,16944,7,2014,U,,,N,F,,C,2014_07_PA0491600_NIBRS,
6622411,16944,8,2014,U,,,N,F,,C,2014_08_PA0491600_NIBRS,
6644861,16944,9,2014,U,,,N,F,,C,2014_09_PA0491600_NIBRS,
6667311,16944,10,2014,U,,,N,F,,C,2014_10_PA0491600_NIBRS,
6689761,16944,11,2014,U,,,N,F,,C,2014_11_PA0491600_NIBRS,
6712211,16944,12,2014,U,,,N,F,,C,2014_12_PA0491600_NIBRS,
6465262,16945,1,2014,U,,,N,F,,C,2014_01_PA0491800_NIBRS,
6487712,16945,2,2014,U,,,N,F,,C,2014_02_PA0491800_NIBRS,
6510162,16945,3,2014,U,,,N,F,,C,2014_03_PA0491800_NIBRS,
6532612,16945,4,2014,U,,,N,F,,C,2014_04_PA0491800_NIBRS,
6555062,16945,5,2014,U,,,N,F,,C,2014_05_PA0491800_NIBRS,
6577512,16945,6,2014,U,,,N,F,,C,2014_06_PA0491800_NIBRS,
6599962,16945,7,2014,U,,,N,F,,C,2014_07_PA0491800_NIBRS,
6622412,16945,8,2014,U,,,N,F,,C,2014_08_PA0491800_NIBRS,
6644862,16945,9,2014,U,,,N,F,,C,2014_09_PA0491800_NIBRS,
6667312,16945,10,2014,U,,,N,F,,C,2014_10_PA0491800_NIBRS,
6689762,16945,11,2014,U,,,N,F,,C,2014_11_PA0491800_NIBRS,
6712212,16945,12,2014,U,,,N,F,,C,2014_12_PA0491800_NIBRS,
6465263,16946,1,2014,U,,,N,F,,C,2014_01_PA0491900_NIBRS,
6487713,16946,2,2014,U,,,N,F,,C,2014_02_PA0491900_NIBRS,
6510163,16946,3,2014,U,,,N,F,,C,2014_03_PA0491900_NIBRS,
6532613,16946,4,2014,U,,,N,F,,C,2014_04_PA0491900_NIBRS,
6555063,16946,5,2014,U,,,N,F,,C,2014_05_PA0491900_NIBRS,
6577513,16946,6,2014,U,,,N,F,,C,2014_06_PA0491900_NIBRS,
6599963,16946,7,2014,U,,,N,F,,C,2014_07_PA0491900_NIBRS,
6622413,16946,8,2014,U,,,N,F,,C,2014_08_PA0491900_NIBRS,
6644863,16946,9,2014,U,,,N,F,,C,2014_09_PA0491900_NIBRS,
6667313,16946,10,2014,U,,,N,F,,C,2014_10_PA0491900_NIBRS,
6689763,16946,11,2014,U,,,N,F,,C,2014_11_PA0491900_NIBRS,
6712213,16946,12,2014,U,,,N,F,,C,2014_12_PA0491900_NIBRS,
6465264,16947,1,2014,U,,,N,F,,C,2014_01_PA049BF00_NIBRS,
6487714,16947,2,2014,U,,,N,F,,C,2014_02_PA049BF00_NIBRS,
6510164,16947,3,2014,U,,,N,F,,C,2014_03_PA049BF00_NIBRS,
6532614,16947,4,2014,U,,,N,F,,C,2014_04_PA049BF00_NIBRS,
6555064,16947,5,2014,U,,,N,F,,C,2014_05_PA049BF00_NIBRS,
6577514,16947,6,2014,U,,,N,F,,C,2014_06_PA049BF00_NIBRS,
6599964,16947,7,2014,U,,,N,F,,C,2014_07_PA049BF00_NIBRS,
6622414,16947,8,2014,U,,,N,F,,C,2014_08_PA049BF00_NIBRS,
6644864,16947,9,2014,U,,,N,F,,C,2014_09_PA049BF00_NIBRS,
6667314,16947,10,2014,U,,,N,F,,C,2014_10_PA049BF00_NIBRS,
6689764,16947,11,2014,U,,,N,F,,C,2014_11_PA049BF00_NIBRS,
6712214,16947,12,2014,U,,,N,F,,C,2014_12_PA049BF00_NIBRS,
6465265,16948,1,2014,U,,,N,F,,C,2014_01_PA049DE00_NIBRS,
6487715,16948,2,2014,U,,,N,F,,C,2014_02_PA049DE00_NIBRS,
6510165,16948,3,2014,U,,,N,F,,C,2014_03_PA049DE00_NIBRS,
6532615,16948,4,2014,U,,,N,F,,C,2014_04_PA049DE00_NIBRS,
6555065,16948,5,2014,U,,,N,F,,C,2014_05_PA049DE00_NIBRS,
6577515,16948,6,2014,U,,,N,F,,C,2014_06_PA049DE00_NIBRS,
6599965,16948,7,2014,U,,,N,F,,C,2014_07_PA049DE00_NIBRS,
6622415,16948,8,2014,U,,,N,F,,C,2014_08_PA049DE00_NIBRS,
6644865,16948,9,2014,U,,,N,F,,C,2014_09_PA049DE00_NIBRS,
6667315,16948,10,2014,U,,,N,F,,C,2014_10_PA049DE00_NIBRS,
6689765,16948,11,2014,U,,,N,F,,C,2014_11_PA049DE00_NIBRS,
6712215,16948,12,2014,U,,,N,F,,C,2014_12_PA049DE00_NIBRS,
6465266,16949,1,2014,U,,,N,F,,C,2014_01_PA049SP00_NIBRS,
6487716,16949,2,2014,U,,,N,F,,C,2014_02_PA049SP00_NIBRS,
6510166,16949,3,2014,U,,,N,F,,C,2014_03_PA049SP00_NIBRS,
6532616,16949,4,2014,U,,,N,F,,C,2014_04_PA049SP00_NIBRS,
6555066,16949,5,2014,U,,,N,F,,C,2014_05_PA049SP00_NIBRS,
6577516,16949,6,2014,U,,,N,F,,C,2014_06_PA049SP00_NIBRS,
6599966,16949,7,2014,U,,,N,F,,C,2014_07_PA049SP00_NIBRS,
6622416,16949,8,2014,U,,,N,F,,C,2014_08_PA049SP00_NIBRS,
6644866,16949,9,2014,U,,,N,F,,C,2014_09_PA049SP00_NIBRS,
6667316,16949,10,2014,U,,,N,F,,C,2014_10_PA049SP00_NIBRS,
6689766,16949,11,2014,U,,,N,F,,C,2014_11_PA049SP00_NIBRS,
6712216,16949,12,2014,U,,,N,F,,C,2014_12_PA049SP00_NIBRS,
6465267,16950,1,2014,U,,,N,F,,C,2014_01_PA04BCI0X_NIBRS,
6487717,16950,2,2014,U,,,N,F,,C,2014_02_PA04BCI0X_NIBRS,
6510167,16950,3,2014,U,,,N,F,,C,2014_03_PA04BCI0X_NIBRS,
6532617,16950,4,2014,U,,,N,F,,C,2014_04_PA04BCI0X_NIBRS,
6555067,16950,5,2014,U,,,N,F,,C,2014_05_PA04BCI0X_NIBRS,
6577517,16950,6,2014,U,,,N,F,,C,2014_06_PA04BCI0X_NIBRS,
6599967,16950,7,2014,U,,,N,F,,C,2014_07_PA04BCI0X_NIBRS,
6622417,16950,8,2014,U,,,N,F,,C,2014_08_PA04BCI0X_NIBRS,
6644867,16950,9,2014,U,,,N,F,,C,2014_09_PA04BCI0X_NIBRS,
6667317,16950,10,2014,U,,,N,F,,C,2014_10_PA04BCI0X_NIBRS,
6689767,16950,11,2014,U,,,N,F,,C,2014_11_PA04BCI0X_NIBRS,
6712217,16950,12,2014,U,,,N,F,,C,2014_12_PA04BCI0X_NIBRS,
6465268,16951,1,2014,U,,,N,F,,C,2014_01_PA0500000_NIBRS,
6487718,16951,2,2014,U,,,N,F,,C,2014_02_PA0500000_NIBRS,
6510168,16951,3,2014,U,,,N,F,,C,2014_03_PA0500000_NIBRS,
6532618,16951,4,2014,U,,,N,F,,C,2014_04_PA0500000_NIBRS,
6555068,16951,5,2014,U,,,N,F,,C,2014_05_PA0500000_NIBRS,
6577518,16951,6,2014,U,,,N,F,,C,2014_06_PA0500000_NIBRS,
6599968,16951,7,2014,U,,,N,F,,C,2014_07_PA0500000_NIBRS,
6622418,16951,8,2014,U,,,N,F,,C,2014_08_PA0500000_NIBRS,
6644868,16951,9,2014,U,,,N,F,,C,2014_09_PA0500000_NIBRS,
6667318,16951,10,2014,U,,,N,F,,C,2014_10_PA0500000_NIBRS,
6689768,16951,11,2014,U,,,N,F,,C,2014_11_PA0500000_NIBRS,
6712218,16951,12,2014,U,,,N,F,,C,2014_12_PA0500000_NIBRS,
6465269,16952,1,2014,U,,,N,F,,C,2014_01_PA0500100_NIBRS,
6487719,16952,2,2014,U,,,N,F,,C,2014_02_PA0500100_NIBRS,
6510169,16952,3,2014,U,,,N,F,,C,2014_03_PA0500100_NIBRS,
6532619,16952,4,2014,U,,,N,F,,C,2014_04_PA0500100_NIBRS,
6555069,16952,5,2014,U,,,N,F,,C,2014_05_PA0500100_NIBRS,
6577519,16952,6,2014,U,,,N,F,,C,2014_06_PA0500100_NIBRS,
6599969,16952,7,2014,U,,,N,F,,C,2014_07_PA0500100_NIBRS,
6622419,16952,8,2014,U,,,N,F,,C,2014_08_PA0500100_NIBRS,
6644869,16952,9,2014,U,,,N,F,,C,2014_09_PA0500100_NIBRS,
6667319,16952,10,2014,U,,,N,F,,C,2014_10_PA0500100_NIBRS,
6689769,16952,11,2014,U,,,N,F,,C,2014_11_PA0500100_NIBRS,
6712219,16952,12,2014,U,,,N,F,,C,2014_12_PA0500100_NIBRS,
6465270,16953,1,2014,U,,,N,F,,C,2014_01_PA0500200_NIBRS,
6487720,16953,2,2014,U,,,N,F,,C,2014_02_PA0500200_NIBRS,
6510170,16953,3,2014,U,,,N,F,,C,2014_03_PA0500200_NIBRS,
6532620,16953,4,2014,U,,,N,F,,C,2014_04_PA0500200_NIBRS,
6555070,16953,5,2014,U,,,N,F,,C,2014_05_PA0500200_NIBRS,
6577520,16953,6,2014,U,,,N,F,,C,2014_06_PA0500200_NIBRS,
6599970,16953,7,2014,U,,,N,F,,C,2014_07_PA0500200_NIBRS,
6622420,16953,8,2014,U,,,N,F,,C,2014_08_PA0500200_NIBRS,
6644870,16953,9,2014,U,,,N,F,,C,2014_09_PA0500200_NIBRS,
6667320,16953,10,2014,U,,,N,F,,C,2014_10_PA0500200_NIBRS,
6689770,16953,11,2014,U,,,N,F,,C,2014_11_PA0500200_NIBRS,
6712220,16953,12,2014,U,,,N,F,,C,2014_12_PA0500200_NIBRS,
6465271,16954,1,2014,U,,,N,F,,C,2014_01_PA0500300_NIBRS,
6487721,16954,2,2014,U,,,N,F,,C,2014_02_PA0500300_NIBRS,
6510171,16954,3,2014,U,,,N,F,,C,2014_03_PA0500300_NIBRS,
6532621,16954,4,2014,U,,,N,F,,C,2014_04_PA0500300_NIBRS,
6555071,16954,5,2014,U,,,N,F,,C,2014_05_PA0500300_NIBRS,
6577521,16954,6,2014,U,,,N,F,,C,2014_06_PA0500300_NIBRS,
6599971,16954,7,2014,U,,,N,F,,C,2014_07_PA0500300_NIBRS,
6622421,16954,8,2014,U,,,N,F,,C,2014_08_PA0500300_NIBRS,
6644871,16954,9,2014,U,,,N,F,,C,2014_09_PA0500300_NIBRS,
6667321,16954,10,2014,U,,,N,F,,C,2014_10_PA0500300_NIBRS,
6689771,16954,11,2014,U,,,N,F,,C,2014_11_PA0500300_NIBRS,
6712221,16954,12,2014,U,,,N,F,,C,2014_12_PA0500300_NIBRS,
6465272,16955,1,2014,U,,,N,F,,C,2014_01_PA0500400_NIBRS,
6487722,16955,2,2014,U,,,N,F,,C,2014_02_PA0500400_NIBRS,
6510172,16955,3,2014,U,,,N,F,,C,2014_03_PA0500400_NIBRS,
6532622,16955,4,2014,U,,,N,F,,C,2014_04_PA0500400_NIBRS,
6555072,16955,5,2014,U,,,N,F,,C,2014_05_PA0500400_NIBRS,
6577522,16955,6,2014,U,,,N,F,,C,2014_06_PA0500400_NIBRS,
6599972,16955,7,2014,U,,,N,F,,C,2014_07_PA0500400_NIBRS,
6622422,16955,8,2014,U,,,N,F,,C,2014_08_PA0500400_NIBRS,
6644872,16955,9,2014,U,,,N,F,,C,2014_09_PA0500400_NIBRS,
6667322,16955,10,2014,U,,,N,F,,C,2014_10_PA0500400_NIBRS,
6689772,16955,11,2014,U,,,N,F,,C,2014_11_PA0500400_NIBRS,
6712222,16955,12,2014,U,,,N,F,,C,2014_12_PA0500400_NIBRS,
6465273,16956,1,2014,U,,,N,F,,C,2014_01_PA0501100_NIBRS,
6487723,16956,2,2014,U,,,N,F,,C,2014_02_PA0501100_NIBRS,
6510173,16956,3,2014,U,,,N,F,,C,2014_03_PA0501100_NIBRS,
6532623,16956,4,2014,U,,,N,F,,C,2014_04_PA0501100_NIBRS,
6555073,16956,5,2014,U,,,N,F,,C,2014_05_PA0501100_NIBRS,
6577523,16956,6,2014,U,,,N,F,,C,2014_06_PA0501100_NIBRS,
6599973,16956,7,2014,U,,,N,F,,C,2014_07_PA0501100_NIBRS,
6622423,16956,8,2014,U,,,N,F,,C,2014_08_PA0501100_NIBRS,
6644873,16956,9,2014,U,,,N,F,,C,2014_09_PA0501100_NIBRS,
6667323,16956,10,2014,U,,,N,F,,C,2014_10_PA0501100_NIBRS,
6689773,16956,11,2014,U,,,N,F,,C,2014_11_PA0501100_NIBRS,
6712223,16956,12,2014,U,,,N,F,,C,2014_12_PA0501100_NIBRS,
6465274,16957,1,2014,U,,,N,F,,C,2014_01_PA0501400_NIBRS,
6487724,16957,2,2014,U,,,N,F,,C,2014_02_PA0501400_NIBRS,
6510174,16957,3,2014,U,,,N,F,,C,2014_03_PA0501400_NIBRS,
6532624,16957,4,2014,U,,,N,F,,C,2014_04_PA0501400_NIBRS,
6555074,16957,5,2014,U,,,N,F,,C,2014_05_PA0501400_NIBRS,
6577524,16957,6,2014,U,,,N,F,,C,2014_06_PA0501400_NIBRS,
6599974,16957,7,2014,U,,,N,F,,C,2014_07_PA0501400_NIBRS,
6622424,16957,8,2014,U,,,N,F,,C,2014_08_PA0501400_NIBRS,
6644874,16957,9,2014,U,,,N,F,,C,2014_09_PA0501400_NIBRS,
6667324,16957,10,2014,U,,,N,F,,C,2014_10_PA0501400_NIBRS,
6689774,16957,11,2014,U,,,N,F,,C,2014_11_PA0501400_NIBRS,
6712224,16957,12,2014,U,,,N,F,,C,2014_12_PA0501400_NIBRS,
6470487,23283,1,2014,U,,,N,F,,C,2014_01_PA0501500_NIBRS,
6492937,23283,2,2014,U,,,N,F,,C,2014_02_PA0501500_NIBRS,
6515387,23283,3,2014,U,,,N,F,,C,2014_03_PA0501500_NIBRS,
6537837,23283,4,2014,U,,,N,F,,C,2014_04_PA0501500_NIBRS,
6560287,23283,5,2014,U,,,N,F,,C,2014_05_PA0501500_NIBRS,
6582737,23283,6,2014,U,,,N,F,,C,2014_06_PA0501500_NIBRS,
6605187,23283,7,2014,U,,,N,F,,C,2014_07_PA0501500_NIBRS,
6627637,23283,8,2014,U,,,N,F,,C,2014_08_PA0501500_NIBRS,
6650087,23283,9,2014,U,,,N,F,,C,2014_09_PA0501500_NIBRS,
6672537,23283,10,2014,U,,,N,F,,C,2014_10_PA0501500_NIBRS,
6694987,23283,11,2014,U,,,N,F,,C,2014_11_PA0501500_NIBRS,
6717437,23283,12,2014,U,,,N,F,,C,2014_12_PA0501500_NIBRS,
6465275,16958,1,2014,U,,,N,F,,C,2014_01_PA050BF00_NIBRS,
6487725,16958,2,2014,U,,,N,F,,C,2014_02_PA050BF00_NIBRS,
6510175,16958,3,2014,U,,,N,F,,C,2014_03_PA050BF00_NIBRS,
6532625,16958,4,2014,U,,,N,F,,C,2014_04_PA050BF00_NIBRS,
6555075,16958,5,2014,U,,,N,F,,C,2014_05_PA050BF00_NIBRS,
6577525,16958,6,2014,U,,,N,F,,C,2014_06_PA050BF00_NIBRS,
6599975,16958,7,2014,U,,,N,F,,C,2014_07_PA050BF00_NIBRS,
6622425,16958,8,2014,U,,,N,F,,C,2014_08_PA050BF00_NIBRS,
6644875,16958,9,2014,U,,,N,F,,C,2014_09_PA050BF00_NIBRS,
6667325,16958,10,2014,U,,,N,F,,C,2014_10_PA050BF00_NIBRS,
6689775,16958,11,2014,U,,,N,F,,C,2014_11_PA050BF00_NIBRS,
6712225,16958,12,2014,U,,,N,F,,C,2014_12_PA050BF00_NIBRS,
6465283,16966,1,2014,U,,,N,F,,C,2014_01_PA0520000_NIBRS,
6487733,16966,2,2014,U,,,N,F,,C,2014_02_PA0520000_NIBRS,
6510183,16966,3,2014,U,,,N,F,,C,2014_03_PA0520000_NIBRS,
6532633,16966,4,2014,U,,,N,F,,C,2014_04_PA0520000_NIBRS,
6555083,16966,5,2014,U,,,N,F,,C,2014_05_PA0520000_NIBRS,
6577533,16966,6,2014,U,,,N,F,,C,2014_06_PA0520000_NIBRS,
6599983,16966,7,2014,U,,,N,F,,C,2014_07_PA0520000_NIBRS,
6622433,16966,8,2014,U,,,N,F,,C,2014_08_PA0520000_NIBRS,
6644883,16966,9,2014,U,,,N,F,,C,2014_09_PA0520000_NIBRS,
6667333,16966,10,2014,U,,,N,F,,C,2014_10_PA0520000_NIBRS,
6689783,16966,11,2014,U,,,N,F,,C,2014_11_PA0520000_NIBRS,
6712233,16966,12,2014,U,,,N,F,,C,2014_12_PA0520000_NIBRS,
6465335,17018,1,2014,U,,,N,F,,C,2014_01_PA0543400_NIBRS,
6487785,17018,2,2014,U,,,N,F,,C,2014_02_PA0543400_NIBRS,
6510235,17018,3,2014,U,,,N,F,,C,2014_03_PA0543400_NIBRS,
6532685,17018,4,2014,U,,,N,F,,C,2014_04_PA0543400_NIBRS,
6555135,17018,5,2014,U,,,N,F,,C,2014_05_PA0543400_NIBRS,
6577585,17018,6,2014,U,,,N,F,,C,2014_06_PA0543400_NIBRS,
6600035,17018,7,2014,U,,,N,F,,C,2014_07_PA0543400_NIBRS,
6622485,17018,8,2014,U,,,N,F,,C,2014_08_PA0543400_NIBRS,
6644935,17018,9,2014,U,,,N,F,,C,2014_09_PA0543400_NIBRS,
6667385,17018,10,2014,U,,,N,F,,C,2014_10_PA0543400_NIBRS,
6689835,17018,11,2014,U,,,N,F,,C,2014_11_PA0543400_NIBRS,
6712285,17018,12,2014,U,,,N,F,,C,2014_12_PA0543400_NIBRS,
6465336,17019,1,2014,U,,,N,F,,C,2014_01_PA0543500_NIBRS,
6487786,17019,2,2014,U,,,N,F,,C,2014_02_PA0543500_NIBRS,
6510236,17019,3,2014,U,,,N,F,,C,2014_03_PA0543500_NIBRS,
6532686,17019,4,2014,U,,,N,F,,C,2014_04_PA0543500_NIBRS,
6555136,17019,5,2014,U,,,N,F,,C,2014_05_PA0543500_NIBRS,
6577586,17019,6,2014,U,,,N,F,,C,2014_06_PA0543500_NIBRS,
6600036,17019,7,2014,U,,,N,F,,C,2014_07_PA0543500_NIBRS,
6622486,17019,8,2014,U,,,N,F,,C,2014_08_PA0543500_NIBRS,
6644936,17019,9,2014,U,,,N,F,,C,2014_09_PA0543500_NIBRS,
6667386,17019,10,2014,U,,,N,F,,C,2014_10_PA0543500_NIBRS,
6689836,17019,11,2014,U,,,N,F,,C,2014_11_PA0543500_NIBRS,
6712286,17019,12,2014,U,,,N,F,,C,2014_12_PA0543500_NIBRS,
6465337,17020,1,2014,U,,,N,F,,C,2014_01_PA0543600_NIBRS,
6487787,17020,2,2014,U,,,N,F,,C,2014_02_PA0543600_NIBRS,
6510237,17020,3,2014,U,,,N,F,,C,2014_03_PA0543600_NIBRS,
6532687,17020,4,2014,U,,,N,F,,C,2014_04_PA0543600_NIBRS,
6555137,17020,5,2014,U,,,N,F,,C,2014_05_PA0543600_NIBRS,
6577587,17020,6,2014,U,,,N,F,,C,2014_06_PA0543600_NIBRS,
6600037,17020,7,2014,U,,,N,F,,C,2014_07_PA0543600_NIBRS,
6622487,17020,8,2014,U,,,N,F,,C,2014_08_PA0543600_NIBRS,
6644937,17020,9,2014,U,,,N,F,,C,2014_09_PA0543600_NIBRS,
6667387,17020,10,2014,U,,,N,F,,C,2014_10_PA0543600_NIBRS,
6689837,17020,11,2014,U,,,N,F,,C,2014_11_PA0543600_NIBRS,
6712287,17020,12,2014,U,,,N,F,,C,2014_12_PA0543600_NIBRS,
6465484,17167,1,2014,U,,,N,F,,C,2014_01_PA0632900_NIBRS,
6487934,17167,2,2014,U,,,N,F,,C,2014_02_PA0632900_NIBRS,
6510384,17167,3,2014,U,,,N,F,,C,2014_03_PA0632900_NIBRS,
6532834,17167,4,2014,U,,,N,F,,C,2014_04_PA0632900_NIBRS,
6555284,17167,5,2014,U,,,N,F,,C,2014_05_PA0632900_NIBRS,
6577734,17167,6,2014,U,,,N,F,,C,2014_06_PA0632900_NIBRS,
6600184,17167,7,2014,U,,,N,F,,C,2014_07_PA0632900_NIBRS,
6622634,17167,8,2014,U,,,N,F,,C,2014_08_PA0632900_NIBRS,
6645084,17167,9,2014,U,,,N,F,,C,2014_09_PA0632900_NIBRS,
6667534,17167,10,2014,U,,,N,F,,C,2014_10_PA0632900_NIBRS,
6689984,17167,11,2014,U,,,N,F,,C,2014_11_PA0632900_NIBRS,
6712434,17167,12,2014,U,,,N,F,,C,2014_12_PA0632900_NIBRS,
6465485,17168,1,2014,U,,,N,F,,C,2014_01_PA0633000_NIBRS,
6487935,17168,2,2014,U,,,N,F,,C,2014_02_PA0633000_NIBRS,
6510385,17168,3,2014,U,,,N,F,,C,2014_03_PA0633000_NIBRS,
6532835,17168,4,2014,U,,,N,F,,C,2014_04_PA0633000_NIBRS,
6555285,17168,5,2014,U,,,N,F,,C,2014_05_PA0633000_NIBRS,
6577735,17168,6,2014,U,,,N,F,,C,2014_06_PA0633000_NIBRS,
6600185,17168,7,2014,U,,,N,F,,C,2014_07_PA0633000_NIBRS,
6622635,17168,8,2014,U,,,N,F,,C,2014_08_PA0633000_NIBRS,
6645085,17168,9,2014,U,,,N,F,,C,2014_09_PA0633000_NIBRS,
6667535,17168,10,2014,U,,,N,F,,C,2014_10_PA0633000_NIBRS,
6689985,17168,11,2014,U,,,N,F,,C,2014_11_PA0633000_NIBRS,
6712435,17168,12,2014,U,,,N,F,,C,2014_12_PA0633000_NIBRS,
6465486,17169,1,2014,U,,,N,F,,C,2014_01_PA0633100_NIBRS,
6487936,17169,2,2014,U,,,N,F,,C,2014_02_PA0633100_NIBRS,
6510386,17169,3,2014,U,,,N,F,,C,2014_03_PA0633100_NIBRS,
6532836,17169,4,2014,U,,,N,F,,C,2014_04_PA0633100_NIBRS,
6555286,17169,5,2014,U,,,N,F,,C,2014_05_PA0633100_NIBRS,
6577736,17169,6,2014,U,,,N,F,,C,2014_06_PA0633100_NIBRS,
6600186,17169,7,2014,U,,,N,F,,C,2014_07_PA0633100_NIBRS,
6622636,17169,8,2014,U,,,N,F,,C,2014_08_PA0633100_NIBRS,
6645086,17169,9,2014,U,,,N,F,,C,2014_09_PA0633100_NIBRS,
6667536,17169,10,2014,U,,,N,F,,C,2014_10_PA0633100_NIBRS,
6689986,17169,11,2014,U,,,N,F,,C,2014_11_PA0633100_NIBRS,
6712436,17169,12,2014,U,,,N,F,,C,2014_12_PA0633100_NIBRS,
6465487,17170,1,2014,U,,,N,F,,C,2014_01_PA0633200_NIBRS,
6487937,17170,2,2014,U,,,N,F,,C,2014_02_PA0633200_NIBRS,
6510387,17170,3,2014,U,,,N,F,,C,2014_03_PA0633200_NIBRS,
6532837,17170,4,2014,U,,,N,F,,C,2014_04_PA0633200_NIBRS,
6555287,17170,5,2014,U,,,N,F,,C,2014_05_PA0633200_NIBRS,
6577737,17170,6,2014,U,,,N,F,,C,2014_06_PA0633200_NIBRS,
6600187,17170,7,2014,U,,,N,F,,C,2014_07_PA0633200_NIBRS,
6622637,17170,8,2014,U,,,N,F,,C,2014_08_PA0633200_NIBRS,
6645087,17170,9,2014,U,,,N,F,,C,2014_09_PA0633200_NIBRS,
6667537,17170,10,2014,U,,,N,F,,C,2014_10_PA0633200_NIBRS,
6689987,17170,11,2014,U,,,N,F,,C,2014_11_PA0633200_NIBRS,
6712437,17170,12,2014,U,,,N,F,,C,2014_12_PA0633200_NIBRS,
6465488,17171,1,2014,U,,,N,F,,C,2014_01_PA0633300_NIBRS,
6487938,17171,2,2014,U,,,N,F,,C,2014_02_PA0633300_NIBRS,
6510388,17171,3,2014,U,,,N,F,,C,2014_03_PA0633300_NIBRS,
6532838,17171,4,2014,U,,,N,F,,C,2014_04_PA0633300_NIBRS,
6555288,17171,5,2014,U,,,N,F,,C,2014_05_PA0633300_NIBRS,
6577738,17171,6,2014,U,,,N,F,,C,2014_06_PA0633300_NIBRS,
6600188,17171,7,2014,U,,,N,F,,C,2014_07_PA0633300_NIBRS,
6622638,17171,8,2014,U,,,N,F,,C,2014_08_PA0633300_NIBRS,
6645088,17171,9,2014,U,,,N,F,,C,2014_09_PA0633300_NIBRS,
6667538,17171,10,2014,U,,,N,F,,C,2014_10_PA0633300_NIBRS,
6689988,17171,11,2014,U,,,N,F,,C,2014_11_PA0633300_NIBRS,
6712438,17171,12,2014,U,,,N,F,,C,2014_12_PA0633300_NIBRS,
6465489,17172,1,2014,U,,,N,F,,C,2014_01_PA0633400_NIBRS,
6487939,17172,2,2014,U,,,N,F,,C,2014_02_PA0633400_NIBRS,
6510389,17172,3,2014,U,,,N,F,,C,2014_03_PA0633400_NIBRS,
6532839,17172,4,2014,U,,,N,F,,C,2014_04_PA0633400_NIBRS,
6555289,17172,5,2014,U,,,N,F,,C,2014_05_PA0633400_NIBRS,
6577739,17172,6,2014,U,,,N,F,,C,2014_06_PA0633400_NIBRS,
6600189,17172,7,2014,U,,,N,F,,C,2014_07_PA0633400_NIBRS,
6622639,17172,8,2014,U,,,N,F,,C,2014_08_PA0633400_NIBRS,
6645089,17172,9,2014,U,,,N,F,,C,2014_09_PA0633400_NIBRS,
6667539,17172,10,2014,U,,,N,F,,C,2014_10_PA0633400_NIBRS,
6689989,17172,11,2014,U,,,N,F,,C,2014_11_PA0633400_NIBRS,
6712439,17172,12,2014,U,,,N,F,,C,2014_12_PA0633400_NIBRS,
6465490,17173,1,2014,U,,,N,F,,C,2014_01_PA0633500_NIBRS,
6487940,17173,2,2014,U,,,N,F,,C,2014_02_PA0633500_NIBRS,
6510390,17173,3,2014,U,,,N,F,,C,2014_03_PA0633500_NIBRS,
6532840,17173,4,2014,U,,,N,F,,C,2014_04_PA0633500_NIBRS,
6555290,17173,5,2014,U,,,N,F,,C,2014_05_PA0633500_NIBRS,
6577740,17173,6,2014,U,,,N,F,,C,2014_06_PA0633500_NIBRS,
6600190,17173,7,2014,U,,,N,F,,C,2014_07_PA0633500_NIBRS,
6622640,17173,8,2014,U,,,N,F,,C,2014_08_PA0633500_NIBRS,
6645090,17173,9,2014,U,,,N,F,,C,2014_09_PA0633500_NIBRS,
6667540,17173,10,2014,U,,,N,F,,C,2014_10_PA0633500_NIBRS,
6689990,17173,11,2014,U,,,N,F,,C,2014_11_PA0633500_NIBRS,
6712440,17173,12,2014,U,,,N,F,,C,2014_12_PA0633500_NIBRS,
6465491,17174,1,2014,U,,,N,F,,C,2014_01_PA0633600_NIBRS,
6487941,17174,2,2014,U,,,N,F,,C,2014_02_PA0633600_NIBRS,
6510391,17174,3,2014,U,,,N,F,,C,2014_03_PA0633600_NIBRS,
6532841,17174,4,2014,U,,,N,F,,C,2014_04_PA0633600_NIBRS,
6555291,17174,5,2014,U,,,N,F,,C,2014_05_PA0633600_NIBRS,
6577741,17174,6,2014,U,,,N,F,,C,2014_06_PA0633600_NIBRS,
6600191,17174,7,2014,U,,,N,F,,C,2014_07_PA0633600_NIBRS,
6622641,17174,8,2014,U,,,N,F,,C,2014_08_PA0633600_NIBRS,
6645091,17174,9,2014,U,,,N,F,,C,2014_09_PA0633600_NIBRS,
6667541,17174,10,2014,U,,,N,F,,C,2014_10_PA0633600_NIBRS,
6689991,17174,11,2014,U,,,N,F,,C,2014_11_PA0633600_NIBRS,
6712441,17174,12,2014,U,,,N,F,,C,2014_12_PA0633600_NIBRS,
6465492,17175,1,2014,U,,,N,F,,C,2014_01_PA0633700_NIBRS,
6487942,17175,2,2014,U,,,N,F,,C,2014_02_PA0633700_NIBRS,
6510392,17175,3,2014,U,,,N,F,,C,2014_03_PA0633700_NIBRS,
6532842,17175,4,2014,U,,,N,F,,C,2014_04_PA0633700_NIBRS,
6555292,17175,5,2014,U,,,N,F,,C,2014_05_PA0633700_NIBRS,
6577742,17175,6,2014,U,,,N,F,,C,2014_06_PA0633700_NIBRS,
6600192,17175,7,2014,U,,,N,F,,C,2014_07_PA0633700_NIBRS,
6622642,17175,8,2014,U,,,N,F,,C,2014_08_PA0633700_NIBRS,
6645092,17175,9,2014,U,,,N,F,,C,2014_09_PA0633700_NIBRS,
6667542,17175,10,2014,U,,,N,F,,C,2014_10_PA0633700_NIBRS,
6689992,17175,11,2014,U,,,N,F,,C,2014_11_PA0633700_NIBRS,
6712442,17175,12,2014,U,,,N,F,,C,2014_12_PA0633700_NIBRS,
6465493,17176,1,2014,U,,,N,F,,C,2014_01_PA0633800_NIBRS,
6487943,17176,2,2014,U,,,N,F,,C,2014_02_PA0633800_NIBRS,
6510393,17176,3,2014,U,,,N,F,,C,2014_03_PA0633800_NIBRS,
6532843,17176,4,2014,U,,,N,F,,C,2014_04_PA0633800_NIBRS,
6555293,17176,5,2014,U,,,N,F,,C,2014_05_PA0633800_NIBRS,
6577743,17176,6,2014,U,,,N,F,,C,2014_06_PA0633800_NIBRS,
6600193,17176,7,2014,U,,,N,F,,C,2014_07_PA0633800_NIBRS,
6622643,17176,8,2014,U,,,N,F,,C,2014_08_PA0633800_NIBRS,
6645093,17176,9,2014,U,,,N,F,,C,2014_09_PA0633800_NIBRS,
6667543,17176,10,2014,U,,,N,F,,C,2014_10_PA0633800_NIBRS,
6689993,17176,11,2014,U,,,N,F,,C,2014_11_PA0633800_NIBRS,
6712443,17176,12,2014,U,,,N,F,,C,2014_12_PA0633800_NIBRS,
6465494,17177,1,2014,U,,,N,F,,C,2014_01_PA0633900_NIBRS,
6487944,17177,2,2014,U,,,N,F,,C,2014_02_PA0633900_NIBRS,
6510394,17177,3,2014,U,,,N,F,,C,2014_03_PA0633900_NIBRS,
6532844,17177,4,2014,U,,,N,F,,C,2014_04_PA0633900_NIBRS,
6555294,17177,5,2014,U,,,N,F,,C,2014_05_PA0633900_NIBRS,
6577744,17177,6,2014,U,,,N,F,,C,2014_06_PA0633900_NIBRS,
6600194,17177,7,2014,U,,,N,F,,C,2014_07_PA0633900_NIBRS,
6622644,17177,8,2014,U,,,N,F,,C,2014_08_PA0633900_NIBRS,
6645094,17177,9,2014,U,,,N,F,,C,2014_09_PA0633900_NIBRS,
6667544,17177,10,2014,U,,,N,F,,C,2014_10_PA0633900_NIBRS,
6689994,17177,11,2014,U,,,N,F,,C,2014_11_PA0633900_NIBRS,
6712444,17177,12,2014,U,,,N,F,,C,2014_12_PA0633900_NIBRS,
6465495,17178,1,2014,U,,,N,F,,C,2014_01_PA0634000_NIBRS,
6487945,17178,2,2014,U,,,N,F,,C,2014_02_PA0634000_NIBRS,
6510395,17178,3,2014,U,,,N,F,,C,2014_03_PA0634000_NIBRS,
6532845,17178,4,2014,U,,,N,F,,C,2014_04_PA0634000_NIBRS,
6555295,17178,5,2014,U,,,N,F,,C,2014_05_PA0634000_NIBRS,
6577745,17178,6,2014,U,,,N,F,,C,2014_06_PA0634000_NIBRS,
6600195,17178,7,2014,U,,,N,F,,C,2014_07_PA0634000_NIBRS,
6622645,17178,8,2014,U,,,N,F,,C,2014_08_PA0634000_NIBRS,
6645095,17178,9,2014,U,,,N,F,,C,2014_09_PA0634000_NIBRS,
6667545,17178,10,2014,U,,,N,F,,C,2014_10_PA0634000_NIBRS,
6689995,17178,11,2014,U,,,N,F,,C,2014_11_PA0634000_NIBRS,
6712445,17178,12,2014,U,,,N,F,,C,2014_12_PA0634000_NIBRS,
6465496,17179,1,2014,U,,,N,F,,C,2014_01_PA0634100_NIBRS,
6487946,17179,2,2014,U,,,N,F,,C,2014_02_PA0634100_NIBRS,
6510396,17179,3,2014,U,,,N,F,,C,2014_03_PA0634100_NIBRS,
6532846,17179,4,2014,U,,,N,F,,C,2014_04_PA0634100_NIBRS,
6555296,17179,5,2014,U,,,N,F,,C,2014_05_PA0634100_NIBRS,
6577746,17179,6,2014,U,,,N,F,,C,2014_06_PA0634100_NIBRS,
6600196,17179,7,2014,U,,,N,F,,C,2014_07_PA0634100_NIBRS,
6622646,17179,8,2014,U,,,N,F,,C,2014_08_PA0634100_NIBRS,
6645096,17179,9,2014,U,,,N,F,,C,2014_09_PA0634100_NIBRS,
6667546,17179,10,2014,U,,,N,F,,C,2014_10_PA0634100_NIBRS,
6689996,17179,11,2014,U,,,N,F,,C,2014_11_PA0634100_NIBRS,
6712446,17179,12,2014,U,,,N,F,,C,2014_12_PA0634100_NIBRS,
6465344,17027,1,2014,U,,,N,F,,C,2014_01_PA0544300_NIBRS,
6487794,17027,2,2014,U,,,N,F,,C,2014_02_PA0544300_NIBRS,
6510244,17027,3,2014,U,,,N,F,,C,2014_03_PA0544300_NIBRS,
6532694,17027,4,2014,U,,,N,F,,C,2014_04_PA0544300_NIBRS,
6555144,17027,5,2014,U,,,N,F,,C,2014_05_PA0544300_NIBRS,
6577594,17027,6,2014,U,,,N,F,,C,2014_06_PA0544300_NIBRS,
6600044,17027,7,2014,U,,,N,F,,C,2014_07_PA0544300_NIBRS,
6622494,17027,8,2014,U,,,N,F,,C,2014_08_PA0544300_NIBRS,
6644944,17027,9,2014,U,,,N,F,,C,2014_09_PA0544300_NIBRS,
6667394,17027,10,2014,U,,,N,F,,C,2014_10_PA0544300_NIBRS,
6689844,17027,11,2014,U,,,N,F,,C,2014_11_PA0544300_NIBRS,
6712294,17027,12,2014,U,,,N,F,,C,2014_12_PA0544300_NIBRS,
6465345,17028,1,2014,U,,,N,F,,C,2014_01_PA0544500_NIBRS,
6487795,17028,2,2014,U,,,N,F,,C,2014_02_PA0544500_NIBRS,
6510245,17028,3,2014,U,,,N,F,,C,2014_03_PA0544500_NIBRS,
6532695,17028,4,2014,U,,,N,F,,C,2014_04_PA0544500_NIBRS,
6555145,17028,5,2014,U,,,N,F,,C,2014_05_PA0544500_NIBRS,
6577595,17028,6,2014,U,,,N,F,,C,2014_06_PA0544500_NIBRS,
6600045,17028,7,2014,U,,,N,F,,C,2014_07_PA0544500_NIBRS,
6622495,17028,8,2014,U,,,N,F,,C,2014_08_PA0544500_NIBRS,
6644945,17028,9,2014,U,,,N,F,,C,2014_09_PA0544500_NIBRS,
6667395,17028,10,2014,U,,,N,F,,C,2014_10_PA0544500_NIBRS,
6689845,17028,11,2014,U,,,N,F,,C,2014_11_PA0544500_NIBRS,
6712295,17028,12,2014,U,,,N,F,,C,2014_12_PA0544500_NIBRS,
6464661,16344,1,2014,U,,,N,F,,C,2014_01_PA0222200_NIBRS,
6487111,16344,2,2014,U,,,N,F,,C,2014_02_PA0222200_NIBRS,
6509561,16344,3,2014,U,,,N,F,,C,2014_03_PA0222200_NIBRS,
6532011,16344,4,2014,U,,,N,F,,C,2014_04_PA0222200_NIBRS,
6554461,16344,5,2014,U,,,N,F,,C,2014_05_PA0222200_NIBRS,
6576911,16344,6,2014,U,,,N,F,,C,2014_06_PA0222200_NIBRS,
6599361,16344,7,2014,U,,,N,F,,C,2014_07_PA0222200_NIBRS,
6621811,16344,8,2014,U,,,N,F,,C,2014_08_PA0222200_NIBRS,
6644261,16344,9,2014,U,,,N,F,,C,2014_09_PA0222200_NIBRS,
6666711,16344,10,2014,U,,,N,F,,C,2014_10_PA0222200_NIBRS,
6689161,16344,11,2014,U,,,N,F,,C,2014_11_PA0222200_NIBRS,
6711611,16344,12,2014,U,,,N,F,,C,2014_12_PA0222200_NIBRS,
6464662,16345,1,2014,U,,,N,F,,C,2014_01_PA0222300_NIBRS,
6487112,16345,2,2014,U,,,N,F,,C,2014_02_PA0222300_NIBRS,
6509562,16345,3,2014,U,,,N,F,,C,2014_03_PA0222300_NIBRS,
6532012,16345,4,2014,U,,,N,F,,C,2014_04_PA0222300_NIBRS,
6554462,16345,5,2014,U,,,N,F,,C,2014_05_PA0222300_NIBRS,
6576912,16345,6,2014,U,,,N,F,,C,2014_06_PA0222300_NIBRS,
6599362,16345,7,2014,U,,,N,F,,C,2014_07_PA0222300_NIBRS,
6621812,16345,8,2014,U,,,N,F,,C,2014_08_PA0222300_NIBRS,
6644262,16345,9,2014,U,,,N,F,,C,2014_09_PA0222300_NIBRS,
6666712,16345,10,2014,U,,,N,F,,C,2014_10_PA0222300_NIBRS,
6689162,16345,11,2014,U,,,N,F,,C,2014_11_PA0222300_NIBRS,
6711612,16345,12,2014,U,,,N,F,,C,2014_12_PA0222300_NIBRS,
6464663,16346,1,2014,U,,,N,F,,C,2014_01_PA0222500_NIBRS,
6487113,16346,2,2014,U,,,N,F,,C,2014_02_PA0222500_NIBRS,
6509563,16346,3,2014,U,,,N,F,,C,2014_03_PA0222500_NIBRS,
6532013,16346,4,2014,U,,,N,F,,C,2014_04_PA0222500_NIBRS,
6554463,16346,5,2014,U,,,N,F,,C,2014_05_PA0222500_NIBRS,
6576913,16346,6,2014,U,,,N,F,,C,2014_06_PA0222500_NIBRS,
6599363,16346,7,2014,U,,,N,F,,C,2014_07_PA0222500_NIBRS,
6621813,16346,8,2014,U,,,N,F,,C,2014_08_PA0222500_NIBRS,
6644263,16346,9,2014,U,,,N,F,,C,2014_09_PA0222500_NIBRS,
6666713,16346,10,2014,U,,,N,F,,C,2014_10_PA0222500_NIBRS,
6689163,16346,11,2014,U,,,N,F,,C,2014_11_PA0222500_NIBRS,
6711613,16346,12,2014,U,,,N,F,,C,2014_12_PA0222500_NIBRS,
6464664,16347,1,2014,U,,,N,F,,C,2014_01_PA0222600_NIBRS,
6487114,16347,2,2014,U,,,N,F,,C,2014_02_PA0222600_NIBRS,
6509564,16347,3,2014,U,,,N,F,,C,2014_03_PA0222600_NIBRS,
6532014,16347,4,2014,U,,,N,F,,C,2014_04_PA0222600_NIBRS,
6554464,16347,5,2014,U,,,N,F,,C,2014_05_PA0222600_NIBRS,
6576914,16347,6,2014,U,,,N,F,,C,2014_06_PA0222600_NIBRS,
6599364,16347,7,2014,U,,,N,F,,C,2014_07_PA0222600_NIBRS,
6621814,16347,8,2014,U,,,N,F,,C,2014_08_PA0222600_NIBRS,
6644264,16347,9,2014,U,,,N,F,,C,2014_09_PA0222600_NIBRS,
6666714,16347,10,2014,U,,,N,F,,C,2014_10_PA0222600_NIBRS,
6689164,16347,11,2014,U,,,N,F,,C,2014_11_PA0222600_NIBRS,
6711614,16347,12,2014,U,,,N,F,,C,2014_12_PA0222600_NIBRS,
6464665,16348,1,2014,U,,,N,F,,C,2014_01_PA0222700_NIBRS,
6487115,16348,2,2014,U,,,N,F,,C,2014_02_PA0222700_NIBRS,
6509565,16348,3,2014,U,,,N,F,,C,2014_03_PA0222700_NIBRS,
6532015,16348,4,2014,U,,,N,F,,C,2014_04_PA0222700_NIBRS,
6554465,16348,5,2014,U,,,N,F,,C,2014_05_PA0222700_NIBRS,
6576915,16348,6,2014,U,,,N,F,,C,2014_06_PA0222700_NIBRS,
6599365,16348,7,2014,U,,,N,F,,C,2014_07_PA0222700_NIBRS,
6621815,16348,8,2014,U,,,N,F,,C,2014_08_PA0222700_NIBRS,
6644265,16348,9,2014,U,,,N,F,,C,2014_09_PA0222700_NIBRS,
6666715,16348,10,2014,U,,,N,F,,C,2014_10_PA0222700_NIBRS,
6689165,16348,11,2014,U,,,N,F,,C,2014_11_PA0222700_NIBRS,
6711615,16348,12,2014,U,,,N,F,,C,2014_12_PA0222700_NIBRS,
6465332,17015,1,2014,U,,,N,F,,C,2014_01_PA0543000_NIBRS,
6487782,17015,2,2014,U,,,N,F,,C,2014_02_PA0543000_NIBRS,
6510232,17015,3,2014,U,,,N,F,,C,2014_03_PA0543000_NIBRS,
6532682,17015,4,2014,U,,,N,F,,C,2014_04_PA0543000_NIBRS,
6555132,17015,5,2014,U,,,N,F,,C,2014_05_PA0543000_NIBRS,
6577582,17015,6,2014,U,,,N,F,,C,2014_06_PA0543000_NIBRS,
6600032,17015,7,2014,U,,,N,F,,C,2014_07_PA0543000_NIBRS,
6622482,17015,8,2014,U,,,N,F,,C,2014_08_PA0543000_NIBRS,
6644932,17015,9,2014,U,,,N,F,,C,2014_09_PA0543000_NIBRS,
6667382,17015,10,2014,U,,,N,F,,C,2014_10_PA0543000_NIBRS,
6689832,17015,11,2014,U,,,N,F,,C,2014_11_PA0543000_NIBRS,
6712282,17015,12,2014,U,,,N,F,,C,2014_12_PA0543000_NIBRS,
6465322,17005,1,2014,U,,,N,F,,C,2014_01_PA0541900_NIBRS,
6487772,17005,2,2014,U,,,N,F,,C,2014_02_PA0541900_NIBRS,
6510222,17005,3,2014,U,,,N,F,,C,2014_03_PA0541900_NIBRS,
6532672,17005,4,2014,U,,,N,F,,C,2014_04_PA0541900_NIBRS,
6555122,17005,5,2014,U,,,N,F,,C,2014_05_PA0541900_NIBRS,
6577572,17005,6,2014,U,,,N,F,,C,2014_06_PA0541900_NIBRS,
6600022,17005,7,2014,U,,,N,F,,C,2014_07_PA0541900_NIBRS,
6622472,17005,8,2014,U,,,N,F,,C,2014_08_PA0541900_NIBRS,
6644922,17005,9,2014,U,,,N,F,,C,2014_09_PA0541900_NIBRS,
6667372,17005,10,2014,U,,,N,F,,C,2014_10_PA0541900_NIBRS,
6689822,17005,11,2014,U,,,N,F,,C,2014_11_PA0541900_NIBRS,
6712272,17005,12,2014,U,,,N,F,,C,2014_12_PA0541900_NIBRS,
6465323,17006,1,2014,U,,,N,F,,C,2014_01_PA0542000_NIBRS,
6487773,17006,2,2014,U,,,N,F,,C,2014_02_PA0542000_NIBRS,
6510223,17006,3,2014,U,,,N,F,,C,2014_03_PA0542000_NIBRS,
6532673,17006,4,2014,U,,,N,F,,C,2014_04_PA0542000_NIBRS,
6555123,17006,5,2014,U,,,N,F,,C,2014_05_PA0542000_NIBRS,
6577573,17006,6,2014,U,,,N,F,,C,2014_06_PA0542000_NIBRS,
6600023,17006,7,2014,U,,,N,F,,C,2014_07_PA0542000_NIBRS,
6622473,17006,8,2014,U,,,N,F,,C,2014_08_PA0542000_NIBRS,
6644923,17006,9,2014,U,,,N,F,,C,2014_09_PA0542000_NIBRS,
6667373,17006,10,2014,U,,,N,F,,C,2014_10_PA0542000_NIBRS,
6689823,17006,11,2014,U,,,N,F,,C,2014_11_PA0542000_NIBRS,
6712273,17006,12,2014,U,,,N,F,,C,2014_12_PA0542000_NIBRS,
6465324,17007,1,2014,U,,,N,F,,C,2014_01_PA0542100_NIBRS,
6487774,17007,2,2014,U,,,N,F,,C,2014_02_PA0542100_NIBRS,
6510224,17007,3,2014,U,,,N,F,,C,2014_03_PA0542100_NIBRS,
6532674,17007,4,2014,U,,,N,F,,C,2014_04_PA0542100_NIBRS,
6555124,17007,5,2014,U,,,N,F,,C,2014_05_PA0542100_NIBRS,
6577574,17007,6,2014,U,,,N,F,,C,2014_06_PA0542100_NIBRS,
6600024,17007,7,2014,U,,,N,F,,C,2014_07_PA0542100_NIBRS,
6622474,17007,8,2014,U,,,N,F,,C,2014_08_PA0542100_NIBRS,
6644924,17007,9,2014,U,,,N,F,,C,2014_09_PA0542100_NIBRS,
6667374,17007,10,2014,U,,,N,F,,C,2014_10_PA0542100_NIBRS,
6689824,17007,11,2014,U,,,N,F,,C,2014_11_PA0542100_NIBRS,
6712274,17007,12,2014,U,,,N,F,,C,2014_12_PA0542100_NIBRS,
6465325,17008,1,2014,U,,,N,F,,C,2014_01_PA0542200_NIBRS,
6487775,17008,2,2014,U,,,N,F,,C,2014_02_PA0542200_NIBRS,
6510225,17008,3,2014,U,,,N,F,,C,2014_03_PA0542200_NIBRS,
6532675,17008,4,2014,U,,,N,F,,C,2014_04_PA0542200_NIBRS,
6555125,17008,5,2014,U,,,N,F,,C,2014_05_PA0542200_NIBRS,
6577575,17008,6,2014,U,,,N,F,,C,2014_06_PA0542200_NIBRS,
6600025,17008,7,2014,U,,,N,F,,C,2014_07_PA0542200_NIBRS,
6622475,17008,8,2014,U,,,N,F,,C,2014_08_PA0542200_NIBRS,
6644925,17008,9,2014,U,,,N,F,,C,2014_09_PA0542200_NIBRS,
6667375,17008,10,2014,U,,,N,F,,C,2014_10_PA0542200_NIBRS,
6689825,17008,11,2014,U,,,N,F,,C,2014_11_PA0542200_NIBRS,
6712275,17008,12,2014,U,,,N,F,,C,2014_12_PA0542200_NIBRS,
6465326,17009,1,2014,U,,,N,F,,C,2014_01_PA0542300_NIBRS,
6487776,17009,2,2014,U,,,N,F,,C,2014_02_PA0542300_NIBRS,
6510226,17009,3,2014,U,,,N,F,,C,2014_03_PA0542300_NIBRS,
6532676,17009,4,2014,U,,,N,F,,C,2014_04_PA0542300_NIBRS,
6555126,17009,5,2014,U,,,N,F,,C,2014_05_PA0542300_NIBRS,
6577576,17009,6,2014,U,,,N,F,,C,2014_06_PA0542300_NIBRS,
6600026,17009,7,2014,U,,,N,F,,C,2014_07_PA0542300_NIBRS,
6622476,17009,8,2014,U,,,N,F,,C,2014_08_PA0542300_NIBRS,
6644926,17009,9,2014,U,,,N,F,,C,2014_09_PA0542300_NIBRS,
6667376,17009,10,2014,U,,,N,F,,C,2014_10_PA0542300_NIBRS,
6689826,17009,11,2014,U,,,N,F,,C,2014_11_PA0542300_NIBRS,
6712276,17009,12,2014,U,,,N,F,,C,2014_12_PA0542300_NIBRS,
6465327,17010,1,2014,U,,,N,F,,C,2014_01_PA0542400_NIBRS,
6487777,17010,2,2014,U,,,N,F,,C,2014_02_PA0542400_NIBRS,
6510227,17010,3,2014,U,,,N,F,,C,2014_03_PA0542400_NIBRS,
6532677,17010,4,2014,U,,,N,F,,C,2014_04_PA0542400_NIBRS,
6555127,17010,5,2014,U,,,N,F,,C,2014_05_PA0542400_NIBRS,
6577577,17010,6,2014,U,,,N,F,,C,2014_06_PA0542400_NIBRS,
6600027,17010,7,2014,U,,,N,F,,C,2014_07_PA0542400_NIBRS,
6622477,17010,8,2014,U,,,N,F,,C,2014_08_PA0542400_NIBRS,
6644927,17010,9,2014,U,,,N,F,,C,2014_09_PA0542400_NIBRS,
6667377,17010,10,2014,U,,,N,F,,C,2014_10_PA0542400_NIBRS,
6689827,17010,11,2014,U,,,N,F,,C,2014_11_PA0542400_NIBRS,
6712277,17010,12,2014,U,,,N,F,,C,2014_12_PA0542400_NIBRS,
6465328,17011,1,2014,U,,,N,F,,C,2014_01_PA0542600_NIBRS,
6487778,17011,2,2014,U,,,N,F,,C,2014_02_PA0542600_NIBRS,
6510228,17011,3,2014,U,,,N,F,,C,2014_03_PA0542600_NIBRS,
6532678,17011,4,2014,U,,,N,F,,C,2014_04_PA0542600_NIBRS,
6555128,17011,5,2014,U,,,N,F,,C,2014_05_PA0542600_NIBRS,
6577578,17011,6,2014,U,,,N,F,,C,2014_06_PA0542600_NIBRS,
6600028,17011,7,2014,U,,,N,F,,C,2014_07_PA0542600_NIBRS,
6622478,17011,8,2014,U,,,N,F,,C,2014_08_PA0542600_NIBRS,
6644928,17011,9,2014,U,,,N,F,,C,2014_09_PA0542600_NIBRS,
6667378,17011,10,2014,U,,,N,F,,C,2014_10_PA0542600_NIBRS,
6689828,17011,11,2014,U,,,N,F,,C,2014_11_PA0542600_NIBRS,
6712278,17011,12,2014,U,,,N,F,,C,2014_12_PA0542600_NIBRS,
6465329,17012,1,2014,U,,,N,F,,C,2014_01_PA0542700_NIBRS,
6487779,17012,2,2014,U,,,N,F,,C,2014_02_PA0542700_NIBRS,
6510229,17012,3,2014,U,,,N,F,,C,2014_03_PA0542700_NIBRS,
6532679,17012,4,2014,U,,,N,F,,C,2014_04_PA0542700_NIBRS,
6555129,17012,5,2014,U,,,N,F,,C,2014_05_PA0542700_NIBRS,
6577579,17012,6,2014,U,,,N,F,,C,2014_06_PA0542700_NIBRS,
6600029,17012,7,2014,U,,,N,F,,C,2014_07_PA0542700_NIBRS,
6622479,17012,8,2014,U,,,N,F,,C,2014_08_PA0542700_NIBRS,
6644929,17012,9,2014,U,,,N,F,,C,2014_09_PA0542700_NIBRS,
6667379,17012,10,2014,U,,,N,F,,C,2014_10_PA0542700_NIBRS,
6689829,17012,11,2014,U,,,N,F,,C,2014_11_PA0542700_NIBRS,
6712279,17012,12,2014,U,,,N,F,,C,2014_12_PA0542700_NIBRS,
6465330,17013,1,2014,U,,,N,F,,C,2014_01_PA0542800_NIBRS,
6487780,17013,2,2014,U,,,N,F,,C,2014_02_PA0542800_NIBRS,
6510230,17013,3,2014,U,,,N,F,,C,2014_03_PA0542800_NIBRS,
6532680,17013,4,2014,U,,,N,F,,C,2014_04_PA0542800_NIBRS,
6555130,17013,5,2014,U,,,N,F,,C,2014_05_PA0542800_NIBRS,
6577580,17013,6,2014,U,,,N,F,,C,2014_06_PA0542800_NIBRS,
6600030,17013,7,2014,U,,,N,F,,C,2014_07_PA0542800_NIBRS,
6622480,17013,8,2014,U,,,N,F,,C,2014_08_PA0542800_NIBRS,
6644930,17013,9,2014,U,,,N,F,,C,2014_09_PA0542800_NIBRS,
6667380,17013,10,2014,U,,,N,F,,C,2014_10_PA0542800_NIBRS,
6689830,17013,11,2014,U,,,N,F,,C,2014_11_PA0542800_NIBRS,
6712280,17013,12,2014,U,,,N,F,,C,2014_12_PA0542800_NIBRS,
6465331,17014,1,2014,U,,,N,F,,C,2014_01_PA0542900_NIBRS,
6487781,17014,2,2014,U,,,N,F,,C,2014_02_PA0542900_NIBRS,
6510231,17014,3,2014,U,,,N,F,,C,2014_03_PA0542900_NIBRS,
6532681,17014,4,2014,U,,,N,F,,C,2014_04_PA0542900_NIBRS,
6555131,17014,5,2014,U,,,N,F,,C,2014_05_PA0542900_NIBRS,
6577581,17014,6,2014,U,,,N,F,,C,2014_06_PA0542900_NIBRS,
6600031,17014,7,2014,U,,,N,F,,C,2014_07_PA0542900_NIBRS,
6622481,17014,8,2014,U,,,N,F,,C,2014_08_PA0542900_NIBRS,
6644931,17014,9,2014,U,,,N,F,,C,2014_09_PA0542900_NIBRS,
6667381,17014,10,2014,U,,,N,F,,C,2014_10_PA0542900_NIBRS,
6689831,17014,11,2014,U,,,N,F,,C,2014_11_PA0542900_NIBRS,
6712281,17014,12,2014,U,,,N,F,,C,2014_12_PA0542900_NIBRS,
6465497,17180,1,2014,U,,,N,F,,C,2014_01_PA0634400_NIBRS,
6487947,17180,2,2014,U,,,N,F,,C,2014_02_PA0634400_NIBRS,
6510397,17180,3,2014,U,,,N,F,,C,2014_03_PA0634400_NIBRS,
6532847,17180,4,2014,U,,,N,F,,C,2014_04_PA0634400_NIBRS,
6555297,17180,5,2014,U,,,N,F,,C,2014_05_PA0634400_NIBRS,
6577747,17180,6,2014,U,,,N,F,,C,2014_06_PA0634400_NIBRS,
6600197,17180,7,2014,U,,,N,F,,C,2014_07_PA0634400_NIBRS,
6622647,17180,8,2014,U,,,N,F,,C,2014_08_PA0634400_NIBRS,
6645097,17180,9,2014,U,,,N,F,,C,2014_09_PA0634400_NIBRS,
6667547,17180,10,2014,U,,,N,F,,C,2014_10_PA0634400_NIBRS,
6689997,17180,11,2014,U,,,N,F,,C,2014_11_PA0634400_NIBRS,
6712447,17180,12,2014,U,,,N,F,,C,2014_12_PA0634400_NIBRS,
6465498,17181,1,2014,U,,,N,F,,C,2014_01_PA0634500_NIBRS,
6487948,17181,2,2014,U,,,N,F,,C,2014_02_PA0634500_NIBRS,
6510398,17181,3,2014,U,,,N,F,,C,2014_03_PA0634500_NIBRS,
6532848,17181,4,2014,U,,,N,F,,C,2014_04_PA0634500_NIBRS,
6555298,17181,5,2014,U,,,N,F,,C,2014_05_PA0634500_NIBRS,
6577748,17181,6,2014,U,,,N,F,,C,2014_06_PA0634500_NIBRS,
6600198,17181,7,2014,U,,,N,F,,C,2014_07_PA0634500_NIBRS,
6622648,17181,8,2014,U,,,N,F,,C,2014_08_PA0634500_NIBRS,
6645098,17181,9,2014,U,,,N,F,,C,2014_09_PA0634500_NIBRS,
6667548,17181,10,2014,U,,,N,F,,C,2014_10_PA0634500_NIBRS,
6689998,17181,11,2014,U,,,N,F,,C,2014_11_PA0634500_NIBRS,
6712448,17181,12,2014,U,,,N,F,,C,2014_12_PA0634500_NIBRS,
6465499,17182,1,2014,U,,,N,F,,C,2014_01_PA0634600_NIBRS,
6487949,17182,2,2014,U,,,N,F,,C,2014_02_PA0634600_NIBRS,
6510399,17182,3,2014,U,,,N,F,,C,2014_03_PA0634600_NIBRS,
6532849,17182,4,2014,U,,,N,F,,C,2014_04_PA0634600_NIBRS,
6555299,17182,5,2014,U,,,N,F,,C,2014_05_PA0634600_NIBRS,
6577749,17182,6,2014,U,,,N,F,,C,2014_06_PA0634600_NIBRS,
6600199,17182,7,2014,U,,,N,F,,C,2014_07_PA0634600_NIBRS,
6622649,17182,8,2014,U,,,N,F,,C,2014_08_PA0634600_NIBRS,
6645099,17182,9,2014,U,,,N,F,,C,2014_09_PA0634600_NIBRS,
6667549,17182,10,2014,U,,,N,F,,C,2014_10_PA0634600_NIBRS,
6689999,17182,11,2014,U,,,N,F,,C,2014_11_PA0634600_NIBRS,
6712449,17182,12,2014,U,,,N,F,,C,2014_12_PA0634600_NIBRS,
6465500,17183,1,2014,U,,,N,F,,C,2014_01_PA0634700_NIBRS,
6487950,17183,2,2014,U,,,N,F,,C,2014_02_PA0634700_NIBRS,
6510400,17183,3,2014,U,,,N,F,,C,2014_03_PA0634700_NIBRS,
6532850,17183,4,2014,U,,,N,F,,C,2014_04_PA0634700_NIBRS,
6555300,17183,5,2014,U,,,N,F,,C,2014_05_PA0634700_NIBRS,
6577750,17183,6,2014,U,,,N,F,,C,2014_06_PA0634700_NIBRS,
6600200,17183,7,2014,U,,,N,F,,C,2014_07_PA0634700_NIBRS,
6622650,17183,8,2014,U,,,N,F,,C,2014_08_PA0634700_NIBRS,
6645100,17183,9,2014,U,,,N,F,,C,2014_09_PA0634700_NIBRS,
6667550,17183,10,2014,U,,,N,F,,C,2014_10_PA0634700_NIBRS,
6690000,17183,11,2014,U,,,N,F,,C,2014_11_PA0634700_NIBRS,
6712450,17183,12,2014,U,,,N,F,,C,2014_12_PA0634700_NIBRS,
6465501,17184,1,2014,U,,,N,F,,C,2014_01_PA0634900_NIBRS,
6487951,17184,2,2014,U,,,N,F,,C,2014_02_PA0634900_NIBRS,
6510401,17184,3,2014,U,,,N,F,,C,2014_03_PA0634900_NIBRS,
6532851,17184,4,2014,U,,,N,F,,C,2014_04_PA0634900_NIBRS,
6555301,17184,5,2014,U,,,N,F,,C,2014_05_PA0634900_NIBRS,
6577751,17184,6,2014,U,,,N,F,,C,2014_06_PA0634900_NIBRS,
6600201,17184,7,2014,U,,,N,F,,C,2014_07_PA0634900_NIBRS,
6622651,17184,8,2014,U,,,N,F,,C,2014_08_PA0634900_NIBRS,
6645101,17184,9,2014,U,,,N,F,,C,2014_09_PA0634900_NIBRS,
6667551,17184,10,2014,U,,,N,F,,C,2014_10_PA0634900_NIBRS,
6690001,17184,11,2014,U,,,N,F,,C,2014_11_PA0634900_NIBRS,
6712451,17184,12,2014,U,,,N,F,,C,2014_12_PA0634900_NIBRS,
6465502,17185,1,2014,U,,,N,F,,C,2014_01_PA0635000_NIBRS,
6487952,17185,2,2014,U,,,N,F,,C,2014_02_PA0635000_NIBRS,
6510402,17185,3,2014,U,,,N,F,,C,2014_03_PA0635000_NIBRS,
6532852,17185,4,2014,U,,,N,F,,C,2014_04_PA0635000_NIBRS,
6555302,17185,5,2014,U,,,N,F,,C,2014_05_PA0635000_NIBRS,
6577752,17185,6,2014,U,,,N,F,,C,2014_06_PA0635000_NIBRS,
6600202,17185,7,2014,U,,,N,F,,C,2014_07_PA0635000_NIBRS,
6622652,17185,8,2014,U,,,N,F,,C,2014_08_PA0635000_NIBRS,
6645102,17185,9,2014,U,,,N,F,,C,2014_09_PA0635000_NIBRS,
6667552,17185,10,2014,U,,,N,F,,C,2014_10_PA0635000_NIBRS,
6690002,17185,11,2014,U,,,N,F,,C,2014_11_PA0635000_NIBRS,
6712452,17185,12,2014,U,,,N,F,,C,2014_12_PA0635000_NIBRS,
6470502,23298,1,2014,U,,,N,F,,C,2014_01_PA0635300_NIBRS,
6492952,23298,2,2014,U,,,N,F,,C,2014_02_PA0635300_NIBRS,
6515402,23298,3,2014,U,,,N,F,,C,2014_03_PA0635300_NIBRS,
6537852,23298,4,2014,U,,,N,F,,C,2014_04_PA0635300_NIBRS,
6560302,23298,5,2014,U,,,N,F,,C,2014_05_PA0635300_NIBRS,
6582752,23298,6,2014,U,,,N,F,,C,2014_06_PA0635300_NIBRS,
6605202,23298,7,2014,U,,,N,F,,C,2014_07_PA0635300_NIBRS,
6627652,23298,8,2014,U,,,N,F,,C,2014_08_PA0635300_NIBRS,
6650102,23298,9,2014,U,,,N,F,,C,2014_09_PA0635300_NIBRS,
6672552,23298,10,2014,U,,,N,F,,C,2014_10_PA0635300_NIBRS,
6695002,23298,11,2014,U,,,N,F,,C,2014_11_PA0635300_NIBRS,
6717452,23298,12,2014,U,,,N,F,,C,2014_12_PA0635300_NIBRS,
6464666,16349,1,2014,U,,,N,F,,C,2014_01_PA0222800_NIBRS,
6487116,16349,2,2014,U,,,N,F,,C,2014_02_PA0222800_NIBRS,
6509566,16349,3,2014,U,,,N,F,,C,2014_03_PA0222800_NIBRS,
6532016,16349,4,2014,U,,,N,F,,C,2014_04_PA0222800_NIBRS,
6554466,16349,5,2014,U,,,N,F,,C,2014_05_PA0222800_NIBRS,
6576916,16349,6,2014,U,,,N,F,,C,2014_06_PA0222800_NIBRS,
6599366,16349,7,2014,U,,,N,F,,C,2014_07_PA0222800_NIBRS,
6621816,16349,8,2014,U,,,N,F,,C,2014_08_PA0222800_NIBRS,
6644266,16349,9,2014,U,,,N,F,,C,2014_09_PA0222800_NIBRS,
6666716,16349,10,2014,U,,,N,F,,C,2014_10_PA0222800_NIBRS,
6689166,16349,11,2014,U,,,N,F,,C,2014_11_PA0222800_NIBRS,
6711616,16349,12,2014,U,,,N,F,,C,2014_12_PA0222800_NIBRS,
6464667,16350,1,2014,U,,,N,F,,C,2014_01_PA0223200_NIBRS,
6487117,16350,2,2014,U,,,N,F,,C,2014_02_PA0223200_NIBRS,
6509567,16350,3,2014,U,,,N,F,,C,2014_03_PA0223200_NIBRS,
6532017,16350,4,2014,U,,,N,F,,C,2014_04_PA0223200_NIBRS,
6554467,16350,5,2014,U,,,N,F,,C,2014_05_PA0223200_NIBRS,
6576917,16350,6,2014,U,,,N,F,,C,2014_06_PA0223200_NIBRS,
6599367,16350,7,2014,U,,,N,F,,C,2014_07_PA0223200_NIBRS,
6621817,16350,8,2014,U,,,N,F,,C,2014_08_PA0223200_NIBRS,
6644267,16350,9,2014,U,,,N,F,,C,2014_09_PA0223200_NIBRS,
6666717,16350,10,2014,U,,,N,F,,C,2014_10_PA0223200_NIBRS,
6689167,16350,11,2014,U,,,N,F,,C,2014_11_PA0223200_NIBRS,
6711617,16350,12,2014,U,,,N,F,,C,2014_12_PA0223200_NIBRS,
6464668,16351,1,2014,U,,,N,F,,C,2014_01_PA0223400_NIBRS,
6487118,16351,2,2014,U,,,N,F,,C,2014_02_PA0223400_NIBRS,
6509568,16351,3,2014,U,,,N,F,,C,2014_03_PA0223400_NIBRS,
6532018,16351,4,2014,U,,,N,F,,C,2014_04_PA0223400_NIBRS,
6554468,16351,5,2014,U,,,N,F,,C,2014_05_PA0223400_NIBRS,
6576918,16351,6,2014,U,,,N,F,,C,2014_06_PA0223400_NIBRS,
6599368,16351,7,2014,U,,,N,F,,C,2014_07_PA0223400_NIBRS,
6621818,16351,8,2014,U,,,N,F,,C,2014_08_PA0223400_NIBRS,
6644268,16351,9,2014,U,,,N,F,,C,2014_09_PA0223400_NIBRS,
6666718,16351,10,2014,U,,,N,F,,C,2014_10_PA0223400_NIBRS,
6689168,16351,11,2014,U,,,N,F,,C,2014_11_PA0223400_NIBRS,
6711618,16351,12,2014,U,,,N,F,,C,2014_12_PA0223400_NIBRS,
6464669,16352,1,2014,U,,,N,F,,C,2014_01_PA0223800_NIBRS,
6487119,16352,2,2014,U,,,N,F,,C,2014_02_PA0223800_NIBRS,
6509569,16352,3,2014,U,,,N,F,,C,2014_03_PA0223800_NIBRS,
6532019,16352,4,2014,U,,,N,F,,C,2014_04_PA0223800_NIBRS,
6554469,16352,5,2014,U,,,N,F,,C,2014_05_PA0223800_NIBRS,
6576919,16352,6,2014,U,,,N,F,,C,2014_06_PA0223800_NIBRS,
6599369,16352,7,2014,U,,,N,F,,C,2014_07_PA0223800_NIBRS,
6621819,16352,8,2014,U,,,N,F,,C,2014_08_PA0223800_NIBRS,
6644269,16352,9,2014,U,,,N,F,,C,2014_09_PA0223800_NIBRS,
6666719,16352,10,2014,U,,,N,F,,C,2014_10_PA0223800_NIBRS,
6689169,16352,11,2014,U,,,N,F,,C,2014_11_PA0223800_NIBRS,
6711619,16352,12,2014,U,,,N,F,,C,2014_12_PA0223800_NIBRS,
6464670,16353,1,2014,U,,,N,F,,C,2014_01_PA022BF00_NIBRS,
6487120,16353,2,2014,U,,,N,F,,C,2014_02_PA022BF00_NIBRS,
6509570,16353,3,2014,U,,,N,F,,C,2014_03_PA022BF00_NIBRS,
6532020,16353,4,2014,U,,,N,F,,C,2014_04_PA022BF00_NIBRS,
6554470,16353,5,2014,U,,,N,F,,C,2014_05_PA022BF00_NIBRS,
6576920,16353,6,2014,U,,,N,F,,C,2014_06_PA022BF00_NIBRS,
6599370,16353,7,2014,U,,,N,F,,C,2014_07_PA022BF00_NIBRS,
6621820,16353,8,2014,U,,,N,F,,C,2014_08_PA022BF00_NIBRS,
6644270,16353,9,2014,U,,,N,F,,C,2014_09_PA022BF00_NIBRS,
6666720,16353,10,2014,U,,,N,F,,C,2014_10_PA022BF00_NIBRS,
6689170,16353,11,2014,U,,,N,F,,C,2014_11_PA022BF00_NIBRS,
6711620,16353,12,2014,U,,,N,F,,C,2014_12_PA022BF00_NIBRS,
6464671,16354,1,2014,U,,,N,F,,C,2014_01_PA022DE00_NIBRS,
6487121,16354,2,2014,U,,,N,F,,C,2014_02_PA022DE00_NIBRS,
6509571,16354,3,2014,U,,,N,F,,C,2014_03_PA022DE00_NIBRS,
6532021,16354,4,2014,U,,,N,F,,C,2014_04_PA022DE00_NIBRS,
6554471,16354,5,2014,U,,,N,F,,C,2014_05_PA022DE00_NIBRS,
6576921,16354,6,2014,U,,,N,F,,C,2014_06_PA022DE00_NIBRS,
6599371,16354,7,2014,U,,,N,F,,C,2014_07_PA022DE00_NIBRS,
6621821,16354,8,2014,U,,,N,F,,C,2014_08_PA022DE00_NIBRS,
6644271,16354,9,2014,U,,,N,F,,C,2014_09_PA022DE00_NIBRS,
6666721,16354,10,2014,U,,,N,F,,C,2014_10_PA022DE00_NIBRS,
6689171,16354,11,2014,U,,,N,F,,C,2014_11_PA022DE00_NIBRS,
6711621,16354,12,2014,U,,,N,F,,C,2014_12_PA022DE00_NIBRS,
6464672,16355,1,2014,U,,,N,F,,C,2014_01_PA022SP00_NIBRS,
6487122,16355,2,2014,U,,,N,F,,C,2014_02_PA022SP00_NIBRS,
6509572,16355,3,2014,U,,,N,F,,C,2014_03_PA022SP00_NIBRS,
6532022,16355,4,2014,U,,,N,F,,C,2014_04_PA022SP00_NIBRS,
6554472,16355,5,2014,U,,,N,F,,C,2014_05_PA022SP00_NIBRS,
6576922,16355,6,2014,U,,,N,F,,C,2014_06_PA022SP00_NIBRS,
6599372,16355,7,2014,U,,,N,F,,C,2014_07_PA022SP00_NIBRS,
6621822,16355,8,2014,U,,,N,F,,C,2014_08_PA022SP00_NIBRS,
6644272,16355,9,2014,U,,,N,F,,C,2014_09_PA022SP00_NIBRS,
6666722,16355,10,2014,U,,,N,F,,C,2014_10_PA022SP00_NIBRS,
6689172,16355,11,2014,U,,,N,F,,C,2014_11_PA022SP00_NIBRS,
6711622,16355,12,2014,U,,,N,F,,C,2014_12_PA022SP00_NIBRS,
6464673,16356,1,2014,U,,,N,F,,C,2014_01_PA0230000_NIBRS,
6487123,16356,2,2014,U,,,N,F,,C,2014_02_PA0230000_NIBRS,
6509573,16356,3,2014,U,,,N,F,,C,2014_03_PA0230000_NIBRS,
6532023,16356,4,2014,U,,,N,F,,C,2014_04_PA0230000_NIBRS,
6554473,16356,5,2014,U,,,N,F,,C,2014_05_PA0230000_NIBRS,
6576923,16356,6,2014,U,,,N,F,,C,2014_06_PA0230000_NIBRS,
6599373,16356,7,2014,U,,,N,F,,C,2014_07_PA0230000_NIBRS,
6621823,16356,8,2014,U,,,N,F,,C,2014_08_PA0230000_NIBRS,
6644273,16356,9,2014,U,,,N,F,,C,2014_09_PA0230000_NIBRS,
6666723,16356,10,2014,U,,,N,F,,C,2014_10_PA0230000_NIBRS,
6689173,16356,11,2014,U,,,N,F,,C,2014_11_PA0230000_NIBRS,
6711623,16356,12,2014,U,,,N,F,,C,2014_12_PA0230000_NIBRS,
6464674,16357,1,2014,U,,,N,F,,C,2014_01_PA0230100_NIBRS,
6487124,16357,2,2014,U,,,N,F,,C,2014_02_PA0230100_NIBRS,
6509574,16357,3,2014,U,,,N,F,,C,2014_03_PA0230100_NIBRS,
6532024,16357,4,2014,U,,,N,F,,C,2014_04_PA0230100_NIBRS,
6554474,16357,5,2014,U,,,N,F,,C,2014_05_PA0230100_NIBRS,
6576924,16357,6,2014,U,,,N,F,,C,2014_06_PA0230100_NIBRS,
6599374,16357,7,2014,U,,,N,F,,C,2014_07_PA0230100_NIBRS,
6621824,16357,8,2014,U,,,N,F,,C,2014_08_PA0230100_NIBRS,
6644274,16357,9,2014,U,,,N,F,,C,2014_09_PA0230100_NIBRS,
6666724,16357,10,2014,U,,,N,F,,C,2014_10_PA0230100_NIBRS,
6689174,16357,11,2014,U,,,N,F,,C,2014_11_PA0230100_NIBRS,
6711624,16357,12,2014,U,,,N,F,,C,2014_12_PA0230100_NIBRS,
6464675,16358,1,2014,U,,,N,F,,C,2014_01_PA0230200_NIBRS,
6487125,16358,2,2014,U,,,N,F,,C,2014_02_PA0230200_NIBRS,
6509575,16358,3,2014,U,,,N,F,,C,2014_03_PA0230200_NIBRS,
6532025,16358,4,2014,U,,,N,F,,C,2014_04_PA0230200_NIBRS,
6554475,16358,5,2014,U,,,N,F,,C,2014_05_PA0230200_NIBRS,
6576925,16358,6,2014,U,,,N,F,,C,2014_06_PA0230200_NIBRS,
6599375,16358,7,2014,U,,,N,F,,C,2014_07_PA0230200_NIBRS,
6621825,16358,8,2014,U,,,N,F,,C,2014_08_PA0230200_NIBRS,
6644275,16358,9,2014,U,,,N,F,,C,2014_09_PA0230200_NIBRS,
6666725,16358,10,2014,U,,,N,F,,C,2014_10_PA0230200_NIBRS,
6689175,16358,11,2014,U,,,N,F,,C,2014_11_PA0230200_NIBRS,
6711625,16358,12,2014,U,,,N,F,,C,2014_12_PA0230200_NIBRS,
6464676,16359,1,2014,U,,,N,F,,C,2014_01_PA0230300_NIBRS,
6487126,16359,2,2014,U,,,N,F,,C,2014_02_PA0230300_NIBRS,
6509576,16359,3,2014,U,,,N,F,,C,2014_03_PA0230300_NIBRS,
6532026,16359,4,2014,U,,,N,F,,C,2014_04_PA0230300_NIBRS,
6554476,16359,5,2014,U,,,N,F,,C,2014_05_PA0230300_NIBRS,
6576926,16359,6,2014,U,,,N,F,,C,2014_06_PA0230300_NIBRS,
6599376,16359,7,2014,U,,,N,F,,C,2014_07_PA0230300_NIBRS,
6621826,16359,8,2014,U,,,N,F,,C,2014_08_PA0230300_NIBRS,
6644276,16359,9,2014,U,,,N,F,,C,2014_09_PA0230300_NIBRS,
6666726,16359,10,2014,U,,,N,F,,C,2014_10_PA0230300_NIBRS,
6689176,16359,11,2014,U,,,N,F,,C,2014_11_PA0230300_NIBRS,
6711626,16359,12,2014,U,,,N,F,,C,2014_12_PA0230300_NIBRS,
6464677,16360,1,2014,U,,,N,F,,C,2014_01_PA0230400_NIBRS,
6487127,16360,2,2014,U,,,N,F,,C,2014_02_PA0230400_NIBRS,
6509577,16360,3,2014,U,,,N,F,,C,2014_03_PA0230400_NIBRS,
6532027,16360,4,2014,U,,,N,F,,C,2014_04_PA0230400_NIBRS,
6554477,16360,5,2014,U,,,N,F,,C,2014_05_PA0230400_NIBRS,
6576927,16360,6,2014,U,,,N,F,,C,2014_06_PA0230400_NIBRS,
6599377,16360,7,2014,U,,,N,F,,C,2014_07_PA0230400_NIBRS,
6621827,16360,8,2014,U,,,N,F,,C,2014_08_PA0230400_NIBRS,
6644277,16360,9,2014,U,,,N,F,,C,2014_09_PA0230400_NIBRS,
6666727,16360,10,2014,U,,,N,F,,C,2014_10_PA0230400_NIBRS,
6689177,16360,11,2014,U,,,N,F,,C,2014_11_PA0230400_NIBRS,
6711627,16360,12,2014,U,,,N,F,,C,2014_12_PA0230400_NIBRS,
6464678,16361,1,2014,U,,,N,F,,C,2014_01_PA0230500_NIBRS,
6487128,16361,2,2014,U,,,N,F,,C,2014_02_PA0230500_NIBRS,
6509578,16361,3,2014,U,,,N,F,,C,2014_03_PA0230500_NIBRS,
6532028,16361,4,2014,U,,,N,F,,C,2014_04_PA0230500_NIBRS,
6554478,16361,5,2014,U,,,N,F,,C,2014_05_PA0230500_NIBRS,
6576928,16361,6,2014,U,,,N,F,,C,2014_06_PA0230500_NIBRS,
6599378,16361,7,2014,U,,,N,F,,C,2014_07_PA0230500_NIBRS,
6621828,16361,8,2014,U,,,N,F,,C,2014_08_PA0230500_NIBRS,
6644278,16361,9,2014,U,,,N,F,,C,2014_09_PA0230500_NIBRS,
6666728,16361,10,2014,U,,,N,F,,C,2014_10_PA0230500_NIBRS,
6689178,16361,11,2014,U,,,N,F,,C,2014_11_PA0230500_NIBRS,
6711628,16361,12,2014,U,,,N,F,,C,2014_12_PA0230500_NIBRS,
6464679,16362,1,2014,U,,,N,F,,C,2014_01_PA0230600_NIBRS,
6487129,16362,2,2014,U,,,N,F,,C,2014_02_PA0230600_NIBRS,
6509579,16362,3,2014,U,,,N,F,,C,2014_03_PA0230600_NIBRS,
6532029,16362,4,2014,U,,,N,F,,C,2014_04_PA0230600_NIBRS,
6554479,16362,5,2014,U,,,N,F,,C,2014_05_PA0230600_NIBRS,
6576929,16362,6,2014,U,,,N,F,,C,2014_06_PA0230600_NIBRS,
6599379,16362,7,2014,U,,,N,F,,C,2014_07_PA0230600_NIBRS,
6621829,16362,8,2014,U,,,N,F,,C,2014_08_PA0230600_NIBRS,
6644279,16362,9,2014,U,,,N,F,,C,2014_09_PA0230600_NIBRS,
6666729,16362,10,2014,U,,,N,F,,C,2014_10_PA0230600_NIBRS,
6689179,16362,11,2014,U,,,N,F,,C,2014_11_PA0230600_NIBRS,
6711629,16362,12,2014,U,,,N,F,,C,2014_12_PA0230600_NIBRS,
6464680,16363,1,2014,U,,,N,F,,C,2014_01_PA0230700_NIBRS,
6487130,16363,2,2014,U,,,N,F,,C,2014_02_PA0230700_NIBRS,
6509580,16363,3,2014,U,,,N,F,,C,2014_03_PA0230700_NIBRS,
6532030,16363,4,2014,U,,,N,F,,C,2014_04_PA0230700_NIBRS,
6554480,16363,5,2014,U,,,N,F,,C,2014_05_PA0230700_NIBRS,
6576930,16363,6,2014,U,,,N,F,,C,2014_06_PA0230700_NIBRS,
6599380,16363,7,2014,U,,,N,F,,C,2014_07_PA0230700_NIBRS,
6621830,16363,8,2014,U,,,N,F,,C,2014_08_PA0230700_NIBRS,
6644280,16363,9,2014,U,,,N,F,,C,2014_09_PA0230700_NIBRS,
6666730,16363,10,2014,U,,,N,F,,C,2014_10_PA0230700_NIBRS,
6689180,16363,11,2014,U,,,N,F,,C,2014_11_PA0230700_NIBRS,
6711630,16363,12,2014,U,,,N,F,,C,2014_12_PA0230700_NIBRS,
6464681,16364,1,2014,U,,,N,F,,C,2014_01_PA0230800_NIBRS,
6487131,16364,2,2014,U,,,N,F,,C,2014_02_PA0230800_NIBRS,
6509581,16364,3,2014,U,,,N,F,,C,2014_03_PA0230800_NIBRS,
6532031,16364,4,2014,U,,,N,F,,C,2014_04_PA0230800_NIBRS,
6554481,16364,5,2014,U,,,N,F,,C,2014_05_PA0230800_NIBRS,
6576931,16364,6,2014,U,,,N,F,,C,2014_06_PA0230800_NIBRS,
6599381,16364,7,2014,U,,,N,F,,C,2014_07_PA0230800_NIBRS,
6621831,16364,8,2014,U,,,N,F,,C,2014_08_PA0230800_NIBRS,
6644281,16364,9,2014,U,,,N,F,,C,2014_09_PA0230800_NIBRS,
6666731,16364,10,2014,U,,,N,F,,C,2014_10_PA0230800_NIBRS,
6689181,16364,11,2014,U,,,N,F,,C,2014_11_PA0230800_NIBRS,
6711631,16364,12,2014,U,,,N,F,,C,2014_12_PA0230800_NIBRS,
6464682,16365,1,2014,U,,,N,F,,C,2014_01_PA0230900_NIBRS,
6487132,16365,2,2014,U,,,N,F,,C,2014_02_PA0230900_NIBRS,
6509582,16365,3,2014,U,,,N,F,,C,2014_03_PA0230900_NIBRS,
6532032,16365,4,2014,U,,,N,F,,C,2014_04_PA0230900_NIBRS,
6554482,16365,5,2014,U,,,N,F,,C,2014_05_PA0230900_NIBRS,
6576932,16365,6,2014,U,,,N,F,,C,2014_06_PA0230900_NIBRS,
6599382,16365,7,2014,U,,,N,F,,C,2014_07_PA0230900_NIBRS,
6621832,16365,8,2014,U,,,N,F,,C,2014_08_PA0230900_NIBRS,
6644282,16365,9,2014,U,,,N,F,,C,2014_09_PA0230900_NIBRS,
6666732,16365,10,2014,U,,,N,F,,C,2014_10_PA0230900_NIBRS,
6689182,16365,11,2014,U,,,N,F,,C,2014_11_PA0230900_NIBRS,
6711632,16365,12,2014,U,,,N,F,,C,2014_12_PA0230900_NIBRS,
6465505,17188,1,2014,U,,,N,F,,C,2014_01_PA063570X_NIBRS,
6487955,17188,2,2014,U,,,N,F,,C,2014_02_PA063570X_NIBRS,
6510405,17188,3,2014,U,,,N,F,,C,2014_03_PA063570X_NIBRS,
6532855,17188,4,2014,U,,,N,F,,C,2014_04_PA063570X_NIBRS,
6555305,17188,5,2014,U,,,N,F,,C,2014_05_PA063570X_NIBRS,
6577755,17188,6,2014,U,,,N,F,,C,2014_06_PA063570X_NIBRS,
6600205,17188,7,2014,U,,,N,F,,C,2014_07_PA063570X_NIBRS,
6622655,17188,8,2014,U,,,N,F,,C,2014_08_PA063570X_NIBRS,
6645105,17188,9,2014,U,,,N,F,,C,2014_09_PA063570X_NIBRS,
6667555,17188,10,2014,U,,,N,F,,C,2014_10_PA063570X_NIBRS,
6690005,17188,11,2014,U,,,N,F,,C,2014_11_PA063570X_NIBRS,
6712455,17188,12,2014,U,,,N,F,,C,2014_12_PA063570X_NIBRS,
6470504,23300,1,2014,U,,,N,F,,C,2014_01_PA0635900_NIBRS,
6492954,23300,2,2014,U,,,N,F,,C,2014_02_PA0635900_NIBRS,
6515404,23300,3,2014,U,,,N,F,,C,2014_03_PA0635900_NIBRS,
6537854,23300,4,2014,U,,,N,F,,C,2014_04_PA0635900_NIBRS,
6560304,23300,5,2014,U,,,N,F,,C,2014_05_PA0635900_NIBRS,
6582754,23300,6,2014,U,,,N,F,,C,2014_06_PA0635900_NIBRS,
6605204,23300,7,2014,U,,,N,F,,C,2014_07_PA0635900_NIBRS,
6627654,23300,8,2014,U,,,N,F,,C,2014_08_PA0635900_NIBRS,
6650104,23300,9,2014,U,,,N,F,,C,2014_09_PA0635900_NIBRS,
6672554,23300,10,2014,U,,,N,F,,C,2014_10_PA0635900_NIBRS,
6695004,23300,11,2014,U,,,N,F,,C,2014_11_PA0635900_NIBRS,
6717454,23300,12,2014,U,,,N,F,,C,2014_12_PA0635900_NIBRS,
6470274,23069,1,2014,U,,,N,F,,C,2014_01_PA0636000_NIBRS,
6492724,23069,2,2014,U,,,N,F,,C,2014_02_PA0636000_NIBRS,
6515174,23069,3,2014,U,,,N,F,,C,2014_03_PA0636000_NIBRS,
6537624,23069,4,2014,U,,,N,F,,C,2014_04_PA0636000_NIBRS,
6560074,23069,5,2014,U,,,N,F,,C,2014_05_PA0636000_NIBRS,
6582524,23069,6,2014,U,,,N,F,,C,2014_06_PA0636000_NIBRS,
6604974,23069,7,2014,U,,,N,F,,C,2014_07_PA0636000_NIBRS,
6627424,23069,8,2014,U,,,N,F,,C,2014_08_PA0636000_NIBRS,
6649874,23069,9,2014,U,,,N,F,,C,2014_09_PA0636000_NIBRS,
6672324,23069,10,2014,U,,,N,F,,C,2014_10_PA0636000_NIBRS,
6694774,23069,11,2014,U,,,N,F,,C,2014_11_PA0636000_NIBRS,
6717224,23069,12,2014,U,,,N,F,,C,2014_12_PA0636000_NIBRS,
6465506,17189,1,2014,U,,,N,F,,C,2014_01_PA063BF00_NIBRS,
6487956,17189,2,2014,U,,,N,F,,C,2014_02_PA063BF00_NIBRS,
6510406,17189,3,2014,U,,,N,F,,C,2014_03_PA063BF00_NIBRS,
6532856,17189,4,2014,U,,,N,F,,C,2014_04_PA063BF00_NIBRS,
6555306,17189,5,2014,U,,,N,F,,C,2014_05_PA063BF00_NIBRS,
6577756,17189,6,2014,U,,,N,F,,C,2014_06_PA063BF00_NIBRS,
6600206,17189,7,2014,U,,,N,F,,C,2014_07_PA063BF00_NIBRS,
6622656,17189,8,2014,U,,,N,F,,C,2014_08_PA063BF00_NIBRS,
6645106,17189,9,2014,U,,,N,F,,C,2014_09_PA063BF00_NIBRS,
6667556,17189,10,2014,U,,,N,F,,C,2014_10_PA063BF00_NIBRS,
6690006,17189,11,2014,U,,,N,F,,C,2014_11_PA063BF00_NIBRS,
6712456,17189,12,2014,U,,,N,F,,C,2014_12_PA063BF00_NIBRS,
6470511,23307,1,2014,U,,,N,F,,C,2014_01_PA0432600_NIBRS,
6492961,23307,2,2014,U,,,N,F,,C,2014_02_PA0432600_NIBRS,
6515411,23307,3,2014,U,,,N,F,,C,2014_03_PA0432600_NIBRS,
6537861,23307,4,2014,U,,,N,F,,C,2014_04_PA0432600_NIBRS,
6560311,23307,5,2014,U,,,N,F,,C,2014_05_PA0432600_NIBRS,
6582761,23307,6,2014,U,,,N,F,,C,2014_06_PA0432600_NIBRS,
6605211,23307,7,2014,U,,,N,F,,C,2014_07_PA0432600_NIBRS,
6627661,23307,8,2014,U,,,N,F,,C,2014_08_PA0432600_NIBRS,
6650111,23307,9,2014,U,,,N,F,,C,2014_09_PA0432600_NIBRS,
6672561,23307,10,2014,U,,,N,F,,C,2014_10_PA0432600_NIBRS,
6695011,23307,11,2014,U,,,N,F,,C,2014_11_PA0432600_NIBRS,
6717461,23307,12,2014,U,,,N,F,,C,2014_12_PA0432600_NIBRS,
6465117,16800,1,2014,U,,,N,F,,C,2014_01_PA043BF00_NIBRS,
6487567,16800,2,2014,U,,,N,F,,C,2014_02_PA043BF00_NIBRS,
6510017,16800,3,2014,U,,,N,F,,C,2014_03_PA043BF00_NIBRS,
6532467,16800,4,2014,U,,,N,F,,C,2014_04_PA043BF00_NIBRS,
6554917,16800,5,2014,U,,,N,F,,C,2014_05_PA043BF00_NIBRS,
6577367,16800,6,2014,U,,,N,F,,C,2014_06_PA043BF00_NIBRS,
6599817,16800,7,2014,U,,,N,F,,C,2014_07_PA043BF00_NIBRS,
6622267,16800,8,2014,U,,,N,F,,C,2014_08_PA043BF00_NIBRS,
6644717,16800,9,2014,U,,,N,F,,C,2014_09_PA043BF00_NIBRS,
6667167,16800,10,2014,U,,,N,F,,C,2014_10_PA043BF00_NIBRS,
6689617,16800,11,2014,U,,,N,F,,C,2014_11_PA043BF00_NIBRS,
6712067,16800,12,2014,U,,,N,F,,C,2014_12_PA043BF00_NIBRS,
6465118,16801,1,2014,U,,,N,F,,C,2014_01_PA043DE00_NIBRS,
6487568,16801,2,2014,U,,,N,F,,C,2014_02_PA043DE00_NIBRS,
6510018,16801,3,2014,U,,,N,F,,C,2014_03_PA043DE00_NIBRS,
6532468,16801,4,2014,U,,,N,F,,C,2014_04_PA043DE00_NIBRS,
6554918,16801,5,2014,U,,,N,F,,C,2014_05_PA043DE00_NIBRS,
6577368,16801,6,2014,U,,,N,F,,C,2014_06_PA043DE00_NIBRS,
6599818,16801,7,2014,U,,,N,F,,C,2014_07_PA043DE00_NIBRS,
6622268,16801,8,2014,U,,,N,F,,C,2014_08_PA043DE00_NIBRS,
6644718,16801,9,2014,U,,,N,F,,C,2014_09_PA043DE00_NIBRS,
6667168,16801,10,2014,U,,,N,F,,C,2014_10_PA043DE00_NIBRS,
6689618,16801,11,2014,U,,,N,F,,C,2014_11_PA043DE00_NIBRS,
6712068,16801,12,2014,U,,,N,F,,C,2014_12_PA043DE00_NIBRS,
6465119,16802,1,2014,U,,,N,F,,C,2014_01_PA043SP00_NIBRS,
6487569,16802,2,2014,U,,,N,F,,C,2014_02_PA043SP00_NIBRS,
6510019,16802,3,2014,U,,,N,F,,C,2014_03_PA043SP00_NIBRS,
6532469,16802,4,2014,U,,,N,F,,C,2014_04_PA043SP00_NIBRS,
6554919,16802,5,2014,U,,,N,F,,C,2014_05_PA043SP00_NIBRS,
6577369,16802,6,2014,U,,,N,F,,C,2014_06_PA043SP00_NIBRS,
6599819,16802,7,2014,U,,,N,F,,C,2014_07_PA043SP00_NIBRS,
6622269,16802,8,2014,U,,,N,F,,C,2014_08_PA043SP00_NIBRS,
6644719,16802,9,2014,U,,,N,F,,C,2014_09_PA043SP00_NIBRS,
6667169,16802,10,2014,U,,,N,F,,C,2014_10_PA043SP00_NIBRS,
6689619,16802,11,2014,U,,,N,F,,C,2014_11_PA043SP00_NIBRS,
6712069,16802,12,2014,U,,,N,F,,C,2014_12_PA043SP00_NIBRS,
6464683,16366,1,2014,U,,,N,F,,C,2014_01_PA0231000_NIBRS,
6487133,16366,2,2014,U,,,N,F,,C,2014_02_PA0231000_NIBRS,
6509583,16366,3,2014,U,,,N,F,,C,2014_03_PA0231000_NIBRS,
6532033,16366,4,2014,U,,,N,F,,C,2014_04_PA0231000_NIBRS,
6554483,16366,5,2014,U,,,N,F,,C,2014_05_PA0231000_NIBRS,
6576933,16366,6,2014,U,,,N,F,,C,2014_06_PA0231000_NIBRS,
6599383,16366,7,2014,U,,,N,F,,C,2014_07_PA0231000_NIBRS,
6621833,16366,8,2014,U,,,N,F,,C,2014_08_PA0231000_NIBRS,
6644283,16366,9,2014,U,,,N,F,,C,2014_09_PA0231000_NIBRS,
6666733,16366,10,2014,U,,,N,F,,C,2014_10_PA0231000_NIBRS,
6689183,16366,11,2014,U,,,N,F,,C,2014_11_PA0231000_NIBRS,
6711633,16366,12,2014,U,,,N,F,,C,2014_12_PA0231000_NIBRS,
6464684,16367,1,2014,U,,,N,F,,C,2014_01_PA0231100_NIBRS,
6487134,16367,2,2014,U,,,N,F,,C,2014_02_PA0231100_NIBRS,
6509584,16367,3,2014,U,,,N,F,,C,2014_03_PA0231100_NIBRS,
6532034,16367,4,2014,U,,,N,F,,C,2014_04_PA0231100_NIBRS,
6554484,16367,5,2014,U,,,N,F,,C,2014_05_PA0231100_NIBRS,
6576934,16367,6,2014,U,,,N,F,,C,2014_06_PA0231100_NIBRS,
6599384,16367,7,2014,U,,,N,F,,C,2014_07_PA0231100_NIBRS,
6621834,16367,8,2014,U,,,N,F,,C,2014_08_PA0231100_NIBRS,
6644284,16367,9,2014,U,,,N,F,,C,2014_09_PA0231100_NIBRS,
6666734,16367,10,2014,U,,,N,F,,C,2014_10_PA0231100_NIBRS,
6689184,16367,11,2014,U,,,N,F,,C,2014_11_PA0231100_NIBRS,
6711634,16367,12,2014,U,,,N,F,,C,2014_12_PA0231100_NIBRS,
6464685,16368,1,2014,U,,,N,F,,C,2014_01_PA0231200_NIBRS,
6487135,16368,2,2014,U,,,N,F,,C,2014_02_PA0231200_NIBRS,
6509585,16368,3,2014,U,,,N,F,,C,2014_03_PA0231200_NIBRS,
6532035,16368,4,2014,U,,,N,F,,C,2014_04_PA0231200_NIBRS,
6554485,16368,5,2014,U,,,N,F,,C,2014_05_PA0231200_NIBRS,
6576935,16368,6,2014,U,,,N,F,,C,2014_06_PA0231200_NIBRS,
6599385,16368,7,2014,U,,,N,F,,C,2014_07_PA0231200_NIBRS,
6621835,16368,8,2014,U,,,N,F,,C,2014_08_PA0231200_NIBRS,
6644285,16368,9,2014,U,,,N,F,,C,2014_09_PA0231200_NIBRS,
6666735,16368,10,2014,U,,,N,F,,C,2014_10_PA0231200_NIBRS,
6689185,16368,11,2014,U,,,N,F,,C,2014_11_PA0231200_NIBRS,
6711635,16368,12,2014,U,,,N,F,,C,2014_12_PA0231200_NIBRS,
6464686,16369,1,2014,U,,,N,F,,C,2014_01_PA0231300_NIBRS,
6487136,16369,2,2014,U,,,N,F,,C,2014_02_PA0231300_NIBRS,
6509586,16369,3,2014,U,,,N,F,,C,2014_03_PA0231300_NIBRS,
6532036,16369,4,2014,U,,,N,F,,C,2014_04_PA0231300_NIBRS,
6554486,16369,5,2014,U,,,N,F,,C,2014_05_PA0231300_NIBRS,
6576936,16369,6,2014,U,,,N,F,,C,2014_06_PA0231300_NIBRS,
6599386,16369,7,2014,U,,,N,F,,C,2014_07_PA0231300_NIBRS,
6621836,16369,8,2014,U,,,N,F,,C,2014_08_PA0231300_NIBRS,
6644286,16369,9,2014,U,,,N,F,,C,2014_09_PA0231300_NIBRS,
6666736,16369,10,2014,U,,,N,F,,C,2014_10_PA0231300_NIBRS,
6689186,16369,11,2014,U,,,N,F,,C,2014_11_PA0231300_NIBRS,
6711636,16369,12,2014,U,,,N,F,,C,2014_12_PA0231300_NIBRS,
6464687,16370,1,2014,U,,,N,F,,C,2014_01_PA0231400_NIBRS,
6487137,16370,2,2014,U,,,N,F,,C,2014_02_PA0231400_NIBRS,
6509587,16370,3,2014,U,,,N,F,,C,2014_03_PA0231400_NIBRS,
6532037,16370,4,2014,U,,,N,F,,C,2014_04_PA0231400_NIBRS,
6554487,16370,5,2014,U,,,N,F,,C,2014_05_PA0231400_NIBRS,
6576937,16370,6,2014,U,,,N,F,,C,2014_06_PA0231400_NIBRS,
6599387,16370,7,2014,U,,,N,F,,C,2014_07_PA0231400_NIBRS,
6621837,16370,8,2014,U,,,N,F,,C,2014_08_PA0231400_NIBRS,
6644287,16370,9,2014,U,,,N,F,,C,2014_09_PA0231400_NIBRS,
6666737,16370,10,2014,U,,,N,F,,C,2014_10_PA0231400_NIBRS,
6689187,16370,11,2014,U,,,N,F,,C,2014_11_PA0231400_NIBRS,
6711637,16370,12,2014,U,,,N,F,,C,2014_12_PA0231400_NIBRS,
6464688,16371,1,2014,U,,,N,F,,C,2014_01_PA0231500_NIBRS,
6487138,16371,2,2014,U,,,N,F,,C,2014_02_PA0231500_NIBRS,
6509588,16371,3,2014,U,,,N,F,,C,2014_03_PA0231500_NIBRS,
6532038,16371,4,2014,U,,,N,F,,C,2014_04_PA0231500_NIBRS,
6554488,16371,5,2014,U,,,N,F,,C,2014_05_PA0231500_NIBRS,
6576938,16371,6,2014,U,,,N,F,,C,2014_06_PA0231500_NIBRS,
6599388,16371,7,2014,U,,,N,F,,C,2014_07_PA0231500_NIBRS,
6621838,16371,8,2014,U,,,N,F,,C,2014_08_PA0231500_NIBRS,
6644288,16371,9,2014,U,,,N,F,,C,2014_09_PA0231500_NIBRS,
6666738,16371,10,2014,U,,,N,F,,C,2014_10_PA0231500_NIBRS,
6689188,16371,11,2014,U,,,N,F,,C,2014_11_PA0231500_NIBRS,
6711638,16371,12,2014,U,,,N,F,,C,2014_12_PA0231500_NIBRS,
6464689,16372,1,2014,U,,,N,F,,C,2014_01_PA0231600_NIBRS,
6487139,16372,2,2014,U,,,N,F,,C,2014_02_PA0231600_NIBRS,
6509589,16372,3,2014,U,,,N,F,,C,2014_03_PA0231600_NIBRS,
6532039,16372,4,2014,U,,,N,F,,C,2014_04_PA0231600_NIBRS,
6554489,16372,5,2014,U,,,N,F,,C,2014_05_PA0231600_NIBRS,
6576939,16372,6,2014,U,,,N,F,,C,2014_06_PA0231600_NIBRS,
6599389,16372,7,2014,U,,,N,F,,C,2014_07_PA0231600_NIBRS,
6621839,16372,8,2014,U,,,N,F,,C,2014_08_PA0231600_NIBRS,
6644289,16372,9,2014,U,,,N,F,,C,2014_09_PA0231600_NIBRS,
6666739,16372,10,2014,U,,,N,F,,C,2014_10_PA0231600_NIBRS,
6689189,16372,11,2014,U,,,N,F,,C,2014_11_PA0231600_NIBRS,
6711639,16372,12,2014,U,,,N,F,,C,2014_12_PA0231600_NIBRS,
6464690,16373,1,2014,U,,,N,F,,C,2014_01_PA0231700_NIBRS,
6487140,16373,2,2014,U,,,N,F,,C,2014_02_PA0231700_NIBRS,
6509590,16373,3,2014,U,,,N,F,,C,2014_03_PA0231700_NIBRS,
6532040,16373,4,2014,U,,,N,F,,C,2014_04_PA0231700_NIBRS,
6554490,16373,5,2014,U,,,N,F,,C,2014_05_PA0231700_NIBRS,
6576940,16373,6,2014,U,,,N,F,,C,2014_06_PA0231700_NIBRS,
6599390,16373,7,2014,U,,,N,F,,C,2014_07_PA0231700_NIBRS,
6621840,16373,8,2014,U,,,N,F,,C,2014_08_PA0231700_NIBRS,
6644290,16373,9,2014,U,,,N,F,,C,2014_09_PA0231700_NIBRS,
6666740,16373,10,2014,U,,,N,F,,C,2014_10_PA0231700_NIBRS,
6689190,16373,11,2014,U,,,N,F,,C,2014_11_PA0231700_NIBRS,
6711640,16373,12,2014,U,,,N,F,,C,2014_12_PA0231700_NIBRS,
6464691,16374,1,2014,U,,,N,F,,C,2014_01_PA0231800_NIBRS,
6487141,16374,2,2014,U,,,N,F,,C,2014_02_PA0231800_NIBRS,
6509591,16374,3,2014,U,,,N,F,,C,2014_03_PA0231800_NIBRS,
6532041,16374,4,2014,U,,,N,F,,C,2014_04_PA0231800_NIBRS,
6554491,16374,5,2014,U,,,N,F,,C,2014_05_PA0231800_NIBRS,
6576941,16374,6,2014,U,,,N,F,,C,2014_06_PA0231800_NIBRS,
6599391,16374,7,2014,U,,,N,F,,C,2014_07_PA0231800_NIBRS,
6621841,16374,8,2014,U,,,N,F,,C,2014_08_PA0231800_NIBRS,
6644291,16374,9,2014,U,,,N,F,,C,2014_09_PA0231800_NIBRS,
6666741,16374,10,2014,U,,,N,F,,C,2014_10_PA0231800_NIBRS,
6689191,16374,11,2014,U,,,N,F,,C,2014_11_PA0231800_NIBRS,
6711641,16374,12,2014,U,,,N,F,,C,2014_12_PA0231800_NIBRS,
6464692,16375,1,2014,U,,,N,F,,C,2014_01_PA0231900_NIBRS,
6487142,16375,2,2014,U,,,N,F,,C,2014_02_PA0231900_NIBRS,
6509592,16375,3,2014,U,,,N,F,,C,2014_03_PA0231900_NIBRS,
6532042,16375,4,2014,U,,,N,F,,C,2014_04_PA0231900_NIBRS,
6554492,16375,5,2014,U,,,N,F,,C,2014_05_PA0231900_NIBRS,
6576942,16375,6,2014,U,,,N,F,,C,2014_06_PA0231900_NIBRS,
6599392,16375,7,2014,U,,,N,F,,C,2014_07_PA0231900_NIBRS,
6621842,16375,8,2014,U,,,N,F,,C,2014_08_PA0231900_NIBRS,
6644292,16375,9,2014,U,,,N,F,,C,2014_09_PA0231900_NIBRS,
6666742,16375,10,2014,U,,,N,F,,C,2014_10_PA0231900_NIBRS,
6689192,16375,11,2014,U,,,N,F,,C,2014_11_PA0231900_NIBRS,
6711642,16375,12,2014,U,,,N,F,,C,2014_12_PA0231900_NIBRS,
6464693,16376,1,2014,U,,,N,F,,C,2014_01_PA0232000_NIBRS,
6487143,16376,2,2014,U,,,N,F,,C,2014_02_PA0232000_NIBRS,
6509593,16376,3,2014,U,,,N,F,,C,2014_03_PA0232000_NIBRS,
6532043,16376,4,2014,U,,,N,F,,C,2014_04_PA0232000_NIBRS,
6554493,16376,5,2014,U,,,N,F,,C,2014_05_PA0232000_NIBRS,
6576943,16376,6,2014,U,,,N,F,,C,2014_06_PA0232000_NIBRS,
6599393,16376,7,2014,U,,,N,F,,C,2014_07_PA0232000_NIBRS,
6621843,16376,8,2014,U,,,N,F,,C,2014_08_PA0232000_NIBRS,
6644293,16376,9,2014,U,,,N,F,,C,2014_09_PA0232000_NIBRS,
6666743,16376,10,2014,U,,,N,F,,C,2014_10_PA0232000_NIBRS,
6689193,16376,11,2014,U,,,N,F,,C,2014_11_PA0232000_NIBRS,
6711643,16376,12,2014,U,,,N,F,,C,2014_12_PA0232000_NIBRS,
6464694,16377,1,2014,U,,,N,F,,C,2014_01_PA0232100_NIBRS,
6487144,16377,2,2014,U,,,N,F,,C,2014_02_PA0232100_NIBRS,
6509594,16377,3,2014,U,,,N,F,,C,2014_03_PA0232100_NIBRS,
6532044,16377,4,2014,U,,,N,F,,C,2014_04_PA0232100_NIBRS,
6554494,16377,5,2014,U,,,N,F,,C,2014_05_PA0232100_NIBRS,
6576944,16377,6,2014,U,,,N,F,,C,2014_06_PA0232100_NIBRS,
6599394,16377,7,2014,U,,,N,F,,C,2014_07_PA0232100_NIBRS,
6621844,16377,8,2014,U,,,N,F,,C,2014_08_PA0232100_NIBRS,
6644294,16377,9,2014,U,,,N,F,,C,2014_09_PA0232100_NIBRS,
6666744,16377,10,2014,U,,,N,F,,C,2014_10_PA0232100_NIBRS,
6689194,16377,11,2014,U,,,N,F,,C,2014_11_PA0232100_NIBRS,
6711644,16377,12,2014,U,,,N,F,,C,2014_12_PA0232100_NIBRS,
6465291,16974,1,2014,U,,,N,F,,C,2014_01_PA052DE00_NIBRS,
6487741,16974,2,2014,U,,,N,F,,C,2014_02_PA052DE00_NIBRS,
6510191,16974,3,2014,U,,,N,F,,C,2014_03_PA052DE00_NIBRS,
6532641,16974,4,2014,U,,,N,F,,C,2014_04_PA052DE00_NIBRS,
6555091,16974,5,2014,U,,,N,F,,C,2014_05_PA052DE00_NIBRS,
6577541,16974,6,2014,U,,,N,F,,C,2014_06_PA052DE00_NIBRS,
6599991,16974,7,2014,U,,,N,F,,C,2014_07_PA052DE00_NIBRS,
6622441,16974,8,2014,U,,,N,F,,C,2014_08_PA052DE00_NIBRS,
6644891,16974,9,2014,U,,,N,F,,C,2014_09_PA052DE00_NIBRS,
6667341,16974,10,2014,U,,,N,F,,C,2014_10_PA052DE00_NIBRS,
6689791,16974,11,2014,U,,,N,F,,C,2014_11_PA052DE00_NIBRS,
6712241,16974,12,2014,U,,,N,F,,C,2014_12_PA052DE00_NIBRS,
6465507,17190,1,2014,U,,,N,F,,C,2014_01_PA063DE00_NIBRS,
6487957,17190,2,2014,U,,,N,F,,C,2014_02_PA063DE00_NIBRS,
6510407,17190,3,2014,U,,,N,F,,C,2014_03_PA063DE00_NIBRS,
6532857,17190,4,2014,U,,,N,F,,C,2014_04_PA063DE00_NIBRS,
6555307,17190,5,2014,U,,,N,F,,C,2014_05_PA063DE00_NIBRS,
6577757,17190,6,2014,U,,,N,F,,C,2014_06_PA063DE00_NIBRS,
6600207,17190,7,2014,U,,,N,F,,C,2014_07_PA063DE00_NIBRS,
6622657,17190,8,2014,U,,,N,F,,C,2014_08_PA063DE00_NIBRS,
6645107,17190,9,2014,U,,,N,F,,C,2014_09_PA063DE00_NIBRS,
6667557,17190,10,2014,U,,,N,F,,C,2014_10_PA063DE00_NIBRS,
6690007,17190,11,2014,U,,,N,F,,C,2014_11_PA063DE00_NIBRS,
6712457,17190,12,2014,U,,,N,F,,C,2014_12_PA063DE00_NIBRS,
6465508,17191,1,2014,U,,,N,F,,C,2014_01_PA063SP00_NIBRS,
6487958,17191,2,2014,U,,,N,F,,C,2014_02_PA063SP00_NIBRS,
6510408,17191,3,2014,U,,,N,F,,C,2014_03_PA063SP00_NIBRS,
6532858,17191,4,2014,U,,,N,F,,C,2014_04_PA063SP00_NIBRS,
6555308,17191,5,2014,U,,,N,F,,C,2014_05_PA063SP00_NIBRS,
6577758,17191,6,2014,U,,,N,F,,C,2014_06_PA063SP00_NIBRS,
6600208,17191,7,2014,U,,,N,F,,C,2014_07_PA063SP00_NIBRS,
6622658,17191,8,2014,U,,,N,F,,C,2014_08_PA063SP00_NIBRS,
6645108,17191,9,2014,U,,,N,F,,C,2014_09_PA063SP00_NIBRS,
6667558,17191,10,2014,U,,,N,F,,C,2014_10_PA063SP00_NIBRS,
6690008,17191,11,2014,U,,,N,F,,C,2014_11_PA063SP00_NIBRS,
6712458,17191,12,2014,U,,,N,F,,C,2014_12_PA063SP00_NIBRS,
6465509,17192,1,2014,U,,,N,F,,C,2014_01_PA0640000_NIBRS,
6487959,17192,2,2014,U,,,N,F,,C,2014_02_PA0640000_NIBRS,
6510409,17192,3,2014,U,,,N,F,,C,2014_03_PA0640000_NIBRS,
6532859,17192,4,2014,U,,,N,F,,C,2014_04_PA0640000_NIBRS,
6555309,17192,5,2014,U,,,N,F,,C,2014_05_PA0640000_NIBRS,
6577759,17192,6,2014,U,,,N,F,,C,2014_06_PA0640000_NIBRS,
6600209,17192,7,2014,U,,,N,F,,C,2014_07_PA0640000_NIBRS,
6622659,17192,8,2014,U,,,N,F,,C,2014_08_PA0640000_NIBRS,
6645109,17192,9,2014,U,,,N,F,,C,2014_09_PA0640000_NIBRS,
6667559,17192,10,2014,U,,,N,F,,C,2014_10_PA0640000_NIBRS,
6690009,17192,11,2014,U,,,N,F,,C,2014_11_PA0640000_NIBRS,
6712459,17192,12,2014,U,,,N,F,,C,2014_12_PA0640000_NIBRS,
6465510,17193,1,2014,U,,,N,F,,C,2014_01_PA0640100_NIBRS,
6487960,17193,2,2014,U,,,N,F,,C,2014_02_PA0640100_NIBRS,
6510410,17193,3,2014,U,,,N,F,,C,2014_03_PA0640100_NIBRS,
6532860,17193,4,2014,U,,,N,F,,C,2014_04_PA0640100_NIBRS,
6555310,17193,5,2014,U,,,N,F,,C,2014_05_PA0640100_NIBRS,
6577760,17193,6,2014,U,,,N,F,,C,2014_06_PA0640100_NIBRS,
6600210,17193,7,2014,U,,,N,F,,C,2014_07_PA0640100_NIBRS,
6622660,17193,8,2014,U,,,N,F,,C,2014_08_PA0640100_NIBRS,
6645110,17193,9,2014,U,,,N,F,,C,2014_09_PA0640100_NIBRS,
6667560,17193,10,2014,U,,,N,F,,C,2014_10_PA0640100_NIBRS,
6690010,17193,11,2014,U,,,N,F,,C,2014_11_PA0640100_NIBRS,
6712460,17193,12,2014,U,,,N,F,,C,2014_12_PA0640100_NIBRS,
6465511,17194,1,2014,U,,,N,F,,C,2014_01_PA0640200_NIBRS,
6487961,17194,2,2014,U,,,N,F,,C,2014_02_PA0640200_NIBRS,
6510411,17194,3,2014,U,,,N,F,,C,2014_03_PA0640200_NIBRS,
6532861,17194,4,2014,U,,,N,F,,C,2014_04_PA0640200_NIBRS,
6555311,17194,5,2014,U,,,N,F,,C,2014_05_PA0640200_NIBRS,
6577761,17194,6,2014,U,,,N,F,,C,2014_06_PA0640200_NIBRS,
6600211,17194,7,2014,U,,,N,F,,C,2014_07_PA0640200_NIBRS,
6622661,17194,8,2014,U,,,N,F,,C,2014_08_PA0640200_NIBRS,
6645111,17194,9,2014,U,,,N,F,,C,2014_09_PA0640200_NIBRS,
6667561,17194,10,2014,U,,,N,F,,C,2014_10_PA0640200_NIBRS,
6690011,17194,11,2014,U,,,N,F,,C,2014_11_PA0640200_NIBRS,
6712461,17194,12,2014,U,,,N,F,,C,2014_12_PA0640200_NIBRS,
6465512,17195,1,2014,U,,,N,F,,C,2014_01_PA0640300_NIBRS,
6487962,17195,2,2014,U,,,N,F,,C,2014_02_PA0640300_NIBRS,
6510412,17195,3,2014,U,,,N,F,,C,2014_03_PA0640300_NIBRS,
6532862,17195,4,2014,U,,,N,F,,C,2014_04_PA0640300_NIBRS,
6555312,17195,5,2014,U,,,N,F,,C,2014_05_PA0640300_NIBRS,
6577762,17195,6,2014,U,,,N,F,,C,2014_06_PA0640300_NIBRS,
6600212,17195,7,2014,U,,,N,F,,C,2014_07_PA0640300_NIBRS,
6622662,17195,8,2014,U,,,N,F,,C,2014_08_PA0640300_NIBRS,
6645112,17195,9,2014,U,,,N,F,,C,2014_09_PA0640300_NIBRS,
6667562,17195,10,2014,U,,,N,F,,C,2014_10_PA0640300_NIBRS,
6690012,17195,11,2014,U,,,N,F,,C,2014_11_PA0640300_NIBRS,
6712462,17195,12,2014,U,,,N,F,,C,2014_12_PA0640300_NIBRS,
6465513,17196,1,2014,U,,,N,F,,C,2014_01_PA0640400_NIBRS,
6487963,17196,2,2014,U,,,N,F,,C,2014_02_PA0640400_NIBRS,
6510413,17196,3,2014,U,,,N,F,,C,2014_03_PA0640400_NIBRS,
6532863,17196,4,2014,U,,,N,F,,C,2014_04_PA0640400_NIBRS,
6555313,17196,5,2014,U,,,N,F,,C,2014_05_PA0640400_NIBRS,
6577763,17196,6,2014,U,,,N,F,,C,2014_06_PA0640400_NIBRS,
6600213,17196,7,2014,U,,,N,F,,C,2014_07_PA0640400_NIBRS,
6622663,17196,8,2014,U,,,N,F,,C,2014_08_PA0640400_NIBRS,
6645113,17196,9,2014,U,,,N,F,,C,2014_09_PA0640400_NIBRS,
6667563,17196,10,2014,U,,,N,F,,C,2014_10_PA0640400_NIBRS,
6690013,17196,11,2014,U,,,N,F,,C,2014_11_PA0640400_NIBRS,
6712463,17196,12,2014,U,,,N,F,,C,2014_12_PA0640400_NIBRS,
6465514,17197,1,2014,U,,,N,F,,C,2014_01_PA0640500_NIBRS,
6487964,17197,2,2014,U,,,N,F,,C,2014_02_PA0640500_NIBRS,
6510414,17197,3,2014,U,,,N,F,,C,2014_03_PA0640500_NIBRS,
6532864,17197,4,2014,U,,,N,F,,C,2014_04_PA0640500_NIBRS,
6555314,17197,5,2014,U,,,N,F,,C,2014_05_PA0640500_NIBRS,
6577764,17197,6,2014,U,,,N,F,,C,2014_06_PA0640500_NIBRS,
6600214,17197,7,2014,U,,,N,F,,C,2014_07_PA0640500_NIBRS,
6622664,17197,8,2014,U,,,N,F,,C,2014_08_PA0640500_NIBRS,
6645114,17197,9,2014,U,,,N,F,,C,2014_09_PA0640500_NIBRS,
6667564,17197,10,2014,U,,,N,F,,C,2014_10_PA0640500_NIBRS,
6690014,17197,11,2014,U,,,N,F,,C,2014_11_PA0640500_NIBRS,
6712464,17197,12,2014,U,,,N,F,,C,2014_12_PA0640500_NIBRS,
6465515,17198,1,2014,U,,,N,F,,C,2014_01_PA0640600_NIBRS,
6487965,17198,2,2014,U,,,N,F,,C,2014_02_PA0640600_NIBRS,
6510415,17198,3,2014,U,,,N,F,,C,2014_03_PA0640600_NIBRS,
6532865,17198,4,2014,U,,,N,F,,C,2014_04_PA0640600_NIBRS,
6555315,17198,5,2014,U,,,N,F,,C,2014_05_PA0640600_NIBRS,
6577765,17198,6,2014,U,,,N,F,,C,2014_06_PA0640600_NIBRS,
6600215,17198,7,2014,U,,,N,F,,C,2014_07_PA0640600_NIBRS,
6622665,17198,8,2014,U,,,N,F,,C,2014_08_PA0640600_NIBRS,
6645115,17198,9,2014,U,,,N,F,,C,2014_09_PA0640600_NIBRS,
6667565,17198,10,2014,U,,,N,F,,C,2014_10_PA0640600_NIBRS,
6690015,17198,11,2014,U,,,N,F,,C,2014_11_PA0640600_NIBRS,
6712465,17198,12,2014,U,,,N,F,,C,2014_12_PA0640600_NIBRS,
6465516,17199,1,2014,U,,,N,F,,C,2014_01_PA064BF00_NIBRS,
6487966,17199,2,2014,U,,,N,F,,C,2014_02_PA064BF00_NIBRS,
6510416,17199,3,2014,U,,,N,F,,C,2014_03_PA064BF00_NIBRS,
6532866,17199,4,2014,U,,,N,F,,C,2014_04_PA064BF00_NIBRS,
6555316,17199,5,2014,U,,,N,F,,C,2014_05_PA064BF00_NIBRS,
6577766,17199,6,2014,U,,,N,F,,C,2014_06_PA064BF00_NIBRS,
6600216,17199,7,2014,U,,,N,F,,C,2014_07_PA064BF00_NIBRS,
6622666,17199,8,2014,U,,,N,F,,C,2014_08_PA064BF00_NIBRS,
6645116,17199,9,2014,U,,,N,F,,C,2014_09_PA064BF00_NIBRS,
6667566,17199,10,2014,U,,,N,F,,C,2014_10_PA064BF00_NIBRS,
6690016,17199,11,2014,U,,,N,F,,C,2014_11_PA064BF00_NIBRS,
6712466,17199,12,2014,U,,,N,F,,C,2014_12_PA064BF00_NIBRS,
6465517,17200,1,2014,U,,,N,F,,C,2014_01_PA064DE00_NIBRS,
6487967,17200,2,2014,U,,,N,F,,C,2014_02_PA064DE00_NIBRS,
6510417,17200,3,2014,U,,,N,F,,C,2014_03_PA064DE00_NIBRS,
6532867,17200,4,2014,U,,,N,F,,C,2014_04_PA064DE00_NIBRS,
6555317,17200,5,2014,U,,,N,F,,C,2014_05_PA064DE00_NIBRS,
6577767,17200,6,2014,U,,,N,F,,C,2014_06_PA064DE00_NIBRS,
6600217,17200,7,2014,U,,,N,F,,C,2014_07_PA064DE00_NIBRS,
6622667,17200,8,2014,U,,,N,F,,C,2014_08_PA064DE00_NIBRS,
6645117,17200,9,2014,U,,,N,F,,C,2014_09_PA064DE00_NIBRS,
6667567,17200,10,2014,U,,,N,F,,C,2014_10_PA064DE00_NIBRS,
6690017,17200,11,2014,U,,,N,F,,C,2014_11_PA064DE00_NIBRS,
6712467,17200,12,2014,U,,,N,F,,C,2014_12_PA064DE00_NIBRS,
6465518,17201,1,2014,U,,,N,F,,C,2014_01_PA064SP00_NIBRS,
6487968,17201,2,2014,U,,,N,F,,C,2014_02_PA064SP00_NIBRS,
6510418,17201,3,2014,U,,,N,F,,C,2014_03_PA064SP00_NIBRS,
6532868,17201,4,2014,U,,,N,F,,C,2014_04_PA064SP00_NIBRS,
6555318,17201,5,2014,U,,,N,F,,C,2014_05_PA064SP00_NIBRS,
6577768,17201,6,2014,U,,,N,F,,C,2014_06_PA064SP00_NIBRS,
6600218,17201,7,2014,U,,,N,F,,C,2014_07_PA064SP00_NIBRS,
6622668,17201,8,2014,U,,,N,F,,C,2014_08_PA064SP00_NIBRS,
6645118,17201,9,2014,U,,,N,F,,C,2014_09_PA064SP00_NIBRS,
6667568,17201,10,2014,U,,,N,F,,C,2014_10_PA064SP00_NIBRS,
6690018,17201,11,2014,U,,,N,F,,C,2014_11_PA064SP00_NIBRS,
6712468,17201,12,2014,U,,,N,F,,C,2014_12_PA064SP00_NIBRS,
6465519,17202,1,2014,U,,,N,F,,C,2014_01_PA0650000_NIBRS,
6487969,17202,2,2014,U,,,N,F,,C,2014_02_PA0650000_NIBRS,
6510419,17202,3,2014,U,,,N,F,,C,2014_03_PA0650000_NIBRS,
6532869,17202,4,2014,U,,,N,F,,C,2014_04_PA0650000_NIBRS,
6555319,17202,5,2014,U,,,N,F,,C,2014_05_PA0650000_NIBRS,
6577769,17202,6,2014,U,,,N,F,,C,2014_06_PA0650000_NIBRS,
6600219,17202,7,2014,U,,,N,F,,C,2014_07_PA0650000_NIBRS,
6622669,17202,8,2014,U,,,N,F,,C,2014_08_PA0650000_NIBRS,
6645119,17202,9,2014,U,,,N,F,,C,2014_09_PA0650000_NIBRS,
6667569,17202,10,2014,U,,,N,F,,C,2014_10_PA0650000_NIBRS,
6690019,17202,11,2014,U,,,N,F,,C,2014_11_PA0650000_NIBRS,
6712469,17202,12,2014,U,,,N,F,,C,2014_12_PA0650000_NIBRS,
6465520,17203,1,2014,U,,,N,F,,C,2014_01_PA0650100_NIBRS,
6487970,17203,2,2014,U,,,N,F,,C,2014_02_PA0650100_NIBRS,
6510420,17203,3,2014,U,,,N,F,,C,2014_03_PA0650100_NIBRS,
6532870,17203,4,2014,U,,,N,F,,C,2014_04_PA0650100_NIBRS,
6555320,17203,5,2014,U,,,N,F,,C,2014_05_PA0650100_NIBRS,
6577770,17203,6,2014,U,,,N,F,,C,2014_06_PA0650100_NIBRS,
6600220,17203,7,2014,U,,,N,F,,C,2014_07_PA0650100_NIBRS,
6622670,17203,8,2014,U,,,N,F,,C,2014_08_PA0650100_NIBRS,
6645120,17203,9,2014,U,,,N,F,,C,2014_09_PA0650100_NIBRS,
6667570,17203,10,2014,U,,,N,F,,C,2014_10_PA0650100_NIBRS,
6690020,17203,11,2014,U,,,N,F,,C,2014_11_PA0650100_NIBRS,
6712470,17203,12,2014,U,,,N,F,,C,2014_12_PA0650100_NIBRS,
6465521,17204,1,2014,U,,,N,F,,C,2014_01_PA0650200_NIBRS,
6487971,17204,2,2014,U,,,N,F,,C,2014_02_PA0650200_NIBRS,
6510421,17204,3,2014,U,,,N,F,,C,2014_03_PA0650200_NIBRS,
6532871,17204,4,2014,U,,,N,F,,C,2014_04_PA0650200_NIBRS,
6555321,17204,5,2014,U,,,N,F,,C,2014_05_PA0650200_NIBRS,
6577771,17204,6,2014,U,,,N,F,,C,2014_06_PA0650200_NIBRS,
6600221,17204,7,2014,U,,,N,F,,C,2014_07_PA0650200_NIBRS,
6622671,17204,8,2014,U,,,N,F,,C,2014_08_PA0650200_NIBRS,
6645121,17204,9,2014,U,,,N,F,,C,2014_09_PA0650200_NIBRS,
6667571,17204,10,2014,U,,,N,F,,C,2014_10_PA0650200_NIBRS,
6690021,17204,11,2014,U,,,N,F,,C,2014_11_PA0650200_NIBRS,
6712471,17204,12,2014,U,,,N,F,,C,2014_12_PA0650200_NIBRS,
6465522,17205,1,2014,U,,,N,F,,C,2014_01_PA0650300_NIBRS,
6487972,17205,2,2014,U,,,N,F,,C,2014_02_PA0650300_NIBRS,
6510422,17205,3,2014,U,,,N,F,,C,2014_03_PA0650300_NIBRS,
6532872,17205,4,2014,U,,,N,F,,C,2014_04_PA0650300_NIBRS,
6555322,17205,5,2014,U,,,N,F,,C,2014_05_PA0650300_NIBRS,
6577772,17205,6,2014,U,,,N,F,,C,2014_06_PA0650300_NIBRS,
6600222,17205,7,2014,U,,,N,F,,C,2014_07_PA0650300_NIBRS,
6622672,17205,8,2014,U,,,N,F,,C,2014_08_PA0650300_NIBRS,
6645122,17205,9,2014,U,,,N,F,,C,2014_09_PA0650300_NIBRS,
6667572,17205,10,2014,U,,,N,F,,C,2014_10_PA0650300_NIBRS,
6690022,17205,11,2014,U,,,N,F,,C,2014_11_PA0650300_NIBRS,
6712472,17205,12,2014,U,,,N,F,,C,2014_12_PA0650300_NIBRS,
6465523,17206,1,2014,U,,,N,F,,C,2014_01_PA0650400_NIBRS,
6487973,17206,2,2014,U,,,N,F,,C,2014_02_PA0650400_NIBRS,
6510423,17206,3,2014,U,,,N,F,,C,2014_03_PA0650400_NIBRS,
6532873,17206,4,2014,U,,,N,F,,C,2014_04_PA0650400_NIBRS,
6555323,17206,5,2014,U,,,N,F,,C,2014_05_PA0650400_NIBRS,
6577773,17206,6,2014,U,,,N,F,,C,2014_06_PA0650400_NIBRS,
6600223,17206,7,2014,U,,,N,F,,C,2014_07_PA0650400_NIBRS,
6622673,17206,8,2014,U,,,N,F,,C,2014_08_PA0650400_NIBRS,
6645123,17206,9,2014,U,,,N,F,,C,2014_09_PA0650400_NIBRS,
6667573,17206,10,2014,U,,,N,F,,C,2014_10_PA0650400_NIBRS,
6690023,17206,11,2014,U,,,N,F,,C,2014_11_PA0650400_NIBRS,
6712473,17206,12,2014,U,,,N,F,,C,2014_12_PA0650400_NIBRS,
6465524,17207,1,2014,U,,,N,F,,C,2014_01_PA0650500_NIBRS,
6487974,17207,2,2014,U,,,N,F,,C,2014_02_PA0650500_NIBRS,
6510424,17207,3,2014,U,,,N,F,,C,2014_03_PA0650500_NIBRS,
6532874,17207,4,2014,U,,,N,F,,C,2014_04_PA0650500_NIBRS,
6555324,17207,5,2014,U,,,N,F,,C,2014_05_PA0650500_NIBRS,
6577774,17207,6,2014,U,,,N,F,,C,2014_06_PA0650500_NIBRS,
6600224,17207,7,2014,U,,,N,F,,C,2014_07_PA0650500_NIBRS,
6622674,17207,8,2014,U,,,N,F,,C,2014_08_PA0650500_NIBRS,
6645124,17207,9,2014,U,,,N,F,,C,2014_09_PA0650500_NIBRS,
6667574,17207,10,2014,U,,,N,F,,C,2014_10_PA0650500_NIBRS,
6690024,17207,11,2014,U,,,N,F,,C,2014_11_PA0650500_NIBRS,
6712474,17207,12,2014,U,,,N,F,,C,2014_12_PA0650500_NIBRS,
6465525,17208,1,2014,U,,,N,F,,C,2014_01_PA0650600_NIBRS,
6487975,17208,2,2014,U,,,N,F,,C,2014_02_PA0650600_NIBRS,
6510425,17208,3,2014,U,,,N,F,,C,2014_03_PA0650600_NIBRS,
6532875,17208,4,2014,U,,,N,F,,C,2014_04_PA0650600_NIBRS,
6555325,17208,5,2014,U,,,N,F,,C,2014_05_PA0650600_NIBRS,
6577775,17208,6,2014,U,,,N,F,,C,2014_06_PA0650600_NIBRS,
6600225,17208,7,2014,U,,,N,F,,C,2014_07_PA0650600_NIBRS,
6622675,17208,8,2014,U,,,N,F,,C,2014_08_PA0650600_NIBRS,
6645125,17208,9,2014,U,,,N,F,,C,2014_09_PA0650600_NIBRS,
6667575,17208,10,2014,U,,,N,F,,C,2014_10_PA0650600_NIBRS,
6690025,17208,11,2014,U,,,N,F,,C,2014_11_PA0650600_NIBRS,
6712475,17208,12,2014,U,,,N,F,,C,2014_12_PA0650600_NIBRS,
6465526,17209,1,2014,U,,,N,F,,C,2014_01_PA0650700_NIBRS,
6487976,17209,2,2014,U,,,N,F,,C,2014_02_PA0650700_NIBRS,
6510426,17209,3,2014,U,,,N,F,,C,2014_03_PA0650700_NIBRS,
6532876,17209,4,2014,U,,,N,F,,C,2014_04_PA0650700_NIBRS,
6555326,17209,5,2014,U,,,N,F,,C,2014_05_PA0650700_NIBRS,
6577776,17209,6,2014,U,,,N,F,,C,2014_06_PA0650700_NIBRS,
6600226,17209,7,2014,U,,,N,F,,C,2014_07_PA0650700_NIBRS,
6622676,17209,8,2014,U,,,N,F,,C,2014_08_PA0650700_NIBRS,
6645126,17209,9,2014,U,,,N,F,,C,2014_09_PA0650700_NIBRS,
6667576,17209,10,2014,U,,,N,F,,C,2014_10_PA0650700_NIBRS,
6690026,17209,11,2014,U,,,N,F,,C,2014_11_PA0650700_NIBRS,
6712476,17209,12,2014,U,,,N,F,,C,2014_12_PA0650700_NIBRS,
6465527,17210,1,2014,U,,,N,F,,C,2014_01_PA0650800_NIBRS,
6487977,17210,2,2014,U,,,N,F,,C,2014_02_PA0650800_NIBRS,
6510427,17210,3,2014,U,,,N,F,,C,2014_03_PA0650800_NIBRS,
6532877,17210,4,2014,U,,,N,F,,C,2014_04_PA0650800_NIBRS,
6555327,17210,5,2014,U,,,N,F,,C,2014_05_PA0650800_NIBRS,
6577777,17210,6,2014,U,,,N,F,,C,2014_06_PA0650800_NIBRS,
6600227,17210,7,2014,U,,,N,F,,C,2014_07_PA0650800_NIBRS,
6622677,17210,8,2014,U,,,N,F,,C,2014_08_PA0650800_NIBRS,
6645127,17210,9,2014,U,,,N,F,,C,2014_09_PA0650800_NIBRS,
6667577,17210,10,2014,U,,,N,F,,C,2014_10_PA0650800_NIBRS,
6690027,17210,11,2014,U,,,N,F,,C,2014_11_PA0650800_NIBRS,
6712477,17210,12,2014,U,,,N,F,,C,2014_12_PA0650800_NIBRS,
6465528,17211,1,2014,U,,,N,F,,C,2014_01_PA0650900_NIBRS,
6487978,17211,2,2014,U,,,N,F,,C,2014_02_PA0650900_NIBRS,
6510428,17211,3,2014,U,,,N,F,,C,2014_03_PA0650900_NIBRS,
6532878,17211,4,2014,U,,,N,F,,C,2014_04_PA0650900_NIBRS,
6555328,17211,5,2014,U,,,N,F,,C,2014_05_PA0650900_NIBRS,
6577778,17211,6,2014,U,,,N,F,,C,2014_06_PA0650900_NIBRS,
6600228,17211,7,2014,U,,,N,F,,C,2014_07_PA0650900_NIBRS,
6622678,17211,8,2014,U,,,N,F,,C,2014_08_PA0650900_NIBRS,
6645128,17211,9,2014,U,,,N,F,,C,2014_09_PA0650900_NIBRS,
6667578,17211,10,2014,U,,,N,F,,C,2014_10_PA0650900_NIBRS,
6690028,17211,11,2014,U,,,N,F,,C,2014_11_PA0650900_NIBRS,
6712478,17211,12,2014,U,,,N,F,,C,2014_12_PA0650900_NIBRS,
6465529,17212,1,2014,U,,,N,F,,C,2014_01_PA0651000_NIBRS,
6487979,17212,2,2014,U,,,N,F,,C,2014_02_PA0651000_NIBRS,
6510429,17212,3,2014,U,,,N,F,,C,2014_03_PA0651000_NIBRS,
6532879,17212,4,2014,U,,,N,F,,C,2014_04_PA0651000_NIBRS,
6555329,17212,5,2014,U,,,N,F,,C,2014_05_PA0651000_NIBRS,
6577779,17212,6,2014,U,,,N,F,,C,2014_06_PA0651000_NIBRS,
6600229,17212,7,2014,U,,,N,F,,C,2014_07_PA0651000_NIBRS,
6622679,17212,8,2014,U,,,N,F,,C,2014_08_PA0651000_NIBRS,
6645129,17212,9,2014,U,,,N,F,,C,2014_09_PA0651000_NIBRS,
6667579,17212,10,2014,U,,,N,F,,C,2014_10_PA0651000_NIBRS,
6690029,17212,11,2014,U,,,N,F,,C,2014_11_PA0651000_NIBRS,
6712479,17212,12,2014,U,,,N,F,,C,2014_12_PA0651000_NIBRS,
6465530,17213,1,2014,U,,,N,F,,C,2014_01_PA0651100_NIBRS,
6487980,17213,2,2014,U,,,N,F,,C,2014_02_PA0651100_NIBRS,
6510430,17213,3,2014,U,,,N,F,,C,2014_03_PA0651100_NIBRS,
6532880,17213,4,2014,U,,,N,F,,C,2014_04_PA0651100_NIBRS,
6555330,17213,5,2014,U,,,N,F,,C,2014_05_PA0651100_NIBRS,
6577780,17213,6,2014,U,,,N,F,,C,2014_06_PA0651100_NIBRS,
6600230,17213,7,2014,U,,,N,F,,C,2014_07_PA0651100_NIBRS,
6622680,17213,8,2014,U,,,N,F,,C,2014_08_PA0651100_NIBRS,
6645130,17213,9,2014,U,,,N,F,,C,2014_09_PA0651100_NIBRS,
6667580,17213,10,2014,U,,,N,F,,C,2014_10_PA0651100_NIBRS,
6690030,17213,11,2014,U,,,N,F,,C,2014_11_PA0651100_NIBRS,
6712480,17213,12,2014,U,,,N,F,,C,2014_12_PA0651100_NIBRS,
6465111,16794,1,2014,U,,,N,F,,C,2014_01_PA0431500_NIBRS,
6487561,16794,2,2014,U,,,N,F,,C,2014_02_PA0431500_NIBRS,
6510011,16794,3,2014,U,,,N,F,,C,2014_03_PA0431500_NIBRS,
6532461,16794,4,2014,U,,,N,F,,C,2014_04_PA0431500_NIBRS,
6554911,16794,5,2014,U,,,N,F,,C,2014_05_PA0431500_NIBRS,
6577361,16794,6,2014,U,,,N,F,,C,2014_06_PA0431500_NIBRS,
6599811,16794,7,2014,U,,,N,F,,C,2014_07_PA0431500_NIBRS,
6622261,16794,8,2014,U,,,N,F,,C,2014_08_PA0431500_NIBRS,
6644711,16794,9,2014,U,,,N,F,,C,2014_09_PA0431500_NIBRS,
6667161,16794,10,2014,U,,,N,F,,C,2014_10_PA0431500_NIBRS,
6689611,16794,11,2014,U,,,N,F,,C,2014_11_PA0431500_NIBRS,
6712061,16794,12,2014,U,,,N,F,,C,2014_12_PA0431500_NIBRS,
6465112,16795,1,2014,U,,,N,F,,C,2014_01_PA0431800_NIBRS,
6487562,16795,2,2014,U,,,N,F,,C,2014_02_PA0431800_NIBRS,
6510012,16795,3,2014,U,,,N,F,,C,2014_03_PA0431800_NIBRS,
6532462,16795,4,2014,U,,,N,F,,C,2014_04_PA0431800_NIBRS,
6554912,16795,5,2014,U,,,N,F,,C,2014_05_PA0431800_NIBRS,
6577362,16795,6,2014,U,,,N,F,,C,2014_06_PA0431800_NIBRS,
6599812,16795,7,2014,U,,,N,F,,C,2014_07_PA0431800_NIBRS,
6622262,16795,8,2014,U,,,N,F,,C,2014_08_PA0431800_NIBRS,
6644712,16795,9,2014,U,,,N,F,,C,2014_09_PA0431800_NIBRS,
6667162,16795,10,2014,U,,,N,F,,C,2014_10_PA0431800_NIBRS,
6689612,16795,11,2014,U,,,N,F,,C,2014_11_PA0431800_NIBRS,
6712062,16795,12,2014,U,,,N,F,,C,2014_12_PA0431800_NIBRS,
6465113,16796,1,2014,U,,,N,F,,C,2014_01_PA0432000_NIBRS,
6487563,16796,2,2014,U,,,N,F,,C,2014_02_PA0432000_NIBRS,
6510013,16796,3,2014,U,,,N,F,,C,2014_03_PA0432000_NIBRS,
6532463,16796,4,2014,U,,,N,F,,C,2014_04_PA0432000_NIBRS,
6554913,16796,5,2014,U,,,N,F,,C,2014_05_PA0432000_NIBRS,
6577363,16796,6,2014,U,,,N,F,,C,2014_06_PA0432000_NIBRS,
6599813,16796,7,2014,U,,,N,F,,C,2014_07_PA0432000_NIBRS,
6622263,16796,8,2014,U,,,N,F,,C,2014_08_PA0432000_NIBRS,
6644713,16796,9,2014,U,,,N,F,,C,2014_09_PA0432000_NIBRS,
6667163,16796,10,2014,U,,,N,F,,C,2014_10_PA0432000_NIBRS,
6689613,16796,11,2014,U,,,N,F,,C,2014_11_PA0432000_NIBRS,
6712063,16796,12,2014,U,,,N,F,,C,2014_12_PA0432000_NIBRS,
6465114,16797,1,2014,U,,,N,F,,C,2014_01_PA0432100_NIBRS,
6487564,16797,2,2014,U,,,N,F,,C,2014_02_PA0432100_NIBRS,
6510014,16797,3,2014,U,,,N,F,,C,2014_03_PA0432100_NIBRS,
6532464,16797,4,2014,U,,,N,F,,C,2014_04_PA0432100_NIBRS,
6554914,16797,5,2014,U,,,N,F,,C,2014_05_PA0432100_NIBRS,
6577364,16797,6,2014,U,,,N,F,,C,2014_06_PA0432100_NIBRS,
6599814,16797,7,2014,U,,,N,F,,C,2014_07_PA0432100_NIBRS,
6622264,16797,8,2014,U,,,N,F,,C,2014_08_PA0432100_NIBRS,
6644714,16797,9,2014,U,,,N,F,,C,2014_09_PA0432100_NIBRS,
6667164,16797,10,2014,U,,,N,F,,C,2014_10_PA0432100_NIBRS,
6689614,16797,11,2014,U,,,N,F,,C,2014_11_PA0432100_NIBRS,
6712064,16797,12,2014,U,,,N,F,,C,2014_12_PA0432100_NIBRS,
6465115,16798,1,2014,U,,,N,F,,C,2014_01_PA0432200_NIBRS,
6487565,16798,2,2014,U,,,N,F,,C,2014_02_PA0432200_NIBRS,
6510015,16798,3,2014,U,,,N,F,,C,2014_03_PA0432200_NIBRS,
6532465,16798,4,2014,U,,,N,F,,C,2014_04_PA0432200_NIBRS,
6554915,16798,5,2014,U,,,N,F,,C,2014_05_PA0432200_NIBRS,
6577365,16798,6,2014,U,,,N,F,,C,2014_06_PA0432200_NIBRS,
6599815,16798,7,2014,U,,,N,F,,C,2014_07_PA0432200_NIBRS,
6622265,16798,8,2014,U,,,N,F,,C,2014_08_PA0432200_NIBRS,
6644715,16798,9,2014,U,,,N,F,,C,2014_09_PA0432200_NIBRS,
6667165,16798,10,2014,U,,,N,F,,C,2014_10_PA0432200_NIBRS,
6689615,16798,11,2014,U,,,N,F,,C,2014_11_PA0432200_NIBRS,
6712065,16798,12,2014,U,,,N,F,,C,2014_12_PA0432200_NIBRS,
6465381,17064,1,2014,U,,,N,F,,C,2014_01_PA0562000_NIBRS,
6487831,17064,2,2014,U,,,N,F,,C,2014_02_PA0562000_NIBRS,
6510281,17064,3,2014,U,,,N,F,,C,2014_03_PA0562000_NIBRS,
6532731,17064,4,2014,U,,,N,F,,C,2014_04_PA0562000_NIBRS,
6555181,17064,5,2014,U,,,N,F,,C,2014_05_PA0562000_NIBRS,
6577631,17064,6,2014,U,,,N,F,,C,2014_06_PA0562000_NIBRS,
6600081,17064,7,2014,U,,,N,F,,C,2014_07_PA0562000_NIBRS,
6622531,17064,8,2014,U,,,N,F,,C,2014_08_PA0562000_NIBRS,
6644981,17064,9,2014,U,,,N,F,,C,2014_09_PA0562000_NIBRS,
6667431,17064,10,2014,U,,,N,F,,C,2014_10_PA0562000_NIBRS,
6689881,17064,11,2014,U,,,N,F,,C,2014_11_PA0562000_NIBRS,
6712331,17064,12,2014,U,,,N,F,,C,2014_12_PA0562000_NIBRS,
6465382,17065,1,2014,U,,,N,F,,C,2014_01_PA0562100_NIBRS,
6487832,17065,2,2014,U,,,N,F,,C,2014_02_PA0562100_NIBRS,
6510282,17065,3,2014,U,,,N,F,,C,2014_03_PA0562100_NIBRS,
6532732,17065,4,2014,U,,,N,F,,C,2014_04_PA0562100_NIBRS,
6555182,17065,5,2014,U,,,N,F,,C,2014_05_PA0562100_NIBRS,
6577632,17065,6,2014,U,,,N,F,,C,2014_06_PA0562100_NIBRS,
6600082,17065,7,2014,U,,,N,F,,C,2014_07_PA0562100_NIBRS,
6622532,17065,8,2014,U,,,N,F,,C,2014_08_PA0562100_NIBRS,
6644982,17065,9,2014,U,,,N,F,,C,2014_09_PA0562100_NIBRS,
6667432,17065,10,2014,U,,,N,F,,C,2014_10_PA0562100_NIBRS,
6689882,17065,11,2014,U,,,N,F,,C,2014_11_PA0562100_NIBRS,
6712332,17065,12,2014,U,,,N,F,,C,2014_12_PA0562100_NIBRS,
6465120,16803,1,2014,U,,,N,F,,C,2014_01_PA0440000_NIBRS,
6487570,16803,2,2014,U,,,N,F,,C,2014_02_PA0440000_NIBRS,
6510020,16803,3,2014,U,,,N,F,,C,2014_03_PA0440000_NIBRS,
6532470,16803,4,2014,U,,,N,F,,C,2014_04_PA0440000_NIBRS,
6554920,16803,5,2014,U,,,N,F,,C,2014_05_PA0440000_NIBRS,
6577370,16803,6,2014,U,,,N,F,,C,2014_06_PA0440000_NIBRS,
6599820,16803,7,2014,U,,,N,F,,C,2014_07_PA0440000_NIBRS,
6622270,16803,8,2014,U,,,N,F,,C,2014_08_PA0440000_NIBRS,
6644720,16803,9,2014,U,,,N,F,,C,2014_09_PA0440000_NIBRS,
6667170,16803,10,2014,U,,,N,F,,C,2014_10_PA0440000_NIBRS,
6689620,16803,11,2014,U,,,N,F,,C,2014_11_PA0440000_NIBRS,
6712070,16803,12,2014,U,,,N,F,,C,2014_12_PA0440000_NIBRS,
6465121,16804,1,2014,U,,,N,F,,C,2014_01_PA0440100_NIBRS,
6487571,16804,2,2014,U,,,N,F,,C,2014_02_PA0440100_NIBRS,
6510021,16804,3,2014,U,,,N,F,,C,2014_03_PA0440100_NIBRS,
6532471,16804,4,2014,U,,,N,F,,C,2014_04_PA0440100_NIBRS,
6554921,16804,5,2014,U,,,N,F,,C,2014_05_PA0440100_NIBRS,
6577371,16804,6,2014,U,,,N,F,,C,2014_06_PA0440100_NIBRS,
6599821,16804,7,2014,U,,,N,F,,C,2014_07_PA0440100_NIBRS,
6622271,16804,8,2014,U,,,N,F,,C,2014_08_PA0440100_NIBRS,
6644721,16804,9,2014,U,,,N,F,,C,2014_09_PA0440100_NIBRS,
6667171,16804,10,2014,U,,,N,F,,C,2014_10_PA0440100_NIBRS,
6689621,16804,11,2014,U,,,N,F,,C,2014_11_PA0440100_NIBRS,
6712071,16804,12,2014,U,,,N,F,,C,2014_12_PA0440100_NIBRS,
6465122,16805,1,2014,U,,,N,F,,C,2014_01_PA0440200_NIBRS,
6487572,16805,2,2014,U,,,N,F,,C,2014_02_PA0440200_NIBRS,
6510022,16805,3,2014,U,,,N,F,,C,2014_03_PA0440200_NIBRS,
6532472,16805,4,2014,U,,,N,F,,C,2014_04_PA0440200_NIBRS,
6554922,16805,5,2014,U,,,N,F,,C,2014_05_PA0440200_NIBRS,
6577372,16805,6,2014,U,,,N,F,,C,2014_06_PA0440200_NIBRS,
6599822,16805,7,2014,U,,,N,F,,C,2014_07_PA0440200_NIBRS,
6622272,16805,8,2014,U,,,N,F,,C,2014_08_PA0440200_NIBRS,
6644722,16805,9,2014,U,,,N,F,,C,2014_09_PA0440200_NIBRS,
6667172,16805,10,2014,U,,,N,F,,C,2014_10_PA0440200_NIBRS,
6689622,16805,11,2014,U,,,N,F,,C,2014_11_PA0440200_NIBRS,
6712072,16805,12,2014,U,,,N,F,,C,2014_12_PA0440200_NIBRS,
6465123,16806,1,2014,U,,,N,F,,C,2014_01_PA0440300_NIBRS,
6487573,16806,2,2014,U,,,N,F,,C,2014_02_PA0440300_NIBRS,
6510023,16806,3,2014,U,,,N,F,,C,2014_03_PA0440300_NIBRS,
6532473,16806,4,2014,U,,,N,F,,C,2014_04_PA0440300_NIBRS,
6554923,16806,5,2014,U,,,N,F,,C,2014_05_PA0440300_NIBRS,
6577373,16806,6,2014,U,,,N,F,,C,2014_06_PA0440300_NIBRS,
6599823,16806,7,2014,U,,,N,F,,C,2014_07_PA0440300_NIBRS,
6622273,16806,8,2014,U,,,N,F,,C,2014_08_PA0440300_NIBRS,
6644723,16806,9,2014,U,,,N,F,,C,2014_09_PA0440300_NIBRS,
6667173,16806,10,2014,U,,,N,F,,C,2014_10_PA0440300_NIBRS,
6689623,16806,11,2014,U,,,N,F,,C,2014_11_PA0440300_NIBRS,
6712073,16806,12,2014,U,,,N,F,,C,2014_12_PA0440300_NIBRS,
6465124,16807,1,2014,U,,,N,F,,C,2014_01_PA0440600_NIBRS,
6487574,16807,2,2014,U,,,N,F,,C,2014_02_PA0440600_NIBRS,
6510024,16807,3,2014,U,,,N,F,,C,2014_03_PA0440600_NIBRS,
6532474,16807,4,2014,U,,,N,F,,C,2014_04_PA0440600_NIBRS,
6554924,16807,5,2014,U,,,N,F,,C,2014_05_PA0440600_NIBRS,
6577374,16807,6,2014,U,,,N,F,,C,2014_06_PA0440600_NIBRS,
6599824,16807,7,2014,U,,,N,F,,C,2014_07_PA0440600_NIBRS,
6622274,16807,8,2014,U,,,N,F,,C,2014_08_PA0440600_NIBRS,
6644724,16807,9,2014,U,,,N,F,,C,2014_09_PA0440600_NIBRS,
6667174,16807,10,2014,U,,,N,F,,C,2014_10_PA0440600_NIBRS,
6689624,16807,11,2014,U,,,N,F,,C,2014_11_PA0440600_NIBRS,
6712074,16807,12,2014,U,,,N,F,,C,2014_12_PA0440600_NIBRS,
6465125,16808,1,2014,U,,,N,F,,C,2014_01_PA0440700_NIBRS,
6487575,16808,2,2014,U,,,N,F,,C,2014_02_PA0440700_NIBRS,
6510025,16808,3,2014,U,,,N,F,,C,2014_03_PA0440700_NIBRS,
6532475,16808,4,2014,U,,,N,F,,C,2014_04_PA0440700_NIBRS,
6554925,16808,5,2014,U,,,N,F,,C,2014_05_PA0440700_NIBRS,
6577375,16808,6,2014,U,,,N,F,,C,2014_06_PA0440700_NIBRS,
6599825,16808,7,2014,U,,,N,F,,C,2014_07_PA0440700_NIBRS,
6622275,16808,8,2014,U,,,N,F,,C,2014_08_PA0440700_NIBRS,
6644725,16808,9,2014,U,,,N,F,,C,2014_09_PA0440700_NIBRS,
6667175,16808,10,2014,U,,,N,F,,C,2014_10_PA0440700_NIBRS,
6689625,16808,11,2014,U,,,N,F,,C,2014_11_PA0440700_NIBRS,
6712075,16808,12,2014,U,,,N,F,,C,2014_12_PA0440700_NIBRS,
6465126,16809,1,2014,U,,,N,F,,C,2014_01_PA0440900_NIBRS,
6487576,16809,2,2014,U,,,N,F,,C,2014_02_PA0440900_NIBRS,
6510026,16809,3,2014,U,,,N,F,,C,2014_03_PA0440900_NIBRS,
6532476,16809,4,2014,U,,,N,F,,C,2014_04_PA0440900_NIBRS,
6554926,16809,5,2014,U,,,N,F,,C,2014_05_PA0440900_NIBRS,
6577376,16809,6,2014,U,,,N,F,,C,2014_06_PA0440900_NIBRS,
6599826,16809,7,2014,U,,,N,F,,C,2014_07_PA0440900_NIBRS,
6622276,16809,8,2014,U,,,N,F,,C,2014_08_PA0440900_NIBRS,
6644726,16809,9,2014,U,,,N,F,,C,2014_09_PA0440900_NIBRS,
6667176,16809,10,2014,U,,,N,F,,C,2014_10_PA0440900_NIBRS,
6689626,16809,11,2014,U,,,N,F,,C,2014_11_PA0440900_NIBRS,
6712076,16809,12,2014,U,,,N,F,,C,2014_12_PA0440900_NIBRS,
6465127,16810,1,2014,U,,,N,F,,C,2014_01_PA0441200_NIBRS,
6487577,16810,2,2014,U,,,N,F,,C,2014_02_PA0441200_NIBRS,
6510027,16810,3,2014,U,,,N,F,,C,2014_03_PA0441200_NIBRS,
6532477,16810,4,2014,U,,,N,F,,C,2014_04_PA0441200_NIBRS,
6554927,16810,5,2014,U,,,N,F,,C,2014_05_PA0441200_NIBRS,
6577377,16810,6,2014,U,,,N,F,,C,2014_06_PA0441200_NIBRS,
6599827,16810,7,2014,U,,,N,F,,C,2014_07_PA0441200_NIBRS,
6622277,16810,8,2014,U,,,N,F,,C,2014_08_PA0441200_NIBRS,
6644727,16810,9,2014,U,,,N,F,,C,2014_09_PA0441200_NIBRS,
6667177,16810,10,2014,U,,,N,F,,C,2014_10_PA0441200_NIBRS,
6689627,16810,11,2014,U,,,N,F,,C,2014_11_PA0441200_NIBRS,
6712077,16810,12,2014,U,,,N,F,,C,2014_12_PA0441200_NIBRS,
6465128,16811,1,2014,U,,,N,F,,C,2014_01_PA044BF00_NIBRS,
6487578,16811,2,2014,U,,,N,F,,C,2014_02_PA044BF00_NIBRS,
6510028,16811,3,2014,U,,,N,F,,C,2014_03_PA044BF00_NIBRS,
6532478,16811,4,2014,U,,,N,F,,C,2014_04_PA044BF00_NIBRS,
6554928,16811,5,2014,U,,,N,F,,C,2014_05_PA044BF00_NIBRS,
6577378,16811,6,2014,U,,,N,F,,C,2014_06_PA044BF00_NIBRS,
6599828,16811,7,2014,U,,,N,F,,C,2014_07_PA044BF00_NIBRS,
6622278,16811,8,2014,U,,,N,F,,C,2014_08_PA044BF00_NIBRS,
6644728,16811,9,2014,U,,,N,F,,C,2014_09_PA044BF00_NIBRS,
6667178,16811,10,2014,U,,,N,F,,C,2014_10_PA044BF00_NIBRS,
6689628,16811,11,2014,U,,,N,F,,C,2014_11_PA044BF00_NIBRS,
6712078,16811,12,2014,U,,,N,F,,C,2014_12_PA044BF00_NIBRS,
6465129,16812,1,2014,U,,,N,F,,C,2014_01_PA044DE00_NIBRS,
6487579,16812,2,2014,U,,,N,F,,C,2014_02_PA044DE00_NIBRS,
6510029,16812,3,2014,U,,,N,F,,C,2014_03_PA044DE00_NIBRS,
6532479,16812,4,2014,U,,,N,F,,C,2014_04_PA044DE00_NIBRS,
6554929,16812,5,2014,U,,,N,F,,C,2014_05_PA044DE00_NIBRS,
6577379,16812,6,2014,U,,,N,F,,C,2014_06_PA044DE00_NIBRS,
6599829,16812,7,2014,U,,,N,F,,C,2014_07_PA044DE00_NIBRS,
6622279,16812,8,2014,U,,,N,F,,C,2014_08_PA044DE00_NIBRS,
6644729,16812,9,2014,U,,,N,F,,C,2014_09_PA044DE00_NIBRS,
6667179,16812,10,2014,U,,,N,F,,C,2014_10_PA044DE00_NIBRS,
6689629,16812,11,2014,U,,,N,F,,C,2014_11_PA044DE00_NIBRS,
6712079,16812,12,2014,U,,,N,F,,C,2014_12_PA044DE00_NIBRS,
6465130,16813,1,2014,U,,,N,F,,C,2014_01_PA044SP00_NIBRS,
6487580,16813,2,2014,U,,,N,F,,C,2014_02_PA044SP00_NIBRS,
6510030,16813,3,2014,U,,,N,F,,C,2014_03_PA044SP00_NIBRS,
6532480,16813,4,2014,U,,,N,F,,C,2014_04_PA044SP00_NIBRS,
6554930,16813,5,2014,U,,,N,F,,C,2014_05_PA044SP00_NIBRS,
6577380,16813,6,2014,U,,,N,F,,C,2014_06_PA044SP00_NIBRS,
6599830,16813,7,2014,U,,,N,F,,C,2014_07_PA044SP00_NIBRS,
6622280,16813,8,2014,U,,,N,F,,C,2014_08_PA044SP00_NIBRS,
6644730,16813,9,2014,U,,,N,F,,C,2014_09_PA044SP00_NIBRS,
6667180,16813,10,2014,U,,,N,F,,C,2014_10_PA044SP00_NIBRS,
6689630,16813,11,2014,U,,,N,F,,C,2014_11_PA044SP00_NIBRS,
6712080,16813,12,2014,U,,,N,F,,C,2014_12_PA044SP00_NIBRS,
6465131,16814,1,2014,U,,,N,F,,C,2014_01_PA0450000_NIBRS,
6487581,16814,2,2014,U,,,N,F,,C,2014_02_PA0450000_NIBRS,
6510031,16814,3,2014,U,,,N,F,,C,2014_03_PA0450000_NIBRS,
6532481,16814,4,2014,U,,,N,F,,C,2014_04_PA0450000_NIBRS,
6554931,16814,5,2014,U,,,N,F,,C,2014_05_PA0450000_NIBRS,
6577381,16814,6,2014,U,,,N,F,,C,2014_06_PA0450000_NIBRS,
6599831,16814,7,2014,U,,,N,F,,C,2014_07_PA0450000_NIBRS,
6622281,16814,8,2014,U,,,N,F,,C,2014_08_PA0450000_NIBRS,
6644731,16814,9,2014,U,,,N,F,,C,2014_09_PA0450000_NIBRS,
6667181,16814,10,2014,U,,,N,F,,C,2014_10_PA0450000_NIBRS,
6689631,16814,11,2014,U,,,N,F,,C,2014_11_PA0450000_NIBRS,
6712081,16814,12,2014,U,,,N,F,,C,2014_12_PA0450000_NIBRS,
6465132,16815,1,2014,U,,,N,F,,C,2014_01_PA0450100_NIBRS,
6487582,16815,2,2014,U,,,N,F,,C,2014_02_PA0450100_NIBRS,
6510032,16815,3,2014,U,,,N,F,,C,2014_03_PA0450100_NIBRS,
6532482,16815,4,2014,U,,,N,F,,C,2014_04_PA0450100_NIBRS,
6554932,16815,5,2014,U,,,N,F,,C,2014_05_PA0450100_NIBRS,
6577382,16815,6,2014,U,,,N,F,,C,2014_06_PA0450100_NIBRS,
6599832,16815,7,2014,U,,,N,F,,C,2014_07_PA0450100_NIBRS,
6622282,16815,8,2014,U,,,N,F,,C,2014_08_PA0450100_NIBRS,
6644732,16815,9,2014,U,,,N,F,,C,2014_09_PA0450100_NIBRS,
6667182,16815,10,2014,U,,,N,F,,C,2014_10_PA0450100_NIBRS,
6689632,16815,11,2014,U,,,N,F,,C,2014_11_PA0450100_NIBRS,
6712082,16815,12,2014,U,,,N,F,,C,2014_12_PA0450100_NIBRS,
6465133,16816,1,2014,U,,,N,F,,C,2014_01_PA0450200_NIBRS,
6487583,16816,2,2014,U,,,N,F,,C,2014_02_PA0450200_NIBRS,
6510033,16816,3,2014,U,,,N,F,,C,2014_03_PA0450200_NIBRS,
6532483,16816,4,2014,U,,,N,F,,C,2014_04_PA0450200_NIBRS,
6554933,16816,5,2014,U,,,N,F,,C,2014_05_PA0450200_NIBRS,
6577383,16816,6,2014,U,,,N,F,,C,2014_06_PA0450200_NIBRS,
6599833,16816,7,2014,U,,,N,F,,C,2014_07_PA0450200_NIBRS,
6622283,16816,8,2014,U,,,N,F,,C,2014_08_PA0450200_NIBRS,
6644733,16816,9,2014,U,,,N,F,,C,2014_09_PA0450200_NIBRS,
6667183,16816,10,2014,U,,,N,F,,C,2014_10_PA0450200_NIBRS,
6689633,16816,11,2014,U,,,N,F,,C,2014_11_PA0450200_NIBRS,
6712083,16816,12,2014,U,,,N,F,,C,2014_12_PA0450200_NIBRS,
6465134,16817,1,2014,U,,,N,F,,C,2014_01_PA0450300_NIBRS,
6487584,16817,2,2014,U,,,N,F,,C,2014_02_PA0450300_NIBRS,
6510034,16817,3,2014,U,,,N,F,,C,2014_03_PA0450300_NIBRS,
6532484,16817,4,2014,U,,,N,F,,C,2014_04_PA0450300_NIBRS,
6554934,16817,5,2014,U,,,N,F,,C,2014_05_PA0450300_NIBRS,
6577384,16817,6,2014,U,,,N,F,,C,2014_06_PA0450300_NIBRS,
6599834,16817,7,2014,U,,,N,F,,C,2014_07_PA0450300_NIBRS,
6622284,16817,8,2014,U,,,N,F,,C,2014_08_PA0450300_NIBRS,
6644734,16817,9,2014,U,,,N,F,,C,2014_09_PA0450300_NIBRS,
6667184,16817,10,2014,U,,,N,F,,C,2014_10_PA0450300_NIBRS,
6689634,16817,11,2014,U,,,N,F,,C,2014_11_PA0450300_NIBRS,
6712084,16817,12,2014,U,,,N,F,,C,2014_12_PA0450300_NIBRS,
6465135,16818,1,2014,U,,,N,F,,C,2014_01_PA0450400_NIBRS,
6487585,16818,2,2014,U,,,N,F,,C,2014_02_PA0450400_NIBRS,
6510035,16818,3,2014,U,,,N,F,,C,2014_03_PA0450400_NIBRS,
6532485,16818,4,2014,U,,,N,F,,C,2014_04_PA0450400_NIBRS,
6554935,16818,5,2014,U,,,N,F,,C,2014_05_PA0450400_NIBRS,
6577385,16818,6,2014,U,,,N,F,,C,2014_06_PA0450400_NIBRS,
6599835,16818,7,2014,U,,,N,F,,C,2014_07_PA0450400_NIBRS,
6622285,16818,8,2014,U,,,N,F,,C,2014_08_PA0450400_NIBRS,
6644735,16818,9,2014,U,,,N,F,,C,2014_09_PA0450400_NIBRS,
6667185,16818,10,2014,U,,,N,F,,C,2014_10_PA0450400_NIBRS,
6689635,16818,11,2014,U,,,N,F,,C,2014_11_PA0450400_NIBRS,
6712085,16818,12,2014,U,,,N,F,,C,2014_12_PA0450400_NIBRS,
6465136,16819,1,2014,U,,,N,F,,C,2014_01_PA0450500_NIBRS,
6487586,16819,2,2014,U,,,N,F,,C,2014_02_PA0450500_NIBRS,
6510036,16819,3,2014,U,,,N,F,,C,2014_03_PA0450500_NIBRS,
6532486,16819,4,2014,U,,,N,F,,C,2014_04_PA0450500_NIBRS,
6554936,16819,5,2014,U,,,N,F,,C,2014_05_PA0450500_NIBRS,
6577386,16819,6,2014,U,,,N,F,,C,2014_06_PA0450500_NIBRS,
6599836,16819,7,2014,U,,,N,F,,C,2014_07_PA0450500_NIBRS,
6622286,16819,8,2014,U,,,N,F,,C,2014_08_PA0450500_NIBRS,
6644736,16819,9,2014,U,,,N,F,,C,2014_09_PA0450500_NIBRS,
6667186,16819,10,2014,U,,,N,F,,C,2014_10_PA0450500_NIBRS,
6689636,16819,11,2014,U,,,N,F,,C,2014_11_PA0450500_NIBRS,
6712086,16819,12,2014,U,,,N,F,,C,2014_12_PA0450500_NIBRS,
6465137,16820,1,2014,U,,,N,F,,C,2014_01_PA0450600_NIBRS,
6487587,16820,2,2014,U,,,N,F,,C,2014_02_PA0450600_NIBRS,
6510037,16820,3,2014,U,,,N,F,,C,2014_03_PA0450600_NIBRS,
6532487,16820,4,2014,U,,,N,F,,C,2014_04_PA0450600_NIBRS,
6554937,16820,5,2014,U,,,N,F,,C,2014_05_PA0450600_NIBRS,
6577387,16820,6,2014,U,,,N,F,,C,2014_06_PA0450600_NIBRS,
6599837,16820,7,2014,U,,,N,F,,C,2014_07_PA0450600_NIBRS,
6622287,16820,8,2014,U,,,N,F,,C,2014_08_PA0450600_NIBRS,
6644737,16820,9,2014,U,,,N,F,,C,2014_09_PA0450600_NIBRS,
6667187,16820,10,2014,U,,,N,F,,C,2014_10_PA0450600_NIBRS,
6689637,16820,11,2014,U,,,N,F,,C,2014_11_PA0450600_NIBRS,
6712087,16820,12,2014,U,,,N,F,,C,2014_12_PA0450600_NIBRS,
6465138,16821,1,2014,U,,,N,F,,C,2014_01_PA0450700_NIBRS,
6487588,16821,2,2014,U,,,N,F,,C,2014_02_PA0450700_NIBRS,
6510038,16821,3,2014,U,,,N,F,,C,2014_03_PA0450700_NIBRS,
6532488,16821,4,2014,U,,,N,F,,C,2014_04_PA0450700_NIBRS,
6554938,16821,5,2014,U,,,N,F,,C,2014_05_PA0450700_NIBRS,
6577388,16821,6,2014,U,,,N,F,,C,2014_06_PA0450700_NIBRS,
6599838,16821,7,2014,U,,,N,F,,C,2014_07_PA0450700_NIBRS,
6622288,16821,8,2014,U,,,N,F,,C,2014_08_PA0450700_NIBRS,
6644738,16821,9,2014,U,,,N,F,,C,2014_09_PA0450700_NIBRS,
6667188,16821,10,2014,U,,,N,F,,C,2014_10_PA0450700_NIBRS,
6689638,16821,11,2014,U,,,N,F,,C,2014_11_PA0450700_NIBRS,
6712088,16821,12,2014,U,,,N,F,,C,2014_12_PA0450700_NIBRS,
6465139,16822,1,2014,U,,,N,F,,C,2014_01_PA0450800_NIBRS,
6487589,16822,2,2014,U,,,N,F,,C,2014_02_PA0450800_NIBRS,
6510039,16822,3,2014,U,,,N,F,,C,2014_03_PA0450800_NIBRS,
6532489,16822,4,2014,U,,,N,F,,C,2014_04_PA0450800_NIBRS,
6554939,16822,5,2014,U,,,N,F,,C,2014_05_PA0450800_NIBRS,
6577389,16822,6,2014,U,,,N,F,,C,2014_06_PA0450800_NIBRS,
6599839,16822,7,2014,U,,,N,F,,C,2014_07_PA0450800_NIBRS,
6622289,16822,8,2014,U,,,N,F,,C,2014_08_PA0450800_NIBRS,
6644739,16822,9,2014,U,,,N,F,,C,2014_09_PA0450800_NIBRS,
6667189,16822,10,2014,U,,,N,F,,C,2014_10_PA0450800_NIBRS,
6689639,16822,11,2014,U,,,N,F,,C,2014_11_PA0450800_NIBRS,
6712089,16822,12,2014,U,,,N,F,,C,2014_12_PA0450800_NIBRS,
6465140,16823,1,2014,U,,,N,F,,C,2014_01_PA0450900_NIBRS,
6487590,16823,2,2014,U,,,N,F,,C,2014_02_PA0450900_NIBRS,
6510040,16823,3,2014,U,,,N,F,,C,2014_03_PA0450900_NIBRS,
6532490,16823,4,2014,U,,,N,F,,C,2014_04_PA0450900_NIBRS,
6554940,16823,5,2014,U,,,N,F,,C,2014_05_PA0450900_NIBRS,
6577390,16823,6,2014,U,,,N,F,,C,2014_06_PA0450900_NIBRS,
6599840,16823,7,2014,U,,,N,F,,C,2014_07_PA0450900_NIBRS,
6622290,16823,8,2014,U,,,N,F,,C,2014_08_PA0450900_NIBRS,
6644740,16823,9,2014,U,,,N,F,,C,2014_09_PA0450900_NIBRS,
6667190,16823,10,2014,U,,,N,F,,C,2014_10_PA0450900_NIBRS,
6689640,16823,11,2014,U,,,N,F,,C,2014_11_PA0450900_NIBRS,
6712090,16823,12,2014,U,,,N,F,,C,2014_12_PA0450900_NIBRS,
6465552,17235,1,2014,U,,,N,F,,C,2014_01_PA0653600_NIBRS,
6488002,17235,2,2014,U,,,N,F,,C,2014_02_PA0653600_NIBRS,
6510452,17235,3,2014,U,,,N,F,,C,2014_03_PA0653600_NIBRS,
6532902,17235,4,2014,U,,,N,F,,C,2014_04_PA0653600_NIBRS,
6555352,17235,5,2014,U,,,N,F,,C,2014_05_PA0653600_NIBRS,
6577802,17235,6,2014,U,,,N,F,,C,2014_06_PA0653600_NIBRS,
6600252,17235,7,2014,U,,,N,F,,C,2014_07_PA0653600_NIBRS,
6622702,17235,8,2014,U,,,N,F,,C,2014_08_PA0653600_NIBRS,
6645152,17235,9,2014,U,,,N,F,,C,2014_09_PA0653600_NIBRS,
6667602,17235,10,2014,U,,,N,F,,C,2014_10_PA0653600_NIBRS,
6690052,17235,11,2014,U,,,N,F,,C,2014_11_PA0653600_NIBRS,
6712502,17235,12,2014,U,,,N,F,,C,2014_12_PA0653600_NIBRS,
6465047,16730,1,2014,U,,,N,F,,C,2014_01_PA0404300_NIBRS,
6487497,16730,2,2014,U,,,N,F,,C,2014_02_PA0404300_NIBRS,
6509947,16730,3,2014,U,,,N,F,,C,2014_03_PA0404300_NIBRS,
6532397,16730,4,2014,U,,,N,F,,C,2014_04_PA0404300_NIBRS,
6554847,16730,5,2014,U,,,N,F,,C,2014_05_PA0404300_NIBRS,
6577297,16730,6,2014,U,,,N,F,,C,2014_06_PA0404300_NIBRS,
6599747,16730,7,2014,U,,,N,F,,C,2014_07_PA0404300_NIBRS,
6622197,16730,8,2014,U,,,N,F,,C,2014_08_PA0404300_NIBRS,
6644647,16730,9,2014,U,,,N,F,,C,2014_09_PA0404300_NIBRS,
6667097,16730,10,2014,U,,,N,F,,C,2014_10_PA0404300_NIBRS,
6689547,16730,11,2014,U,,,N,F,,C,2014_11_PA0404300_NIBRS,
6711997,16730,12,2014,U,,,N,F,,C,2014_12_PA0404300_NIBRS,
6465048,16731,1,2014,U,,,N,F,,C,2014_01_PA0404400_NIBRS,
6487498,16731,2,2014,U,,,N,F,,C,2014_02_PA0404400_NIBRS,
6509948,16731,3,2014,U,,,N,F,,C,2014_03_PA0404400_NIBRS,
6532398,16731,4,2014,U,,,N,F,,C,2014_04_PA0404400_NIBRS,
6554848,16731,5,2014,U,,,N,F,,C,2014_05_PA0404400_NIBRS,
6577298,16731,6,2014,U,,,N,F,,C,2014_06_PA0404400_NIBRS,
6599748,16731,7,2014,U,,,N,F,,C,2014_07_PA0404400_NIBRS,
6622198,16731,8,2014,U,,,N,F,,C,2014_08_PA0404400_NIBRS,
6644648,16731,9,2014,U,,,N,F,,C,2014_09_PA0404400_NIBRS,
6667098,16731,10,2014,U,,,N,F,,C,2014_10_PA0404400_NIBRS,
6689548,16731,11,2014,U,,,N,F,,C,2014_11_PA0404400_NIBRS,
6711998,16731,12,2014,U,,,N,F,,C,2014_12_PA0404400_NIBRS,
6465049,16732,1,2014,U,,,N,F,,C,2014_01_PA0404500_NIBRS,
6487499,16732,2,2014,U,,,N,F,,C,2014_02_PA0404500_NIBRS,
6509949,16732,3,2014,U,,,N,F,,C,2014_03_PA0404500_NIBRS,
6532399,16732,4,2014,U,,,N,F,,C,2014_04_PA0404500_NIBRS,
6554849,16732,5,2014,U,,,N,F,,C,2014_05_PA0404500_NIBRS,
6577299,16732,6,2014,U,,,N,F,,C,2014_06_PA0404500_NIBRS,
6599749,16732,7,2014,U,,,N,F,,C,2014_07_PA0404500_NIBRS,
6622199,16732,8,2014,U,,,N,F,,C,2014_08_PA0404500_NIBRS,
6644649,16732,9,2014,U,,,N,F,,C,2014_09_PA0404500_NIBRS,
6667099,16732,10,2014,U,,,N,F,,C,2014_10_PA0404500_NIBRS,
6689549,16732,11,2014,U,,,N,F,,C,2014_11_PA0404500_NIBRS,
6711999,16732,12,2014,U,,,N,F,,C,2014_12_PA0404500_NIBRS,
6465050,16733,1,2014,U,,,N,F,,C,2014_01_PA0404700_NIBRS,
6487500,16733,2,2014,U,,,N,F,,C,2014_02_PA0404700_NIBRS,
6509950,16733,3,2014,U,,,N,F,,C,2014_03_PA0404700_NIBRS,
6532400,16733,4,2014,U,,,N,F,,C,2014_04_PA0404700_NIBRS,
6554850,16733,5,2014,U,,,N,F,,C,2014_05_PA0404700_NIBRS,
6577300,16733,6,2014,U,,,N,F,,C,2014_06_PA0404700_NIBRS,
6599750,16733,7,2014,U,,,N,F,,C,2014_07_PA0404700_NIBRS,
6622200,16733,8,2014,U,,,N,F,,C,2014_08_PA0404700_NIBRS,
6644650,16733,9,2014,U,,,N,F,,C,2014_09_PA0404700_NIBRS,
6667100,16733,10,2014,U,,,N,F,,C,2014_10_PA0404700_NIBRS,
6689550,16733,11,2014,U,,,N,F,,C,2014_11_PA0404700_NIBRS,
6712000,16733,12,2014,U,,,N,F,,C,2014_12_PA0404700_NIBRS,
6465051,16734,1,2014,U,,,N,F,,C,2014_01_PA0404900_NIBRS,
6487501,16734,2,2014,U,,,N,F,,C,2014_02_PA0404900_NIBRS,
6509951,16734,3,2014,U,,,N,F,,C,2014_03_PA0404900_NIBRS,
6532401,16734,4,2014,U,,,N,F,,C,2014_04_PA0404900_NIBRS,
6554851,16734,5,2014,U,,,N,F,,C,2014_05_PA0404900_NIBRS,
6577301,16734,6,2014,U,,,N,F,,C,2014_06_PA0404900_NIBRS,
6599751,16734,7,2014,U,,,N,F,,C,2014_07_PA0404900_NIBRS,
6622201,16734,8,2014,U,,,N,F,,C,2014_08_PA0404900_NIBRS,
6644651,16734,9,2014,U,,,N,F,,C,2014_09_PA0404900_NIBRS,
6667101,16734,10,2014,U,,,N,F,,C,2014_10_PA0404900_NIBRS,
6689551,16734,11,2014,U,,,N,F,,C,2014_11_PA0404900_NIBRS,
6712001,16734,12,2014,U,,,N,F,,C,2014_12_PA0404900_NIBRS,
6465052,16735,1,2014,U,,,N,F,,C,2014_01_PA0405000_NIBRS,
6487502,16735,2,2014,U,,,N,F,,C,2014_02_PA0405000_NIBRS,
6509952,16735,3,2014,U,,,N,F,,C,2014_03_PA0405000_NIBRS,
6532402,16735,4,2014,U,,,N,F,,C,2014_04_PA0405000_NIBRS,
6554852,16735,5,2014,U,,,N,F,,C,2014_05_PA0405000_NIBRS,
6577302,16735,6,2014,U,,,N,F,,C,2014_06_PA0405000_NIBRS,
6599752,16735,7,2014,U,,,N,F,,C,2014_07_PA0405000_NIBRS,
6622202,16735,8,2014,U,,,N,F,,C,2014_08_PA0405000_NIBRS,
6644652,16735,9,2014,U,,,N,F,,C,2014_09_PA0405000_NIBRS,
6667102,16735,10,2014,U,,,N,F,,C,2014_10_PA0405000_NIBRS,
6689552,16735,11,2014,U,,,N,F,,C,2014_11_PA0405000_NIBRS,
6712002,16735,12,2014,U,,,N,F,,C,2014_12_PA0405000_NIBRS,
6465053,16736,1,2014,U,,,N,F,,C,2014_01_PA0405100_NIBRS,
6487503,16736,2,2014,U,,,N,F,,C,2014_02_PA0405100_NIBRS,
6509953,16736,3,2014,U,,,N,F,,C,2014_03_PA0405100_NIBRS,
6532403,16736,4,2014,U,,,N,F,,C,2014_04_PA0405100_NIBRS,
6554853,16736,5,2014,U,,,N,F,,C,2014_05_PA0405100_NIBRS,
6577303,16736,6,2014,U,,,N,F,,C,2014_06_PA0405100_NIBRS,
6599753,16736,7,2014,U,,,N,F,,C,2014_07_PA0405100_NIBRS,
6622203,16736,8,2014,U,,,N,F,,C,2014_08_PA0405100_NIBRS,
6644653,16736,9,2014,U,,,N,F,,C,2014_09_PA0405100_NIBRS,
6667103,16736,10,2014,U,,,N,F,,C,2014_10_PA0405100_NIBRS,
6689553,16736,11,2014,U,,,N,F,,C,2014_11_PA0405100_NIBRS,
6712003,16736,12,2014,U,,,N,F,,C,2014_12_PA0405100_NIBRS,
6465054,16737,1,2014,U,,,N,F,,C,2014_01_PA0405500_NIBRS,
6487504,16737,2,2014,U,,,N,F,,C,2014_02_PA0405500_NIBRS,
6509954,16737,3,2014,U,,,N,F,,C,2014_03_PA0405500_NIBRS,
6532404,16737,4,2014,U,,,N,F,,C,2014_04_PA0405500_NIBRS,
6554854,16737,5,2014,U,,,N,F,,C,2014_05_PA0405500_NIBRS,
6577304,16737,6,2014,U,,,N,F,,C,2014_06_PA0405500_NIBRS,
6599754,16737,7,2014,U,,,N,F,,C,2014_07_PA0405500_NIBRS,
6622204,16737,8,2014,U,,,N,F,,C,2014_08_PA0405500_NIBRS,
6644654,16737,9,2014,U,,,N,F,,C,2014_09_PA0405500_NIBRS,
6667104,16737,10,2014,U,,,N,F,,C,2014_10_PA0405500_NIBRS,
6689554,16737,11,2014,U,,,N,F,,C,2014_11_PA0405500_NIBRS,
6712004,16737,12,2014,U,,,N,F,,C,2014_12_PA0405500_NIBRS,
6465055,16738,1,2014,U,,,N,F,,C,2014_01_PA0405600_NIBRS,
6487505,16738,2,2014,U,,,N,F,,C,2014_02_PA0405600_NIBRS,
6509955,16738,3,2014,U,,,N,F,,C,2014_03_PA0405600_NIBRS,
6532405,16738,4,2014,U,,,N,F,,C,2014_04_PA0405600_NIBRS,
6554855,16738,5,2014,U,,,N,F,,C,2014_05_PA0405600_NIBRS,
6577305,16738,6,2014,U,,,N,F,,C,2014_06_PA0405600_NIBRS,
6599755,16738,7,2014,U,,,N,F,,C,2014_07_PA0405600_NIBRS,
6622205,16738,8,2014,U,,,N,F,,C,2014_08_PA0405600_NIBRS,
6644655,16738,9,2014,U,,,N,F,,C,2014_09_PA0405600_NIBRS,
6667105,16738,10,2014,U,,,N,F,,C,2014_10_PA0405600_NIBRS,
6689555,16738,11,2014,U,,,N,F,,C,2014_11_PA0405600_NIBRS,
6712005,16738,12,2014,U,,,N,F,,C,2014_12_PA0405600_NIBRS,
6465056,16739,1,2014,U,,,N,F,,C,2014_01_PA0405700_NIBRS,
6487506,16739,2,2014,U,,,N,F,,C,2014_02_PA0405700_NIBRS,
6509956,16739,3,2014,U,,,N,F,,C,2014_03_PA0405700_NIBRS,
6532406,16739,4,2014,U,,,N,F,,C,2014_04_PA0405700_NIBRS,
6554856,16739,5,2014,U,,,N,F,,C,2014_05_PA0405700_NIBRS,
6577306,16739,6,2014,U,,,N,F,,C,2014_06_PA0405700_NIBRS,
6599756,16739,7,2014,U,,,N,F,,C,2014_07_PA0405700_NIBRS,
6622206,16739,8,2014,U,,,N,F,,C,2014_08_PA0405700_NIBRS,
6644656,16739,9,2014,U,,,N,F,,C,2014_09_PA0405700_NIBRS,
6667106,16739,10,2014,U,,,N,F,,C,2014_10_PA0405700_NIBRS,
6689556,16739,11,2014,U,,,N,F,,C,2014_11_PA0405700_NIBRS,
6712006,16739,12,2014,U,,,N,F,,C,2014_12_PA0405700_NIBRS,
6465057,16740,1,2014,U,,,N,F,,C,2014_01_PA0406000_NIBRS,
6487507,16740,2,2014,U,,,N,F,,C,2014_02_PA0406000_NIBRS,
6509957,16740,3,2014,U,,,N,F,,C,2014_03_PA0406000_NIBRS,
6532407,16740,4,2014,U,,,N,F,,C,2014_04_PA0406000_NIBRS,
6554857,16740,5,2014,U,,,N,F,,C,2014_05_PA0406000_NIBRS,
6577307,16740,6,2014,U,,,N,F,,C,2014_06_PA0406000_NIBRS,
6599757,16740,7,2014,U,,,N,F,,C,2014_07_PA0406000_NIBRS,
6622207,16740,8,2014,U,,,N,F,,C,2014_08_PA0406000_NIBRS,
6644657,16740,9,2014,U,,,N,F,,C,2014_09_PA0406000_NIBRS,
6667107,16740,10,2014,U,,,N,F,,C,2014_10_PA0406000_NIBRS,
6689557,16740,11,2014,U,,,N,F,,C,2014_11_PA0406000_NIBRS,
6712007,16740,12,2014,U,,,N,F,,C,2014_12_PA0406000_NIBRS,
6465058,16741,1,2014,U,,,N,F,,C,2014_01_PA0406100_NIBRS,
6487508,16741,2,2014,U,,,N,F,,C,2014_02_PA0406100_NIBRS,
6509958,16741,3,2014,U,,,N,F,,C,2014_03_PA0406100_NIBRS,
6532408,16741,4,2014,U,,,N,F,,C,2014_04_PA0406100_NIBRS,
6554858,16741,5,2014,U,,,N,F,,C,2014_05_PA0406100_NIBRS,
6577308,16741,6,2014,U,,,N,F,,C,2014_06_PA0406100_NIBRS,
6599758,16741,7,2014,U,,,N,F,,C,2014_07_PA0406100_NIBRS,
6622208,16741,8,2014,U,,,N,F,,C,2014_08_PA0406100_NIBRS,
6644658,16741,9,2014,U,,,N,F,,C,2014_09_PA0406100_NIBRS,
6667108,16741,10,2014,U,,,N,F,,C,2014_10_PA0406100_NIBRS,
6689558,16741,11,2014,U,,,N,F,,C,2014_11_PA0406100_NIBRS,
6712008,16741,12,2014,U,,,N,F,,C,2014_12_PA0406100_NIBRS,
6465059,16742,1,2014,U,,,N,F,,C,2014_01_PA0406200_NIBRS,
6487509,16742,2,2014,U,,,N,F,,C,2014_02_PA0406200_NIBRS,
6509959,16742,3,2014,U,,,N,F,,C,2014_03_PA0406200_NIBRS,
6532409,16742,4,2014,U,,,N,F,,C,2014_04_PA0406200_NIBRS,
6554859,16742,5,2014,U,,,N,F,,C,2014_05_PA0406200_NIBRS,
6577309,16742,6,2014,U,,,N,F,,C,2014_06_PA0406200_NIBRS,
6599759,16742,7,2014,U,,,N,F,,C,2014_07_PA0406200_NIBRS,
6622209,16742,8,2014,U,,,N,F,,C,2014_08_PA0406200_NIBRS,
6644659,16742,9,2014,U,,,N,F,,C,2014_09_PA0406200_NIBRS,
6667109,16742,10,2014,U,,,N,F,,C,2014_10_PA0406200_NIBRS,
6689559,16742,11,2014,U,,,N,F,,C,2014_11_PA0406200_NIBRS,
6712009,16742,12,2014,U,,,N,F,,C,2014_12_PA0406200_NIBRS,
6465060,16743,1,2014,U,,,N,F,,C,2014_01_PA0406300_NIBRS,
6487510,16743,2,2014,U,,,N,F,,C,2014_02_PA0406300_NIBRS,
6509960,16743,3,2014,U,,,N,F,,C,2014_03_PA0406300_NIBRS,
6532410,16743,4,2014,U,,,N,F,,C,2014_04_PA0406300_NIBRS,
6554860,16743,5,2014,U,,,N,F,,C,2014_05_PA0406300_NIBRS,
6577310,16743,6,2014,U,,,N,F,,C,2014_06_PA0406300_NIBRS,
6599760,16743,7,2014,U,,,N,F,,C,2014_07_PA0406300_NIBRS,
6622210,16743,8,2014,U,,,N,F,,C,2014_08_PA0406300_NIBRS,
6644660,16743,9,2014,U,,,N,F,,C,2014_09_PA0406300_NIBRS,
6667110,16743,10,2014,U,,,N,F,,C,2014_10_PA0406300_NIBRS,
6689560,16743,11,2014,U,,,N,F,,C,2014_11_PA0406300_NIBRS,
6712010,16743,12,2014,U,,,N,F,,C,2014_12_PA0406300_NIBRS,
6465061,16744,1,2014,U,,,N,F,,C,2014_01_PA0406500_NIBRS,
6487511,16744,2,2014,U,,,N,F,,C,2014_02_PA0406500_NIBRS,
6509961,16744,3,2014,U,,,N,F,,C,2014_03_PA0406500_NIBRS,
6532411,16744,4,2014,U,,,N,F,,C,2014_04_PA0406500_NIBRS,
6554861,16744,5,2014,U,,,N,F,,C,2014_05_PA0406500_NIBRS,
6577311,16744,6,2014,U,,,N,F,,C,2014_06_PA0406500_NIBRS,
6599761,16744,7,2014,U,,,N,F,,C,2014_07_PA0406500_NIBRS,
6622211,16744,8,2014,U,,,N,F,,C,2014_08_PA0406500_NIBRS,
6644661,16744,9,2014,U,,,N,F,,C,2014_09_PA0406500_NIBRS,
6667111,16744,10,2014,U,,,N,F,,C,2014_10_PA0406500_NIBRS,
6689561,16744,11,2014,U,,,N,F,,C,2014_11_PA0406500_NIBRS,
6712011,16744,12,2014,U,,,N,F,,C,2014_12_PA0406500_NIBRS,
6465062,16745,1,2014,U,,,N,F,,C,2014_01_PA0407100_NIBRS,
6487512,16745,2,2014,U,,,N,F,,C,2014_02_PA0407100_NIBRS,
6509962,16745,3,2014,U,,,N,F,,C,2014_03_PA0407100_NIBRS,
6532412,16745,4,2014,U,,,N,F,,C,2014_04_PA0407100_NIBRS,
6554862,16745,5,2014,U,,,N,F,,C,2014_05_PA0407100_NIBRS,
6577312,16745,6,2014,U,,,N,F,,C,2014_06_PA0407100_NIBRS,
6599762,16745,7,2014,U,,,N,F,,C,2014_07_PA0407100_NIBRS,
6622212,16745,8,2014,U,,,N,F,,C,2014_08_PA0407100_NIBRS,
6644662,16745,9,2014,U,,,N,F,,C,2014_09_PA0407100_NIBRS,
6667112,16745,10,2014,U,,,N,F,,C,2014_10_PA0407100_NIBRS,
6689562,16745,11,2014,U,,,N,F,,C,2014_11_PA0407100_NIBRS,
6712012,16745,12,2014,U,,,N,F,,C,2014_12_PA0407100_NIBRS,
6470488,23284,1,2014,U,,,N,F,,C,2014_01_PA0407500_NIBRS,
6492938,23284,2,2014,U,,,N,F,,C,2014_02_PA0407500_NIBRS,
6515388,23284,3,2014,U,,,N,F,,C,2014_03_PA0407500_NIBRS,
6537838,23284,4,2014,U,,,N,F,,C,2014_04_PA0407500_NIBRS,
6560288,23284,5,2014,U,,,N,F,,C,2014_05_PA0407500_NIBRS,
6582738,23284,6,2014,U,,,N,F,,C,2014_06_PA0407500_NIBRS,
6605188,23284,7,2014,U,,,N,F,,C,2014_07_PA0407500_NIBRS,
6627638,23284,8,2014,U,,,N,F,,C,2014_08_PA0407500_NIBRS,
6650088,23284,9,2014,U,,,N,F,,C,2014_09_PA0407500_NIBRS,
6672538,23284,10,2014,U,,,N,F,,C,2014_10_PA0407500_NIBRS,
6694988,23284,11,2014,U,,,N,F,,C,2014_11_PA0407500_NIBRS,
6717438,23284,12,2014,U,,,N,F,,C,2014_12_PA0407500_NIBRS,
6465063,16746,1,2014,U,,,N,F,,C,2014_01_PA0407800_NIBRS,
6487513,16746,2,2014,U,,,N,F,,C,2014_02_PA0407800_NIBRS,
6509963,16746,3,2014,U,,,N,F,,C,2014_03_PA0407800_NIBRS,
6532413,16746,4,2014,U,,,N,F,,C,2014_04_PA0407800_NIBRS,
6554863,16746,5,2014,U,,,N,F,,C,2014_05_PA0407800_NIBRS,
6577313,16746,6,2014,U,,,N,F,,C,2014_06_PA0407800_NIBRS,
6599763,16746,7,2014,U,,,N,F,,C,2014_07_PA0407800_NIBRS,
6622213,16746,8,2014,U,,,N,F,,C,2014_08_PA0407800_NIBRS,
6644663,16746,9,2014,U,,,N,F,,C,2014_09_PA0407800_NIBRS,
6667113,16746,10,2014,U,,,N,F,,C,2014_10_PA0407800_NIBRS,
6689563,16746,11,2014,U,,,N,F,,C,2014_11_PA0407800_NIBRS,
6712013,16746,12,2014,U,,,N,F,,C,2014_12_PA0407800_NIBRS,
6470346,23141,1,2014,U,,,N,F,,C,2014_01_PA0407900_NIBRS,
6492796,23141,2,2014,U,,,N,F,,C,2014_02_PA0407900_NIBRS,
6515246,23141,3,2014,U,,,N,F,,C,2014_03_PA0407900_NIBRS,
6537696,23141,4,2014,U,,,N,F,,C,2014_04_PA0407900_NIBRS,
6560146,23141,5,2014,U,,,N,F,,C,2014_05_PA0407900_NIBRS,
6582596,23141,6,2014,U,,,N,F,,C,2014_06_PA0407900_NIBRS,
6605046,23141,7,2014,U,,,N,F,,C,2014_07_PA0407900_NIBRS,
6627496,23141,8,2014,U,,,N,F,,C,2014_08_PA0407900_NIBRS,
6649946,23141,9,2014,U,,,N,F,,C,2014_09_PA0407900_NIBRS,
6672396,23141,10,2014,U,,,N,F,,C,2014_10_PA0407900_NIBRS,
6694846,23141,11,2014,U,,,N,F,,C,2014_11_PA0407900_NIBRS,
6717296,23141,12,2014,U,,,N,F,,C,2014_12_PA0407900_NIBRS,
6465064,16747,1,2014,U,,,N,F,,C,2014_01_PA040BF00_NIBRS,
6487514,16747,2,2014,U,,,N,F,,C,2014_02_PA040BF00_NIBRS,
6509964,16747,3,2014,U,,,N,F,,C,2014_03_PA040BF00_NIBRS,
6532414,16747,4,2014,U,,,N,F,,C,2014_04_PA040BF00_NIBRS,
6554864,16747,5,2014,U,,,N,F,,C,2014_05_PA040BF00_NIBRS,
6577314,16747,6,2014,U,,,N,F,,C,2014_06_PA040BF00_NIBRS,
6599764,16747,7,2014,U,,,N,F,,C,2014_07_PA040BF00_NIBRS,
6622214,16747,8,2014,U,,,N,F,,C,2014_08_PA040BF00_NIBRS,
6644664,16747,9,2014,U,,,N,F,,C,2014_09_PA040BF00_NIBRS,
6667114,16747,10,2014,U,,,N,F,,C,2014_10_PA040BF00_NIBRS,
6689564,16747,11,2014,U,,,N,F,,C,2014_11_PA040BF00_NIBRS,
6712014,16747,12,2014,U,,,N,F,,C,2014_12_PA040BF00_NIBRS,
6465065,16748,1,2014,U,,,N,F,,C,2014_01_PA040DE00_NIBRS,
6487515,16748,2,2014,U,,,N,F,,C,2014_02_PA040DE00_NIBRS,
6509965,16748,3,2014,U,,,N,F,,C,2014_03_PA040DE00_NIBRS,
6532415,16748,4,2014,U,,,N,F,,C,2014_04_PA040DE00_NIBRS,
6554865,16748,5,2014,U,,,N,F,,C,2014_05_PA040DE00_NIBRS,
6577315,16748,6,2014,U,,,N,F,,C,2014_06_PA040DE00_NIBRS,
6599765,16748,7,2014,U,,,N,F,,C,2014_07_PA040DE00_NIBRS,
6622215,16748,8,2014,U,,,N,F,,C,2014_08_PA040DE00_NIBRS,
6644665,16748,9,2014,U,,,N,F,,C,2014_09_PA040DE00_NIBRS,
6667115,16748,10,2014,U,,,N,F,,C,2014_10_PA040DE00_NIBRS,
6689565,16748,11,2014,U,,,N,F,,C,2014_11_PA040DE00_NIBRS,
6712015,16748,12,2014,U,,,N,F,,C,2014_12_PA040DE00_NIBRS,
6465164,16847,1,2014,U,,,N,F,,C,2014_01_PA0461800_NIBRS,
6487614,16847,2,2014,U,,,N,F,,C,2014_02_PA0461800_NIBRS,
6510064,16847,3,2014,U,,,N,F,,C,2014_03_PA0461800_NIBRS,
6532514,16847,4,2014,U,,,N,F,,C,2014_04_PA0461800_NIBRS,
6554964,16847,5,2014,U,,,N,F,,C,2014_05_PA0461800_NIBRS,
6577414,16847,6,2014,U,,,N,F,,C,2014_06_PA0461800_NIBRS,
6599864,16847,7,2014,U,,,N,F,,C,2014_07_PA0461800_NIBRS,
6622314,16847,8,2014,U,,,N,F,,C,2014_08_PA0461800_NIBRS,
6644764,16847,9,2014,U,,,N,F,,C,2014_09_PA0461800_NIBRS,
6667214,16847,10,2014,U,,,N,F,,C,2014_10_PA0461800_NIBRS,
6689664,16847,11,2014,U,,,N,F,,C,2014_11_PA0461800_NIBRS,
6712114,16847,12,2014,U,,,N,F,,C,2014_12_PA0461800_NIBRS,
6465346,17029,1,2014,U,,,N,F,,C,2014_01_PA0544700_NIBRS,
6487796,17029,2,2014,U,,,N,F,,C,2014_02_PA0544700_NIBRS,
6510246,17029,3,2014,U,,,N,F,,C,2014_03_PA0544700_NIBRS,
6532696,17029,4,2014,U,,,N,F,,C,2014_04_PA0544700_NIBRS,
6555146,17029,5,2014,U,,,N,F,,C,2014_05_PA0544700_NIBRS,
6577596,17029,6,2014,U,,,N,F,,C,2014_06_PA0544700_NIBRS,
6600046,17029,7,2014,U,,,N,F,,C,2014_07_PA0544700_NIBRS,
6622496,17029,8,2014,U,,,N,F,,C,2014_08_PA0544700_NIBRS,
6644946,17029,9,2014,U,,,N,F,,C,2014_09_PA0544700_NIBRS,
6667396,17029,10,2014,U,,,N,F,,C,2014_10_PA0544700_NIBRS,
6689846,17029,11,2014,U,,,N,F,,C,2014_11_PA0544700_NIBRS,
6712296,17029,12,2014,U,,,N,F,,C,2014_12_PA0544700_NIBRS,
6465347,17030,1,2014,U,,,N,F,,C,2014_01_PA0544800_NIBRS,
6487797,17030,2,2014,U,,,N,F,,C,2014_02_PA0544800_NIBRS,
6510247,17030,3,2014,U,,,N,F,,C,2014_03_PA0544800_NIBRS,
6532697,17030,4,2014,U,,,N,F,,C,2014_04_PA0544800_NIBRS,
6555147,17030,5,2014,U,,,N,F,,C,2014_05_PA0544800_NIBRS,
6577597,17030,6,2014,U,,,N,F,,C,2014_06_PA0544800_NIBRS,
6600047,17030,7,2014,U,,,N,F,,C,2014_07_PA0544800_NIBRS,
6622497,17030,8,2014,U,,,N,F,,C,2014_08_PA0544800_NIBRS,
6644947,17030,9,2014,U,,,N,F,,C,2014_09_PA0544800_NIBRS,
6667397,17030,10,2014,U,,,N,F,,C,2014_10_PA0544800_NIBRS,
6689847,17030,11,2014,U,,,N,F,,C,2014_11_PA0544800_NIBRS,
6712297,17030,12,2014,U,,,N,F,,C,2014_12_PA0544800_NIBRS,
6465348,17031,1,2014,U,,,N,F,,C,2014_01_PA0544900_NIBRS,
6487798,17031,2,2014,U,,,N,F,,C,2014_02_PA0544900_NIBRS,
6510248,17031,3,2014,U,,,N,F,,C,2014_03_PA0544900_NIBRS,
6532698,17031,4,2014,U,,,N,F,,C,2014_04_PA0544900_NIBRS,
6555148,17031,5,2014,U,,,N,F,,C,2014_05_PA0544900_NIBRS,
6577598,17031,6,2014,U,,,N,F,,C,2014_06_PA0544900_NIBRS,
6600048,17031,7,2014,U,,,N,F,,C,2014_07_PA0544900_NIBRS,
6622498,17031,8,2014,U,,,N,F,,C,2014_08_PA0544900_NIBRS,
6644948,17031,9,2014,U,,,N,F,,C,2014_09_PA0544900_NIBRS,
6667398,17031,10,2014,U,,,N,F,,C,2014_10_PA0544900_NIBRS,
6689848,17031,11,2014,U,,,N,F,,C,2014_11_PA0544900_NIBRS,
6712298,17031,12,2014,U,,,N,F,,C,2014_12_PA0544900_NIBRS,
6465349,17032,1,2014,U,,,N,F,,C,2014_01_PA0545000_NIBRS,
6487799,17032,2,2014,U,,,N,F,,C,2014_02_PA0545000_NIBRS,
6510249,17032,3,2014,U,,,N,F,,C,2014_03_PA0545000_NIBRS,
6532699,17032,4,2014,U,,,N,F,,C,2014_04_PA0545000_NIBRS,
6555149,17032,5,2014,U,,,N,F,,C,2014_05_PA0545000_NIBRS,
6577599,17032,6,2014,U,,,N,F,,C,2014_06_PA0545000_NIBRS,
6600049,17032,7,2014,U,,,N,F,,C,2014_07_PA0545000_NIBRS,
6622499,17032,8,2014,U,,,N,F,,C,2014_08_PA0545000_NIBRS,
6644949,17032,9,2014,U,,,N,F,,C,2014_09_PA0545000_NIBRS,
6667399,17032,10,2014,U,,,N,F,,C,2014_10_PA0545000_NIBRS,
6689849,17032,11,2014,U,,,N,F,,C,2014_11_PA0545000_NIBRS,
6712299,17032,12,2014,U,,,N,F,,C,2014_12_PA0545000_NIBRS,
6465350,17033,1,2014,Z,,,N,F,,C,2014_01_PA0545100_NIBRS,
6487800,17033,2,2014,Z,,,N,F,,C,2014_02_PA0545100_NIBRS,
6510250,17033,3,2014,Z,,,N,F,,C,2014_03_PA0545100_NIBRS,
6532700,17033,4,2014,Z,,,N,F,,C,2014_04_PA0545100_NIBRS,
6555150,17033,5,2014,Z,,,N,F,,C,2014_05_PA0545100_NIBRS,
6577600,17033,6,2014,Z,,,N,F,,C,2014_06_PA0545100_NIBRS,
6600050,17033,7,2014,Z,,,N,F,,C,2014_07_PA0545100_NIBRS,
6622500,17033,8,2014,Z,,,N,F,,C,2014_08_PA0545100_NIBRS,
6644950,17033,9,2014,Z,,,N,F,,C,2014_09_PA0545100_NIBRS,
6667400,17033,10,2014,Z,,,N,F,,C,2014_10_PA0545100_NIBRS,
6689850,17033,11,2014,Z,,,N,F,,C,2014_11_PA0545100_NIBRS,
6712300,17033,12,2014,U,,,N,F,,C,2014_12_PA0545100_NIBRS,
6465066,16749,1,2014,U,,,N,F,,C,2014_01_PA040SP00_NIBRS,
6487516,16749,2,2014,U,,,N,F,,C,2014_02_PA040SP00_NIBRS,
6509966,16749,3,2014,U,,,N,F,,C,2014_03_PA040SP00_NIBRS,
6532416,16749,4,2014,U,,,N,F,,C,2014_04_PA040SP00_NIBRS,
6554866,16749,5,2014,U,,,N,F,,C,2014_05_PA040SP00_NIBRS,
6577316,16749,6,2014,U,,,N,F,,C,2014_06_PA040SP00_NIBRS,
6599766,16749,7,2014,U,,,N,F,,C,2014_07_PA040SP00_NIBRS,
6622216,16749,8,2014,U,,,N,F,,C,2014_08_PA040SP00_NIBRS,
6644666,16749,9,2014,U,,,N,F,,C,2014_09_PA040SP00_NIBRS,
6667116,16749,10,2014,U,,,N,F,,C,2014_10_PA040SP00_NIBRS,
6689566,16749,11,2014,U,,,N,F,,C,2014_11_PA040SP00_NIBRS,
6712016,16749,12,2014,U,,,N,F,,C,2014_12_PA040SP00_NIBRS,
6465067,16750,1,2014,U,,,N,F,,C,2014_01_PA0410000_NIBRS,
6487517,16750,2,2014,U,,,N,F,,C,2014_02_PA0410000_NIBRS,
6509967,16750,3,2014,U,,,N,F,,C,2014_03_PA0410000_NIBRS,
6532417,16750,4,2014,U,,,N,F,,C,2014_04_PA0410000_NIBRS,
6554867,16750,5,2014,U,,,N,F,,C,2014_05_PA0410000_NIBRS,
6577317,16750,6,2014,U,,,N,F,,C,2014_06_PA0410000_NIBRS,
6599767,16750,7,2014,U,,,N,F,,C,2014_07_PA0410000_NIBRS,
6622217,16750,8,2014,U,,,N,F,,C,2014_08_PA0410000_NIBRS,
6644667,16750,9,2014,U,,,N,F,,C,2014_09_PA0410000_NIBRS,
6667117,16750,10,2014,U,,,N,F,,C,2014_10_PA0410000_NIBRS,
6689567,16750,11,2014,U,,,N,F,,C,2014_11_PA0410000_NIBRS,
6712017,16750,12,2014,U,,,N,F,,C,2014_12_PA0410000_NIBRS,
6465068,16751,1,2014,U,,,N,F,,C,2014_01_PA0410100_NIBRS,
6487518,16751,2,2014,U,,,N,F,,C,2014_02_PA0410100_NIBRS,
6509968,16751,3,2014,U,,,N,F,,C,2014_03_PA0410100_NIBRS,
6532418,16751,4,2014,U,,,N,F,,C,2014_04_PA0410100_NIBRS,
6554868,16751,5,2014,U,,,N,F,,C,2014_05_PA0410100_NIBRS,
6577318,16751,6,2014,U,,,N,F,,C,2014_06_PA0410100_NIBRS,
6599768,16751,7,2014,U,,,N,F,,C,2014_07_PA0410100_NIBRS,
6622218,16751,8,2014,U,,,N,F,,C,2014_08_PA0410100_NIBRS,
6644668,16751,9,2014,U,,,N,F,,C,2014_09_PA0410100_NIBRS,
6667118,16751,10,2014,U,,,N,F,,C,2014_10_PA0410100_NIBRS,
6689568,16751,11,2014,U,,,N,F,,C,2014_11_PA0410100_NIBRS,
6712018,16751,12,2014,U,,,N,F,,C,2014_12_PA0410100_NIBRS,
6465069,16752,1,2014,U,,,N,F,,C,2014_01_PA0410200_NIBRS,
6487519,16752,2,2014,U,,,N,F,,C,2014_02_PA0410200_NIBRS,
6509969,16752,3,2014,U,,,N,F,,C,2014_03_PA0410200_NIBRS,
6532419,16752,4,2014,U,,,N,F,,C,2014_04_PA0410200_NIBRS,
6554869,16752,5,2014,U,,,N,F,,C,2014_05_PA0410200_NIBRS,
6577319,16752,6,2014,U,,,N,F,,C,2014_06_PA0410200_NIBRS,
6599769,16752,7,2014,U,,,N,F,,C,2014_07_PA0410200_NIBRS,
6622219,16752,8,2014,U,,,N,F,,C,2014_08_PA0410200_NIBRS,
6644669,16752,9,2014,U,,,N,F,,C,2014_09_PA0410200_NIBRS,
6667119,16752,10,2014,U,,,N,F,,C,2014_10_PA0410200_NIBRS,
6689569,16752,11,2014,U,,,N,F,,C,2014_11_PA0410200_NIBRS,
6712019,16752,12,2014,U,,,N,F,,C,2014_12_PA0410200_NIBRS,
6465070,16753,1,2014,U,,,N,F,,C,2014_01_PA0410300_NIBRS,
6487520,16753,2,2014,U,,,N,F,,C,2014_02_PA0410300_NIBRS,
6509970,16753,3,2014,U,,,N,F,,C,2014_03_PA0410300_NIBRS,
6532420,16753,4,2014,U,,,N,F,,C,2014_04_PA0410300_NIBRS,
6554870,16753,5,2014,U,,,N,F,,C,2014_05_PA0410300_NIBRS,
6577320,16753,6,2014,U,,,N,F,,C,2014_06_PA0410300_NIBRS,
6599770,16753,7,2014,U,,,N,F,,C,2014_07_PA0410300_NIBRS,
6622220,16753,8,2014,U,,,N,F,,C,2014_08_PA0410300_NIBRS,
6644670,16753,9,2014,U,,,N,F,,C,2014_09_PA0410300_NIBRS,
6667120,16753,10,2014,U,,,N,F,,C,2014_10_PA0410300_NIBRS,
6689570,16753,11,2014,U,,,N,F,,C,2014_11_PA0410300_NIBRS,
6712020,16753,12,2014,U,,,N,F,,C,2014_12_PA0410300_NIBRS,
6465071,16754,1,2014,U,,,N,F,,C,2014_01_PA0410400_NIBRS,
6487521,16754,2,2014,U,,,N,F,,C,2014_02_PA0410400_NIBRS,
6509971,16754,3,2014,U,,,N,F,,C,2014_03_PA0410400_NIBRS,
6532421,16754,4,2014,U,,,N,F,,C,2014_04_PA0410400_NIBRS,
6554871,16754,5,2014,U,,,N,F,,C,2014_05_PA0410400_NIBRS,
6577321,16754,6,2014,U,,,N,F,,C,2014_06_PA0410400_NIBRS,
6599771,16754,7,2014,U,,,N,F,,C,2014_07_PA0410400_NIBRS,
6622221,16754,8,2014,U,,,N,F,,C,2014_08_PA0410400_NIBRS,
6644671,16754,9,2014,U,,,N,F,,C,2014_09_PA0410400_NIBRS,
6667121,16754,10,2014,U,,,N,F,,C,2014_10_PA0410400_NIBRS,
6689571,16754,11,2014,U,,,N,F,,C,2014_11_PA0410400_NIBRS,
6712021,16754,12,2014,U,,,N,F,,C,2014_12_PA0410400_NIBRS,
6465072,16755,1,2014,U,,,N,F,,C,2014_01_PA0410500_NIBRS,
6487522,16755,2,2014,U,,,N,F,,C,2014_02_PA0410500_NIBRS,
6509972,16755,3,2014,U,,,N,F,,C,2014_03_PA0410500_NIBRS,
6532422,16755,4,2014,U,,,N,F,,C,2014_04_PA0410500_NIBRS,
6554872,16755,5,2014,U,,,N,F,,C,2014_05_PA0410500_NIBRS,
6577322,16755,6,2014,U,,,N,F,,C,2014_06_PA0410500_NIBRS,
6599772,16755,7,2014,U,,,N,F,,C,2014_07_PA0410500_NIBRS,
6622222,16755,8,2014,U,,,N,F,,C,2014_08_PA0410500_NIBRS,
6644672,16755,9,2014,U,,,N,F,,C,2014_09_PA0410500_NIBRS,
6667122,16755,10,2014,U,,,N,F,,C,2014_10_PA0410500_NIBRS,
6689572,16755,11,2014,U,,,N,F,,C,2014_11_PA0410500_NIBRS,
6712022,16755,12,2014,U,,,N,F,,C,2014_12_PA0410500_NIBRS,
6465073,16756,1,2014,U,,,N,F,,C,2014_01_PA0410600_NIBRS,
6487523,16756,2,2014,U,,,N,F,,C,2014_02_PA0410600_NIBRS,
6509973,16756,3,2014,U,,,N,F,,C,2014_03_PA0410600_NIBRS,
6532423,16756,4,2014,U,,,N,F,,C,2014_04_PA0410600_NIBRS,
6554873,16756,5,2014,U,,,N,F,,C,2014_05_PA0410600_NIBRS,
6577323,16756,6,2014,U,,,N,F,,C,2014_06_PA0410600_NIBRS,
6599773,16756,7,2014,U,,,N,F,,C,2014_07_PA0410600_NIBRS,
6622223,16756,8,2014,U,,,N,F,,C,2014_08_PA0410600_NIBRS,
6644673,16756,9,2014,U,,,N,F,,C,2014_09_PA0410600_NIBRS,
6667123,16756,10,2014,U,,,N,F,,C,2014_10_PA0410600_NIBRS,
6689573,16756,11,2014,U,,,N,F,,C,2014_11_PA0410600_NIBRS,
6712023,16756,12,2014,U,,,N,F,,C,2014_12_PA0410600_NIBRS,
6465074,16757,1,2014,U,,,N,F,,C,2014_01_PA0410800_NIBRS,
6487524,16757,2,2014,U,,,N,F,,C,2014_02_PA0410800_NIBRS,
6509974,16757,3,2014,U,,,N,F,,C,2014_03_PA0410800_NIBRS,
6532424,16757,4,2014,U,,,N,F,,C,2014_04_PA0410800_NIBRS,
6554874,16757,5,2014,U,,,N,F,,C,2014_05_PA0410800_NIBRS,
6577324,16757,6,2014,U,,,N,F,,C,2014_06_PA0410800_NIBRS,
6599774,16757,7,2014,U,,,N,F,,C,2014_07_PA0410800_NIBRS,
6622224,16757,8,2014,U,,,N,F,,C,2014_08_PA0410800_NIBRS,
6644674,16757,9,2014,U,,,N,F,,C,2014_09_PA0410800_NIBRS,
6667124,16757,10,2014,U,,,N,F,,C,2014_10_PA0410800_NIBRS,
6689574,16757,11,2014,U,,,N,F,,C,2014_11_PA0410800_NIBRS,
6712024,16757,12,2014,U,,,N,F,,C,2014_12_PA0410800_NIBRS,
6465075,16758,1,2014,U,,,N,F,,C,2014_01_PA0410900_NIBRS,
6487525,16758,2,2014,U,,,N,F,,C,2014_02_PA0410900_NIBRS,
6509975,16758,3,2014,U,,,N,F,,C,2014_03_PA0410900_NIBRS,
6532425,16758,4,2014,U,,,N,F,,C,2014_04_PA0410900_NIBRS,
6554875,16758,5,2014,U,,,N,F,,C,2014_05_PA0410900_NIBRS,
6577325,16758,6,2014,U,,,N,F,,C,2014_06_PA0410900_NIBRS,
6599775,16758,7,2014,U,,,N,F,,C,2014_07_PA0410900_NIBRS,
6622225,16758,8,2014,U,,,N,F,,C,2014_08_PA0410900_NIBRS,
6644675,16758,9,2014,U,,,N,F,,C,2014_09_PA0410900_NIBRS,
6667125,16758,10,2014,U,,,N,F,,C,2014_10_PA0410900_NIBRS,
6689575,16758,11,2014,U,,,N,F,,C,2014_11_PA0410900_NIBRS,
6712025,16758,12,2014,U,,,N,F,,C,2014_12_PA0410900_NIBRS,
6465076,16759,1,2014,U,,,N,F,,C,2014_01_PA0411000_NIBRS,
6487526,16759,2,2014,U,,,N,F,,C,2014_02_PA0411000_NIBRS,
6509976,16759,3,2014,U,,,N,F,,C,2014_03_PA0411000_NIBRS,
6532426,16759,4,2014,U,,,N,F,,C,2014_04_PA0411000_NIBRS,
6554876,16759,5,2014,U,,,N,F,,C,2014_05_PA0411000_NIBRS,
6577326,16759,6,2014,U,,,N,F,,C,2014_06_PA0411000_NIBRS,
6599776,16759,7,2014,U,,,N,F,,C,2014_07_PA0411000_NIBRS,
6622226,16759,8,2014,U,,,N,F,,C,2014_08_PA0411000_NIBRS,
6644676,16759,9,2014,U,,,N,F,,C,2014_09_PA0411000_NIBRS,
6667126,16759,10,2014,U,,,N,F,,C,2014_10_PA0411000_NIBRS,
6689576,16759,11,2014,U,,,N,F,,C,2014_11_PA0411000_NIBRS,
6712026,16759,12,2014,U,,,N,F,,C,2014_12_PA0411000_NIBRS,
6465077,16760,1,2014,U,,,N,F,,C,2014_01_PA0411500_NIBRS,
6487527,16760,2,2014,U,,,N,F,,C,2014_02_PA0411500_NIBRS,
6509977,16760,3,2014,U,,,N,F,,C,2014_03_PA0411500_NIBRS,
6532427,16760,4,2014,U,,,N,F,,C,2014_04_PA0411500_NIBRS,
6554877,16760,5,2014,U,,,N,F,,C,2014_05_PA0411500_NIBRS,
6577327,16760,6,2014,U,,,N,F,,C,2014_06_PA0411500_NIBRS,
6599777,16760,7,2014,U,,,N,F,,C,2014_07_PA0411500_NIBRS,
6622227,16760,8,2014,U,,,N,F,,C,2014_08_PA0411500_NIBRS,
6644677,16760,9,2014,U,,,N,F,,C,2014_09_PA0411500_NIBRS,
6667127,16760,10,2014,U,,,N,F,,C,2014_10_PA0411500_NIBRS,
6689577,16760,11,2014,U,,,N,F,,C,2014_11_PA0411500_NIBRS,
6712027,16760,12,2014,U,,,N,F,,C,2014_12_PA0411500_NIBRS,
6470530,23945,1,2014,U,,,N,F,,C,2014_01_PA0411700_NIBRS,
6492980,23945,2,2014,U,,,N,F,,C,2014_02_PA0411700_NIBRS,
6515430,23945,3,2014,U,,,N,F,,C,2014_03_PA0411700_NIBRS,
6537880,23945,4,2014,U,,,N,F,,C,2014_04_PA0411700_NIBRS,
6560330,23945,5,2014,U,,,N,F,,C,2014_05_PA0411700_NIBRS,
6582780,23945,6,2014,U,,,N,F,,C,2014_06_PA0411700_NIBRS,
6605230,23945,7,2014,U,,,N,F,,C,2014_07_PA0411700_NIBRS,
6627680,23945,8,2014,U,,,N,F,,C,2014_08_PA0411700_NIBRS,
6650130,23945,9,2014,U,,,N,F,,C,2014_09_PA0411700_NIBRS,
6672580,23945,10,2014,U,,,N,F,,C,2014_10_PA0411700_NIBRS,
6695030,23945,11,2014,U,,,N,F,,C,2014_11_PA0411700_NIBRS,
6717480,23945,12,2014,U,,,N,F,,C,2014_12_PA0411700_NIBRS,
6465078,16761,1,2014,U,,,N,F,,C,2014_01_PA0411800_NIBRS,
6487528,16761,2,2014,U,,,N,F,,C,2014_02_PA0411800_NIBRS,
6509978,16761,3,2014,U,,,N,F,,C,2014_03_PA0411800_NIBRS,
6532428,16761,4,2014,U,,,N,F,,C,2014_04_PA0411800_NIBRS,
6554878,16761,5,2014,U,,,N,F,,C,2014_05_PA0411800_NIBRS,
6577328,16761,6,2014,U,,,N,F,,C,2014_06_PA0411800_NIBRS,
6599778,16761,7,2014,U,,,N,F,,C,2014_07_PA0411800_NIBRS,
6622228,16761,8,2014,U,,,N,F,,C,2014_08_PA0411800_NIBRS,
6644678,16761,9,2014,U,,,N,F,,C,2014_09_PA0411800_NIBRS,
6667128,16761,10,2014,U,,,N,F,,C,2014_10_PA0411800_NIBRS,
6689578,16761,11,2014,U,,,N,F,,C,2014_11_PA0411800_NIBRS,
6712028,16761,12,2014,U,,,N,F,,C,2014_12_PA0411800_NIBRS,
6465079,16762,1,2014,U,,,N,F,,C,2014_01_PA041BF00_NIBRS,
6487529,16762,2,2014,U,,,N,F,,C,2014_02_PA041BF00_NIBRS,
6509979,16762,3,2014,U,,,N,F,,C,2014_03_PA041BF00_NIBRS,
6532429,16762,4,2014,U,,,N,F,,C,2014_04_PA041BF00_NIBRS,
6554879,16762,5,2014,U,,,N,F,,C,2014_05_PA041BF00_NIBRS,
6577329,16762,6,2014,U,,,N,F,,C,2014_06_PA041BF00_NIBRS,
6599779,16762,7,2014,U,,,N,F,,C,2014_07_PA041BF00_NIBRS,
6622229,16762,8,2014,U,,,N,F,,C,2014_08_PA041BF00_NIBRS,
6644679,16762,9,2014,U,,,N,F,,C,2014_09_PA041BF00_NIBRS,
6667129,16762,10,2014,U,,,N,F,,C,2014_10_PA041BF00_NIBRS,
6689579,16762,11,2014,U,,,N,F,,C,2014_11_PA041BF00_NIBRS,
6712029,16762,12,2014,U,,,N,F,,C,2014_12_PA041BF00_NIBRS,
6465080,16763,1,2014,U,,,N,F,,C,2014_01_PA041DE00_NIBRS,
6487530,16763,2,2014,U,,,N,F,,C,2014_02_PA041DE00_NIBRS,
6509980,16763,3,2014,U,,,N,F,,C,2014_03_PA041DE00_NIBRS,
6532430,16763,4,2014,U,,,N,F,,C,2014_04_PA041DE00_NIBRS,
6554880,16763,5,2014,U,,,N,F,,C,2014_05_PA041DE00_NIBRS,
6577330,16763,6,2014,U,,,N,F,,C,2014_06_PA041DE00_NIBRS,
6599780,16763,7,2014,U,,,N,F,,C,2014_07_PA041DE00_NIBRS,
6622230,16763,8,2014,U,,,N,F,,C,2014_08_PA041DE00_NIBRS,
6644680,16763,9,2014,U,,,N,F,,C,2014_09_PA041DE00_NIBRS,
6667130,16763,10,2014,U,,,N,F,,C,2014_10_PA041DE00_NIBRS,
6689580,16763,11,2014,U,,,N,F,,C,2014_11_PA041DE00_NIBRS,
6712030,16763,12,2014,U,,,N,F,,C,2014_12_PA041DE00_NIBRS,
6465081,16764,1,2014,U,,,N,F,,C,2014_01_PA041SP00_NIBRS,
6487531,16764,2,2014,U,,,N,F,,C,2014_02_PA041SP00_NIBRS,
6509981,16764,3,2014,U,,,N,F,,C,2014_03_PA041SP00_NIBRS,
6532431,16764,4,2014,U,,,N,F,,C,2014_04_PA041SP00_NIBRS,
6554881,16764,5,2014,U,,,N,F,,C,2014_05_PA041SP00_NIBRS,
6577331,16764,6,2014,U,,,N,F,,C,2014_06_PA041SP00_NIBRS,
6599781,16764,7,2014,U,,,N,F,,C,2014_07_PA041SP00_NIBRS,
6622231,16764,8,2014,U,,,N,F,,C,2014_08_PA041SP00_NIBRS,
6644681,16764,9,2014,U,,,N,F,,C,2014_09_PA041SP00_NIBRS,
6667131,16764,10,2014,U,,,N,F,,C,2014_10_PA041SP00_NIBRS,
6689581,16764,11,2014,U,,,N,F,,C,2014_11_PA041SP00_NIBRS,
6712031,16764,12,2014,U,,,N,F,,C,2014_12_PA041SP00_NIBRS,
6465082,16765,1,2014,U,,,N,F,,C,2014_01_PA0420000_NIBRS,
6487532,16765,2,2014,U,,,N,F,,C,2014_02_PA0420000_NIBRS,
6509982,16765,3,2014,U,,,N,F,,C,2014_03_PA0420000_NIBRS,
6532432,16765,4,2014,U,,,N,F,,C,2014_04_PA0420000_NIBRS,
6554882,16765,5,2014,U,,,N,F,,C,2014_05_PA0420000_NIBRS,
6577332,16765,6,2014,U,,,N,F,,C,2014_06_PA0420000_NIBRS,
6599782,16765,7,2014,U,,,N,F,,C,2014_07_PA0420000_NIBRS,
6622232,16765,8,2014,U,,,N,F,,C,2014_08_PA0420000_NIBRS,
6644682,16765,9,2014,U,,,N,F,,C,2014_09_PA0420000_NIBRS,
6667132,16765,10,2014,U,,,N,F,,C,2014_10_PA0420000_NIBRS,
6689582,16765,11,2014,U,,,N,F,,C,2014_11_PA0420000_NIBRS,
6712032,16765,12,2014,U,,,N,F,,C,2014_12_PA0420000_NIBRS,
6465083,16766,1,2014,U,,,N,F,,C,2014_01_PA0420100_NIBRS,
6487533,16766,2,2014,U,,,N,F,,C,2014_02_PA0420100_NIBRS,
6509983,16766,3,2014,U,,,N,F,,C,2014_03_PA0420100_NIBRS,
6532433,16766,4,2014,U,,,N,F,,C,2014_04_PA0420100_NIBRS,
6554883,16766,5,2014,U,,,N,F,,C,2014_05_PA0420100_NIBRS,
6577333,16766,6,2014,U,,,N,F,,C,2014_06_PA0420100_NIBRS,
6599783,16766,7,2014,U,,,N,F,,C,2014_07_PA0420100_NIBRS,
6622233,16766,8,2014,U,,,N,F,,C,2014_08_PA0420100_NIBRS,
6644683,16766,9,2014,U,,,N,F,,C,2014_09_PA0420100_NIBRS,
6667133,16766,10,2014,U,,,N,F,,C,2014_10_PA0420100_NIBRS,
6689583,16766,11,2014,U,,,N,F,,C,2014_11_PA0420100_NIBRS,
6712033,16766,12,2014,U,,,N,F,,C,2014_12_PA0420100_NIBRS,
6465084,16767,1,2014,U,,,N,F,,C,2014_01_PA0420200_NIBRS,
6487534,16767,2,2014,U,,,N,F,,C,2014_02_PA0420200_NIBRS,
6509984,16767,3,2014,U,,,N,F,,C,2014_03_PA0420200_NIBRS,
6532434,16767,4,2014,U,,,N,F,,C,2014_04_PA0420200_NIBRS,
6554884,16767,5,2014,U,,,N,F,,C,2014_05_PA0420200_NIBRS,
6577334,16767,6,2014,U,,,N,F,,C,2014_06_PA0420200_NIBRS,
6599784,16767,7,2014,U,,,N,F,,C,2014_07_PA0420200_NIBRS,
6622234,16767,8,2014,U,,,N,F,,C,2014_08_PA0420200_NIBRS,
6644684,16767,9,2014,U,,,N,F,,C,2014_09_PA0420200_NIBRS,
6667134,16767,10,2014,U,,,N,F,,C,2014_10_PA0420200_NIBRS,
6689584,16767,11,2014,U,,,N,F,,C,2014_11_PA0420200_NIBRS,
6712034,16767,12,2014,U,,,N,F,,C,2014_12_PA0420200_NIBRS,
6465085,16768,1,2014,U,,,N,F,,C,2014_01_PA0420300_NIBRS,
6487535,16768,2,2014,U,,,N,F,,C,2014_02_PA0420300_NIBRS,
6509985,16768,3,2014,U,,,N,F,,C,2014_03_PA0420300_NIBRS,
6532435,16768,4,2014,U,,,N,F,,C,2014_04_PA0420300_NIBRS,
6554885,16768,5,2014,U,,,N,F,,C,2014_05_PA0420300_NIBRS,
6577335,16768,6,2014,U,,,N,F,,C,2014_06_PA0420300_NIBRS,
6599785,16768,7,2014,U,,,N,F,,C,2014_07_PA0420300_NIBRS,
6622235,16768,8,2014,U,,,N,F,,C,2014_08_PA0420300_NIBRS,
6644685,16768,9,2014,U,,,N,F,,C,2014_09_PA0420300_NIBRS,
6667135,16768,10,2014,U,,,N,F,,C,2014_10_PA0420300_NIBRS,
6689585,16768,11,2014,U,,,N,F,,C,2014_11_PA0420300_NIBRS,
6712035,16768,12,2014,U,,,N,F,,C,2014_12_PA0420300_NIBRS,
6465086,16769,1,2014,U,,,N,F,,C,2014_01_PA0420400_NIBRS,
6487536,16769,2,2014,U,,,N,F,,C,2014_02_PA0420400_NIBRS,
6509986,16769,3,2014,U,,,N,F,,C,2014_03_PA0420400_NIBRS,
6532436,16769,4,2014,U,,,N,F,,C,2014_04_PA0420400_NIBRS,
6554886,16769,5,2014,U,,,N,F,,C,2014_05_PA0420400_NIBRS,
6577336,16769,6,2014,U,,,N,F,,C,2014_06_PA0420400_NIBRS,
6599786,16769,7,2014,U,,,N,F,,C,2014_07_PA0420400_NIBRS,
6622236,16769,8,2014,U,,,N,F,,C,2014_08_PA0420400_NIBRS,
6644686,16769,9,2014,U,,,N,F,,C,2014_09_PA0420400_NIBRS,
6667136,16769,10,2014,U,,,N,F,,C,2014_10_PA0420400_NIBRS,
6689586,16769,11,2014,U,,,N,F,,C,2014_11_PA0420400_NIBRS,
6712036,16769,12,2014,U,,,N,F,,C,2014_12_PA0420400_NIBRS,
6465087,16770,1,2014,U,,,N,F,,C,2014_01_PA0420500_NIBRS,
6487537,16770,2,2014,U,,,N,F,,C,2014_02_PA0420500_NIBRS,
6509987,16770,3,2014,U,,,N,F,,C,2014_03_PA0420500_NIBRS,
6532437,16770,4,2014,U,,,N,F,,C,2014_04_PA0420500_NIBRS,
6554887,16770,5,2014,U,,,N,F,,C,2014_05_PA0420500_NIBRS,
6577337,16770,6,2014,U,,,N,F,,C,2014_06_PA0420500_NIBRS,
6599787,16770,7,2014,U,,,N,F,,C,2014_07_PA0420500_NIBRS,
6622237,16770,8,2014,U,,,N,F,,C,2014_08_PA0420500_NIBRS,
6644687,16770,9,2014,U,,,N,F,,C,2014_09_PA0420500_NIBRS,
6667137,16770,10,2014,U,,,N,F,,C,2014_10_PA0420500_NIBRS,
6689587,16770,11,2014,U,,,N,F,,C,2014_11_PA0420500_NIBRS,
6712037,16770,12,2014,U,,,N,F,,C,2014_12_PA0420500_NIBRS,
6465088,16771,1,2014,U,,,N,F,,C,2014_01_PA0420600_NIBRS,
6487538,16771,2,2014,U,,,N,F,,C,2014_02_PA0420600_NIBRS,
6509988,16771,3,2014,U,,,N,F,,C,2014_03_PA0420600_NIBRS,
6532438,16771,4,2014,U,,,N,F,,C,2014_04_PA0420600_NIBRS,
6554888,16771,5,2014,U,,,N,F,,C,2014_05_PA0420600_NIBRS,
6577338,16771,6,2014,U,,,N,F,,C,2014_06_PA0420600_NIBRS,
6599788,16771,7,2014,U,,,N,F,,C,2014_07_PA0420600_NIBRS,
6622238,16771,8,2014,U,,,N,F,,C,2014_08_PA0420600_NIBRS,
6644688,16771,9,2014,U,,,N,F,,C,2014_09_PA0420600_NIBRS,
6667138,16771,10,2014,U,,,N,F,,C,2014_10_PA0420600_NIBRS,
6689588,16771,11,2014,U,,,N,F,,C,2014_11_PA0420600_NIBRS,
6712038,16771,12,2014,U,,,N,F,,C,2014_12_PA0420600_NIBRS,
6465089,16772,1,2014,U,,,N,F,,C,2014_01_PA0420700_NIBRS,
6487539,16772,2,2014,U,,,N,F,,C,2014_02_PA0420700_NIBRS,
6509989,16772,3,2014,U,,,N,F,,C,2014_03_PA0420700_NIBRS,
6532439,16772,4,2014,U,,,N,F,,C,2014_04_PA0420700_NIBRS,
6554889,16772,5,2014,U,,,N,F,,C,2014_05_PA0420700_NIBRS,
6577339,16772,6,2014,U,,,N,F,,C,2014_06_PA0420700_NIBRS,
6599789,16772,7,2014,U,,,N,F,,C,2014_07_PA0420700_NIBRS,
6622239,16772,8,2014,U,,,N,F,,C,2014_08_PA0420700_NIBRS,
6644689,16772,9,2014,U,,,N,F,,C,2014_09_PA0420700_NIBRS,
6667139,16772,10,2014,U,,,N,F,,C,2014_10_PA0420700_NIBRS,
6689589,16772,11,2014,U,,,N,F,,C,2014_11_PA0420700_NIBRS,
6712039,16772,12,2014,U,,,N,F,,C,2014_12_PA0420700_NIBRS,
6465090,16773,1,2014,U,,,N,F,,C,2014_01_PA0420800_NIBRS,
6487540,16773,2,2014,U,,,N,F,,C,2014_02_PA0420800_NIBRS,
6509990,16773,3,2014,U,,,N,F,,C,2014_03_PA0420800_NIBRS,
6532440,16773,4,2014,U,,,N,F,,C,2014_04_PA0420800_NIBRS,
6554890,16773,5,2014,U,,,N,F,,C,2014_05_PA0420800_NIBRS,
6577340,16773,6,2014,U,,,N,F,,C,2014_06_PA0420800_NIBRS,
6599790,16773,7,2014,U,,,N,F,,C,2014_07_PA0420800_NIBRS,
6622240,16773,8,2014,U,,,N,F,,C,2014_08_PA0420800_NIBRS,
6644690,16773,9,2014,U,,,N,F,,C,2014_09_PA0420800_NIBRS,
6667140,16773,10,2014,U,,,N,F,,C,2014_10_PA0420800_NIBRS,
6689590,16773,11,2014,U,,,N,F,,C,2014_11_PA0420800_NIBRS,
6712040,16773,12,2014,U,,,N,F,,C,2014_12_PA0420800_NIBRS,
6470503,23299,1,2014,U,,,N,F,,C,2014_01_PA0421100_NIBRS,
6492953,23299,2,2014,U,,,N,F,,C,2014_02_PA0421100_NIBRS,
6515403,23299,3,2014,U,,,N,F,,C,2014_03_PA0421100_NIBRS,
6537853,23299,4,2014,U,,,N,F,,C,2014_04_PA0421100_NIBRS,
6560303,23299,5,2014,U,,,N,F,,C,2014_05_PA0421100_NIBRS,
6582753,23299,6,2014,U,,,N,F,,C,2014_06_PA0421100_NIBRS,
6605203,23299,7,2014,U,,,N,F,,C,2014_07_PA0421100_NIBRS,
6627653,23299,8,2014,U,,,N,F,,C,2014_08_PA0421100_NIBRS,
6650103,23299,9,2014,U,,,N,F,,C,2014_09_PA0421100_NIBRS,
6672553,23299,10,2014,U,,,N,F,,C,2014_10_PA0421100_NIBRS,
6695003,23299,11,2014,U,,,N,F,,C,2014_11_PA0421100_NIBRS,
6717453,23299,12,2014,U,,,N,F,,C,2014_12_PA0421100_NIBRS,
6465091,16774,1,2014,U,,,N,F,,C,2014_01_PA0421200_NIBRS,
6487541,16774,2,2014,U,,,N,F,,C,2014_02_PA0421200_NIBRS,
6509991,16774,3,2014,U,,,N,F,,C,2014_03_PA0421200_NIBRS,
6532441,16774,4,2014,U,,,N,F,,C,2014_04_PA0421200_NIBRS,
6554891,16774,5,2014,U,,,N,F,,C,2014_05_PA0421200_NIBRS,
6577341,16774,6,2014,U,,,N,F,,C,2014_06_PA0421200_NIBRS,
6599791,16774,7,2014,U,,,N,F,,C,2014_07_PA0421200_NIBRS,
6622241,16774,8,2014,U,,,N,F,,C,2014_08_PA0421200_NIBRS,
6644691,16774,9,2014,U,,,N,F,,C,2014_09_PA0421200_NIBRS,
6667141,16774,10,2014,U,,,N,F,,C,2014_10_PA0421200_NIBRS,
6689591,16774,11,2014,U,,,N,F,,C,2014_11_PA0421200_NIBRS,
6712041,16774,12,2014,U,,,N,F,,C,2014_12_PA0421200_NIBRS,
6465338,17021,1,2014,U,,,N,F,,C,2014_01_PA0543700_NIBRS,
6487788,17021,2,2014,U,,,N,F,,C,2014_02_PA0543700_NIBRS,
6510238,17021,3,2014,U,,,N,F,,C,2014_03_PA0543700_NIBRS,
6532688,17021,4,2014,U,,,N,F,,C,2014_04_PA0543700_NIBRS,
6555138,17021,5,2014,U,,,N,F,,C,2014_05_PA0543700_NIBRS,
6577588,17021,6,2014,U,,,N,F,,C,2014_06_PA0543700_NIBRS,
6600038,17021,7,2014,U,,,N,F,,C,2014_07_PA0543700_NIBRS,
6622488,17021,8,2014,U,,,N,F,,C,2014_08_PA0543700_NIBRS,
6644938,17021,9,2014,U,,,N,F,,C,2014_09_PA0543700_NIBRS,
6667388,17021,10,2014,U,,,N,F,,C,2014_10_PA0543700_NIBRS,
6689838,17021,11,2014,U,,,N,F,,C,2014_11_PA0543700_NIBRS,
6712288,17021,12,2014,U,,,N,F,,C,2014_12_PA0543700_NIBRS,
6465339,17022,1,2014,U,,,N,F,,C,2014_01_PA0543800_NIBRS,
6487789,17022,2,2014,U,,,N,F,,C,2014_02_PA0543800_NIBRS,
6510239,17022,3,2014,U,,,N,F,,C,2014_03_PA0543800_NIBRS,
6532689,17022,4,2014,U,,,N,F,,C,2014_04_PA0543800_NIBRS,
6555139,17022,5,2014,U,,,N,F,,C,2014_05_PA0543800_NIBRS,
6577589,17022,6,2014,U,,,N,F,,C,2014_06_PA0543800_NIBRS,
6600039,17022,7,2014,U,,,N,F,,C,2014_07_PA0543800_NIBRS,
6622489,17022,8,2014,U,,,N,F,,C,2014_08_PA0543800_NIBRS,
6644939,17022,9,2014,U,,,N,F,,C,2014_09_PA0543800_NIBRS,
6667389,17022,10,2014,U,,,N,F,,C,2014_10_PA0543800_NIBRS,
6689839,17022,11,2014,U,,,N,F,,C,2014_11_PA0543800_NIBRS,
6712289,17022,12,2014,U,,,N,F,,C,2014_12_PA0543800_NIBRS,
6465340,17023,1,2014,U,,,N,F,,C,2014_01_PA0543900_NIBRS,
6487790,17023,2,2014,U,,,N,F,,C,2014_02_PA0543900_NIBRS,
6510240,17023,3,2014,U,,,N,F,,C,2014_03_PA0543900_NIBRS,
6532690,17023,4,2014,U,,,N,F,,C,2014_04_PA0543900_NIBRS,
6555140,17023,5,2014,U,,,N,F,,C,2014_05_PA0543900_NIBRS,
6577590,17023,6,2014,U,,,N,F,,C,2014_06_PA0543900_NIBRS,
6600040,17023,7,2014,U,,,N,F,,C,2014_07_PA0543900_NIBRS,
6622490,17023,8,2014,U,,,N,F,,C,2014_08_PA0543900_NIBRS,
6644940,17023,9,2014,U,,,N,F,,C,2014_09_PA0543900_NIBRS,
6667390,17023,10,2014,U,,,N,F,,C,2014_10_PA0543900_NIBRS,
6689840,17023,11,2014,U,,,N,F,,C,2014_11_PA0543900_NIBRS,
6712290,17023,12,2014,U,,,N,F,,C,2014_12_PA0543900_NIBRS,
6465341,17024,1,2014,U,,,N,F,,C,2014_01_PA0544000_NIBRS,
6487791,17024,2,2014,U,,,N,F,,C,2014_02_PA0544000_NIBRS,
6510241,17024,3,2014,U,,,N,F,,C,2014_03_PA0544000_NIBRS,
6532691,17024,4,2014,U,,,N,F,,C,2014_04_PA0544000_NIBRS,
6555141,17024,5,2014,U,,,N,F,,C,2014_05_PA0544000_NIBRS,
6577591,17024,6,2014,U,,,N,F,,C,2014_06_PA0544000_NIBRS,
6600041,17024,7,2014,U,,,N,F,,C,2014_07_PA0544000_NIBRS,
6622491,17024,8,2014,U,,,N,F,,C,2014_08_PA0544000_NIBRS,
6644941,17024,9,2014,U,,,N,F,,C,2014_09_PA0544000_NIBRS,
6667391,17024,10,2014,U,,,N,F,,C,2014_10_PA0544000_NIBRS,
6689841,17024,11,2014,U,,,N,F,,C,2014_11_PA0544000_NIBRS,
6712291,17024,12,2014,U,,,N,F,,C,2014_12_PA0544000_NIBRS,
6465342,17025,1,2014,U,,,N,F,,C,2014_01_PA0544100_NIBRS,
6487792,17025,2,2014,U,,,N,F,,C,2014_02_PA0544100_NIBRS,
6510242,17025,3,2014,U,,,N,F,,C,2014_03_PA0544100_NIBRS,
6532692,17025,4,2014,U,,,N,F,,C,2014_04_PA0544100_NIBRS,
6555142,17025,5,2014,U,,,N,F,,C,2014_05_PA0544100_NIBRS,
6577592,17025,6,2014,U,,,N,F,,C,2014_06_PA0544100_NIBRS,
6600042,17025,7,2014,U,,,N,F,,C,2014_07_PA0544100_NIBRS,
6622492,17025,8,2014,U,,,N,F,,C,2014_08_PA0544100_NIBRS,
6644942,17025,9,2014,U,,,N,F,,C,2014_09_PA0544100_NIBRS,
6667392,17025,10,2014,U,,,N,F,,C,2014_10_PA0544100_NIBRS,
6689842,17025,11,2014,U,,,N,F,,C,2014_11_PA0544100_NIBRS,
6712292,17025,12,2014,U,,,N,F,,C,2014_12_PA0544100_NIBRS,
6465343,17026,1,2014,U,,,N,F,,C,2014_01_PA0544200_NIBRS,
6487793,17026,2,2014,U,,,N,F,,C,2014_02_PA0544200_NIBRS,
6510243,17026,3,2014,U,,,N,F,,C,2014_03_PA0544200_NIBRS,
6532693,17026,4,2014,U,,,N,F,,C,2014_04_PA0544200_NIBRS,
6555143,17026,5,2014,U,,,N,F,,C,2014_05_PA0544200_NIBRS,
6577593,17026,6,2014,U,,,N,F,,C,2014_06_PA0544200_NIBRS,
6600043,17026,7,2014,U,,,N,F,,C,2014_07_PA0544200_NIBRS,
6622493,17026,8,2014,U,,,N,F,,C,2014_08_PA0544200_NIBRS,
6644943,17026,9,2014,U,,,N,F,,C,2014_09_PA0544200_NIBRS,
6667393,17026,10,2014,U,,,N,F,,C,2014_10_PA0544200_NIBRS,
6689843,17026,11,2014,U,,,N,F,,C,2014_11_PA0544200_NIBRS,
6712293,17026,12,2014,U,,,N,F,,C,2014_12_PA0544200_NIBRS,
6465684,17367,1,2014,U,,,N,F,,C,2014_01_PA60BCI0X_NIBRS,
6488134,17367,2,2014,U,,,N,F,,C,2014_02_PA60BCI0X_NIBRS,
6510584,17367,3,2014,U,,,N,F,,C,2014_03_PA60BCI0X_NIBRS,
6533034,17367,4,2014,U,,,N,F,,C,2014_04_PA60BCI0X_NIBRS,
6555484,17367,5,2014,U,,,N,F,,C,2014_05_PA60BCI0X_NIBRS,
6577934,17367,6,2014,U,,,N,F,,C,2014_06_PA60BCI0X_NIBRS,
6600384,17367,7,2014,U,,,N,F,,C,2014_07_PA60BCI0X_NIBRS,
6622834,17367,8,2014,U,,,N,F,,C,2014_08_PA60BCI0X_NIBRS,
6645284,17367,9,2014,U,,,N,F,,C,2014_09_PA60BCI0X_NIBRS,
6667734,17367,10,2014,U,,,N,F,,C,2014_10_PA60BCI0X_NIBRS,
6690184,17367,11,2014,U,,,N,F,,C,2014_11_PA60BCI0X_NIBRS,
6712634,17367,12,2014,U,,,N,F,,C,2014_12_PA60BCI0X_NIBRS,
6465351,17034,1,2014,U,,,N,F,,C,2014_01_PA0545200_NIBRS,
6487801,17034,2,2014,U,,,N,F,,C,2014_02_PA0545200_NIBRS,
6510251,17034,3,2014,U,,,N,F,,C,2014_03_PA0545200_NIBRS,
6532701,17034,4,2014,U,,,N,F,,C,2014_04_PA0545200_NIBRS,
6555151,17034,5,2014,U,,,N,F,,C,2014_05_PA0545200_NIBRS,
6577601,17034,6,2014,U,,,N,F,,C,2014_06_PA0545200_NIBRS,
6600051,17034,7,2014,U,,,N,F,,C,2014_07_PA0545200_NIBRS,
6622501,17034,8,2014,U,,,N,F,,C,2014_08_PA0545200_NIBRS,
6644951,17034,9,2014,U,,,N,F,,C,2014_09_PA0545200_NIBRS,
6667401,17034,10,2014,U,,,N,F,,C,2014_10_PA0545200_NIBRS,
6689851,17034,11,2014,U,,,N,F,,C,2014_11_PA0545200_NIBRS,
6712301,17034,12,2014,U,,,N,F,,C,2014_12_PA0545200_NIBRS,
6465352,17035,1,2014,U,,,N,F,,C,2014_01_PA0545300_NIBRS,
6487802,17035,2,2014,U,,,N,F,,C,2014_02_PA0545300_NIBRS,
6510252,17035,3,2014,U,,,N,F,,C,2014_03_PA0545300_NIBRS,
6532702,17035,4,2014,U,,,N,F,,C,2014_04_PA0545300_NIBRS,
6555152,17035,5,2014,U,,,N,F,,C,2014_05_PA0545300_NIBRS,
6577602,17035,6,2014,U,,,N,F,,C,2014_06_PA0545300_NIBRS,
6600052,17035,7,2014,U,,,N,F,,C,2014_07_PA0545300_NIBRS,
6622502,17035,8,2014,U,,,N,F,,C,2014_08_PA0545300_NIBRS,
6644952,17035,9,2014,U,,,N,F,,C,2014_09_PA0545300_NIBRS,
6667402,17035,10,2014,U,,,N,F,,C,2014_10_PA0545300_NIBRS,
6689852,17035,11,2014,U,,,N,F,,C,2014_11_PA0545300_NIBRS,
6712302,17035,12,2014,U,,,N,F,,C,2014_12_PA0545300_NIBRS,
6470531,23949,1,2014,U,,,N,F,,C,2014_01_PA0545400_NIBRS,
6492981,23949,2,2014,U,,,N,F,,C,2014_02_PA0545400_NIBRS,
6515431,23949,3,2014,U,,,N,F,,C,2014_03_PA0545400_NIBRS,
6537881,23949,4,2014,U,,,N,F,,C,2014_04_PA0545400_NIBRS,
6560331,23949,5,2014,U,,,N,F,,C,2014_05_PA0545400_NIBRS,
6582781,23949,6,2014,U,,,N,F,,C,2014_06_PA0545400_NIBRS,
6605231,23949,7,2014,U,,,N,F,,C,2014_07_PA0545400_NIBRS,
6627681,23949,8,2014,U,,,N,F,,C,2014_08_PA0545400_NIBRS,
6650131,23949,9,2014,U,,,N,F,,C,2014_09_PA0545400_NIBRS,
6672581,23949,10,2014,U,,,N,F,,C,2014_10_PA0545400_NIBRS,
6695031,23949,11,2014,U,,,N,F,,C,2014_11_PA0545400_NIBRS,
6717481,23949,12,2014,U,,,N,F,,C,2014_12_PA0545400_NIBRS,
6470351,23146,1,2014,U,,,N,F,,C,2014_01_PA0545700_NIBRS,
6492801,23146,2,2014,U,,,N,F,,C,2014_02_PA0545700_NIBRS,
6515251,23146,3,2014,U,,,N,F,,C,2014_03_PA0545700_NIBRS,
6537701,23146,4,2014,U,,,N,F,,C,2014_04_PA0545700_NIBRS,
6560151,23146,5,2014,U,,,N,F,,C,2014_05_PA0545700_NIBRS,
6582601,23146,6,2014,U,,,N,F,,C,2014_06_PA0545700_NIBRS,
6605051,23146,7,2014,U,,,N,F,,C,2014_07_PA0545700_NIBRS,
6627501,23146,8,2014,U,,,N,F,,C,2014_08_PA0545700_NIBRS,
6649951,23146,9,2014,U,,,N,F,,C,2014_09_PA0545700_NIBRS,
6672401,23146,10,2014,U,,,N,F,,C,2014_10_PA0545700_NIBRS,
6694851,23146,11,2014,U,,,N,F,,C,2014_11_PA0545700_NIBRS,
6717301,23146,12,2014,U,,,N,F,,C,2014_12_PA0545700_NIBRS,
6465353,17036,1,2014,U,,,N,F,,C,2014_01_PA054BF00_NIBRS,
6487803,17036,2,2014,U,,,N,F,,C,2014_02_PA054BF00_NIBRS,
6510253,17036,3,2014,U,,,N,F,,C,2014_03_PA054BF00_NIBRS,
6532703,17036,4,2014,U,,,N,F,,C,2014_04_PA054BF00_NIBRS,
6555153,17036,5,2014,U,,,N,F,,C,2014_05_PA054BF00_NIBRS,
6577603,17036,6,2014,U,,,N,F,,C,2014_06_PA054BF00_NIBRS,
6600053,17036,7,2014,U,,,N,F,,C,2014_07_PA054BF00_NIBRS,
6622503,17036,8,2014,U,,,N,F,,C,2014_08_PA054BF00_NIBRS,
6644953,17036,9,2014,U,,,N,F,,C,2014_09_PA054BF00_NIBRS,
6667403,17036,10,2014,U,,,N,F,,C,2014_10_PA054BF00_NIBRS,
6689853,17036,11,2014,U,,,N,F,,C,2014_11_PA054BF00_NIBRS,
6712303,17036,12,2014,U,,,N,F,,C,2014_12_PA054BF00_NIBRS,
6465354,17037,1,2014,U,,,N,F,,C,2014_01_PA054DE00_NIBRS,
6487804,17037,2,2014,U,,,N,F,,C,2014_02_PA054DE00_NIBRS,
6510254,17037,3,2014,U,,,N,F,,C,2014_03_PA054DE00_NIBRS,
6532704,17037,4,2014,U,,,N,F,,C,2014_04_PA054DE00_NIBRS,
6555154,17037,5,2014,U,,,N,F,,C,2014_05_PA054DE00_NIBRS,
6577604,17037,6,2014,U,,,N,F,,C,2014_06_PA054DE00_NIBRS,
6600054,17037,7,2014,U,,,N,F,,C,2014_07_PA054DE00_NIBRS,
6622504,17037,8,2014,U,,,N,F,,C,2014_08_PA054DE00_NIBRS,
6644954,17037,9,2014,U,,,N,F,,C,2014_09_PA054DE00_NIBRS,
6667404,17037,10,2014,U,,,N,F,,C,2014_10_PA054DE00_NIBRS,
6689854,17037,11,2014,U,,,N,F,,C,2014_11_PA054DE00_NIBRS,
6712304,17037,12,2014,U,,,N,F,,C,2014_12_PA054DE00_NIBRS,
6465355,17038,1,2014,U,,,N,F,,C,2014_01_PA054SP00_NIBRS,
6487805,17038,2,2014,U,,,N,F,,C,2014_02_PA054SP00_NIBRS,
6510255,17038,3,2014,U,,,N,F,,C,2014_03_PA054SP00_NIBRS,
6532705,17038,4,2014,U,,,N,F,,C,2014_04_PA054SP00_NIBRS,
6555155,17038,5,2014,U,,,N,F,,C,2014_05_PA054SP00_NIBRS,
6577605,17038,6,2014,U,,,N,F,,C,2014_06_PA054SP00_NIBRS,
6600055,17038,7,2014,U,,,N,F,,C,2014_07_PA054SP00_NIBRS,
6622505,17038,8,2014,U,,,N,F,,C,2014_08_PA054SP00_NIBRS,
6644955,17038,9,2014,U,,,N,F,,C,2014_09_PA054SP00_NIBRS,
6667405,17038,10,2014,U,,,N,F,,C,2014_10_PA054SP00_NIBRS,
6689855,17038,11,2014,U,,,N,F,,C,2014_11_PA054SP00_NIBRS,
6712305,17038,12,2014,U,,,N,F,,C,2014_12_PA054SP00_NIBRS,
6465356,17039,1,2014,U,,,N,F,,C,2014_01_PA0550000_NIBRS,
6487806,17039,2,2014,U,,,N,F,,C,2014_02_PA0550000_NIBRS,
6510256,17039,3,2014,U,,,N,F,,C,2014_03_PA0550000_NIBRS,
6532706,17039,4,2014,U,,,N,F,,C,2014_04_PA0550000_NIBRS,
6555156,17039,5,2014,U,,,N,F,,C,2014_05_PA0550000_NIBRS,
6577606,17039,6,2014,U,,,N,F,,C,2014_06_PA0550000_NIBRS,
6600056,17039,7,2014,U,,,N,F,,C,2014_07_PA0550000_NIBRS,
6622506,17039,8,2014,U,,,N,F,,C,2014_08_PA0550000_NIBRS,
6644956,17039,9,2014,U,,,N,F,,C,2014_09_PA0550000_NIBRS,
6667406,17039,10,2014,U,,,N,F,,C,2014_10_PA0550000_NIBRS,
6689856,17039,11,2014,U,,,N,F,,C,2014_11_PA0550000_NIBRS,
6712306,17039,12,2014,U,,,N,F,,C,2014_12_PA0550000_NIBRS,
6465357,17040,1,2014,U,,,N,F,,C,2014_01_PA0550100_NIBRS,
6487807,17040,2,2014,U,,,N,F,,C,2014_02_PA0550100_NIBRS,
6510257,17040,3,2014,U,,,N,F,,C,2014_03_PA0550100_NIBRS,
6532707,17040,4,2014,U,,,N,F,,C,2014_04_PA0550100_NIBRS,
6555157,17040,5,2014,U,,,N,F,,C,2014_05_PA0550100_NIBRS,
6577607,17040,6,2014,U,,,N,F,,C,2014_06_PA0550100_NIBRS,
6600057,17040,7,2014,U,,,N,F,,C,2014_07_PA0550100_NIBRS,
6622507,17040,8,2014,U,,,N,F,,C,2014_08_PA0550100_NIBRS,
6644957,17040,9,2014,U,,,N,F,,C,2014_09_PA0550100_NIBRS,
6667407,17040,10,2014,U,,,N,F,,C,2014_10_PA0550100_NIBRS,
6689857,17040,11,2014,U,,,N,F,,C,2014_11_PA0550100_NIBRS,
6712307,17040,12,2014,U,,,N,F,,C,2014_12_PA0550100_NIBRS,
6465358,17041,1,2014,U,,,N,F,,C,2014_01_PA0550200_NIBRS,
6487808,17041,2,2014,U,,,N,F,,C,2014_02_PA0550200_NIBRS,
6510258,17041,3,2014,U,,,N,F,,C,2014_03_PA0550200_NIBRS,
6532708,17041,4,2014,U,,,N,F,,C,2014_04_PA0550200_NIBRS,
6555158,17041,5,2014,U,,,N,F,,C,2014_05_PA0550200_NIBRS,
6577608,17041,6,2014,U,,,N,F,,C,2014_06_PA0550200_NIBRS,
6600058,17041,7,2014,U,,,N,F,,C,2014_07_PA0550200_NIBRS,
6622508,17041,8,2014,U,,,N,F,,C,2014_08_PA0550200_NIBRS,
6644958,17041,9,2014,U,,,N,F,,C,2014_09_PA0550200_NIBRS,
6667408,17041,10,2014,U,,,N,F,,C,2014_10_PA0550200_NIBRS,
6689858,17041,11,2014,U,,,N,F,,C,2014_11_PA0550200_NIBRS,
6712308,17041,12,2014,U,,,N,F,,C,2014_12_PA0550200_NIBRS,
6465359,17042,1,2014,U,,,N,F,,C,2014_01_PA0550300_NIBRS,
6487809,17042,2,2014,U,,,N,F,,C,2014_02_PA0550300_NIBRS,
6510259,17042,3,2014,U,,,N,F,,C,2014_03_PA0550300_NIBRS,
6532709,17042,4,2014,U,,,N,F,,C,2014_04_PA0550300_NIBRS,
6555159,17042,5,2014,U,,,N,F,,C,2014_05_PA0550300_NIBRS,
6577609,17042,6,2014,U,,,N,F,,C,2014_06_PA0550300_NIBRS,
6600059,17042,7,2014,U,,,N,F,,C,2014_07_PA0550300_NIBRS,
6622509,17042,8,2014,U,,,N,F,,C,2014_08_PA0550300_NIBRS,
6644959,17042,9,2014,U,,,N,F,,C,2014_09_PA0550300_NIBRS,
6667409,17042,10,2014,U,,,N,F,,C,2014_10_PA0550300_NIBRS,
6689859,17042,11,2014,U,,,N,F,,C,2014_11_PA0550300_NIBRS,
6712309,17042,12,2014,U,,,N,F,,C,2014_12_PA0550300_NIBRS,
6465360,17043,1,2014,U,,,N,F,,C,2014_01_PA0550700_NIBRS,
6487810,17043,2,2014,U,,,N,F,,C,2014_02_PA0550700_NIBRS,
6510260,17043,3,2014,U,,,N,F,,C,2014_03_PA0550700_NIBRS,
6532710,17043,4,2014,U,,,N,F,,C,2014_04_PA0550700_NIBRS,
6555160,17043,5,2014,U,,,N,F,,C,2014_05_PA0550700_NIBRS,
6577610,17043,6,2014,U,,,N,F,,C,2014_06_PA0550700_NIBRS,
6600060,17043,7,2014,U,,,N,F,,C,2014_07_PA0550700_NIBRS,
6622510,17043,8,2014,U,,,N,F,,C,2014_08_PA0550700_NIBRS,
6644960,17043,9,2014,U,,,N,F,,C,2014_09_PA0550700_NIBRS,
6667410,17043,10,2014,U,,,N,F,,C,2014_10_PA0550700_NIBRS,
6689860,17043,11,2014,U,,,N,F,,C,2014_11_PA0550700_NIBRS,
6712310,17043,12,2014,U,,,N,F,,C,2014_12_PA0550700_NIBRS,
6465361,17044,1,2014,U,,,N,F,,C,2014_01_PA055BF00_NIBRS,
6487811,17044,2,2014,U,,,N,F,,C,2014_02_PA055BF00_NIBRS,
6510261,17044,3,2014,U,,,N,F,,C,2014_03_PA055BF00_NIBRS,
6532711,17044,4,2014,U,,,N,F,,C,2014_04_PA055BF00_NIBRS,
6555161,17044,5,2014,U,,,N,F,,C,2014_05_PA055BF00_NIBRS,
6577611,17044,6,2014,U,,,N,F,,C,2014_06_PA055BF00_NIBRS,
6600061,17044,7,2014,U,,,N,F,,C,2014_07_PA055BF00_NIBRS,
6622511,17044,8,2014,U,,,N,F,,C,2014_08_PA055BF00_NIBRS,
6644961,17044,9,2014,U,,,N,F,,C,2014_09_PA055BF00_NIBRS,
6667411,17044,10,2014,U,,,N,F,,C,2014_10_PA055BF00_NIBRS,
6689861,17044,11,2014,U,,,N,F,,C,2014_11_PA055BF00_NIBRS,
6712311,17044,12,2014,U,,,N,F,,C,2014_12_PA055BF00_NIBRS,
6465362,17045,1,2014,U,,,N,F,,C,2014_01_PA055DE00_NIBRS,
6487812,17045,2,2014,U,,,N,F,,C,2014_02_PA055DE00_NIBRS,
6510262,17045,3,2014,U,,,N,F,,C,2014_03_PA055DE00_NIBRS,
6532712,17045,4,2014,U,,,N,F,,C,2014_04_PA055DE00_NIBRS,
6555162,17045,5,2014,U,,,N,F,,C,2014_05_PA055DE00_NIBRS,
6577612,17045,6,2014,U,,,N,F,,C,2014_06_PA055DE00_NIBRS,
6600062,17045,7,2014,U,,,N,F,,C,2014_07_PA055DE00_NIBRS,
6622512,17045,8,2014,U,,,N,F,,C,2014_08_PA055DE00_NIBRS,
6644962,17045,9,2014,U,,,N,F,,C,2014_09_PA055DE00_NIBRS,
6667412,17045,10,2014,U,,,N,F,,C,2014_10_PA055DE00_NIBRS,
6689862,17045,11,2014,U,,,N,F,,C,2014_11_PA055DE00_NIBRS,
6712312,17045,12,2014,U,,,N,F,,C,2014_12_PA055DE00_NIBRS,
6465363,17046,1,2014,U,,,N,F,,C,2014_01_PA055SP00_NIBRS,
6487813,17046,2,2014,U,,,N,F,,C,2014_02_PA055SP00_NIBRS,
6510263,17046,3,2014,U,,,N,F,,C,2014_03_PA055SP00_NIBRS,
6532713,17046,4,2014,U,,,N,F,,C,2014_04_PA055SP00_NIBRS,
6555163,17046,5,2014,U,,,N,F,,C,2014_05_PA055SP00_NIBRS,
6577613,17046,6,2014,U,,,N,F,,C,2014_06_PA055SP00_NIBRS,
6600063,17046,7,2014,U,,,N,F,,C,2014_07_PA055SP00_NIBRS,
6622513,17046,8,2014,U,,,N,F,,C,2014_08_PA055SP00_NIBRS,
6644963,17046,9,2014,U,,,N,F,,C,2014_09_PA055SP00_NIBRS,
6667413,17046,10,2014,U,,,N,F,,C,2014_10_PA055SP00_NIBRS,
6689863,17046,11,2014,U,,,N,F,,C,2014_11_PA055SP00_NIBRS,
6712313,17046,12,2014,U,,,N,F,,C,2014_12_PA055SP00_NIBRS,
6465364,17047,1,2014,U,,,N,F,,C,2014_01_PA0560000_NIBRS,
6487814,17047,2,2014,U,,,N,F,,C,2014_02_PA0560000_NIBRS,
6510264,17047,3,2014,U,,,N,F,,C,2014_03_PA0560000_NIBRS,
6532714,17047,4,2014,U,,,N,F,,C,2014_04_PA0560000_NIBRS,
6555164,17047,5,2014,U,,,N,F,,C,2014_05_PA0560000_NIBRS,
6577614,17047,6,2014,U,,,N,F,,C,2014_06_PA0560000_NIBRS,
6600064,17047,7,2014,U,,,N,F,,C,2014_07_PA0560000_NIBRS,
6622514,17047,8,2014,U,,,N,F,,C,2014_08_PA0560000_NIBRS,
6644964,17047,9,2014,U,,,N,F,,C,2014_09_PA0560000_NIBRS,
6667414,17047,10,2014,U,,,N,F,,C,2014_10_PA0560000_NIBRS,
6689864,17047,11,2014,U,,,N,F,,C,2014_11_PA0560000_NIBRS,
6712314,17047,12,2014,U,,,N,F,,C,2014_12_PA0560000_NIBRS,
6465531,17214,1,2014,U,,,N,F,,C,2014_01_PA0651200_NIBRS,
6487981,17214,2,2014,U,,,N,F,,C,2014_02_PA0651200_NIBRS,
6510431,17214,3,2014,U,,,N,F,,C,2014_03_PA0651200_NIBRS,
6532881,17214,4,2014,U,,,N,F,,C,2014_04_PA0651200_NIBRS,
6555331,17214,5,2014,U,,,N,F,,C,2014_05_PA0651200_NIBRS,
6577781,17214,6,2014,U,,,N,F,,C,2014_06_PA0651200_NIBRS,
6600231,17214,7,2014,U,,,N,F,,C,2014_07_PA0651200_NIBRS,
6622681,17214,8,2014,U,,,N,F,,C,2014_08_PA0651200_NIBRS,
6645131,17214,9,2014,U,,,N,F,,C,2014_09_PA0651200_NIBRS,
6667581,17214,10,2014,U,,,N,F,,C,2014_10_PA0651200_NIBRS,
6690031,17214,11,2014,U,,,N,F,,C,2014_11_PA0651200_NIBRS,
6712481,17214,12,2014,U,,,N,F,,C,2014_12_PA0651200_NIBRS,
6465532,17215,1,2014,U,,,N,F,,C,2014_01_PA0651300_NIBRS,
6487982,17215,2,2014,U,,,N,F,,C,2014_02_PA0651300_NIBRS,
6510432,17215,3,2014,U,,,N,F,,C,2014_03_PA0651300_NIBRS,
6532882,17215,4,2014,U,,,N,F,,C,2014_04_PA0651300_NIBRS,
6555332,17215,5,2014,U,,,N,F,,C,2014_05_PA0651300_NIBRS,
6577782,17215,6,2014,U,,,N,F,,C,2014_06_PA0651300_NIBRS,
6600232,17215,7,2014,U,,,N,F,,C,2014_07_PA0651300_NIBRS,
6622682,17215,8,2014,U,,,N,F,,C,2014_08_PA0651300_NIBRS,
6645132,17215,9,2014,U,,,N,F,,C,2014_09_PA0651300_NIBRS,
6667582,17215,10,2014,U,,,N,F,,C,2014_10_PA0651300_NIBRS,
6690032,17215,11,2014,U,,,N,F,,C,2014_11_PA0651300_NIBRS,
6712482,17215,12,2014,U,,,N,F,,C,2014_12_PA0651300_NIBRS,
6465533,17216,1,2014,U,,,N,F,,C,2014_01_PA0651400_NIBRS,
6487983,17216,2,2014,U,,,N,F,,C,2014_02_PA0651400_NIBRS,
6510433,17216,3,2014,U,,,N,F,,C,2014_03_PA0651400_NIBRS,
6532883,17216,4,2014,U,,,N,F,,C,2014_04_PA0651400_NIBRS,
6555333,17216,5,2014,U,,,N,F,,C,2014_05_PA0651400_NIBRS,
6577783,17216,6,2014,U,,,N,F,,C,2014_06_PA0651400_NIBRS,
6600233,17216,7,2014,U,,,N,F,,C,2014_07_PA0651400_NIBRS,
6622683,17216,8,2014,U,,,N,F,,C,2014_08_PA0651400_NIBRS,
6645133,17216,9,2014,U,,,N,F,,C,2014_09_PA0651400_NIBRS,
6667583,17216,10,2014,U,,,N,F,,C,2014_10_PA0651400_NIBRS,
6690033,17216,11,2014,U,,,N,F,,C,2014_11_PA0651400_NIBRS,
6712483,17216,12,2014,U,,,N,F,,C,2014_12_PA0651400_NIBRS,
6465534,17217,1,2014,U,,,N,F,,C,2014_01_PA0651500_NIBRS,
6487984,17217,2,2014,U,,,N,F,,C,2014_02_PA0651500_NIBRS,
6510434,17217,3,2014,U,,,N,F,,C,2014_03_PA0651500_NIBRS,
6532884,17217,4,2014,U,,,N,F,,C,2014_04_PA0651500_NIBRS,
6555334,17217,5,2014,U,,,N,F,,C,2014_05_PA0651500_NIBRS,
6577784,17217,6,2014,U,,,N,F,,C,2014_06_PA0651500_NIBRS,
6600234,17217,7,2014,U,,,N,F,,C,2014_07_PA0651500_NIBRS,
6622684,17217,8,2014,U,,,N,F,,C,2014_08_PA0651500_NIBRS,
6645134,17217,9,2014,U,,,N,F,,C,2014_09_PA0651500_NIBRS,
6667584,17217,10,2014,U,,,N,F,,C,2014_10_PA0651500_NIBRS,
6690034,17217,11,2014,U,,,N,F,,C,2014_11_PA0651500_NIBRS,
6712484,17217,12,2014,U,,,N,F,,C,2014_12_PA0651500_NIBRS,
6465535,17218,1,2014,U,,,N,F,,C,2014_01_PA0651700_NIBRS,
6487985,17218,2,2014,U,,,N,F,,C,2014_02_PA0651700_NIBRS,
6510435,17218,3,2014,U,,,N,F,,C,2014_03_PA0651700_NIBRS,
6532885,17218,4,2014,U,,,N,F,,C,2014_04_PA0651700_NIBRS,
6555335,17218,5,2014,U,,,N,F,,C,2014_05_PA0651700_NIBRS,
6577785,17218,6,2014,U,,,N,F,,C,2014_06_PA0651700_NIBRS,
6600235,17218,7,2014,U,,,N,F,,C,2014_07_PA0651700_NIBRS,
6622685,17218,8,2014,U,,,N,F,,C,2014_08_PA0651700_NIBRS,
6645135,17218,9,2014,U,,,N,F,,C,2014_09_PA0651700_NIBRS,
6667585,17218,10,2014,U,,,N,F,,C,2014_10_PA0651700_NIBRS,
6690035,17218,11,2014,U,,,N,F,,C,2014_11_PA0651700_NIBRS,
6712485,17218,12,2014,U,,,N,F,,C,2014_12_PA0651700_NIBRS,
6465536,17219,1,2014,U,,,N,F,,C,2014_01_PA0651800_NIBRS,
6487986,17219,2,2014,U,,,N,F,,C,2014_02_PA0651800_NIBRS,
6510436,17219,3,2014,U,,,N,F,,C,2014_03_PA0651800_NIBRS,
6532886,17219,4,2014,U,,,N,F,,C,2014_04_PA0651800_NIBRS,
6555336,17219,5,2014,U,,,N,F,,C,2014_05_PA0651800_NIBRS,
6577786,17219,6,2014,U,,,N,F,,C,2014_06_PA0651800_NIBRS,
6600236,17219,7,2014,U,,,N,F,,C,2014_07_PA0651800_NIBRS,
6622686,17219,8,2014,U,,,N,F,,C,2014_08_PA0651800_NIBRS,
6645136,17219,9,2014,U,,,N,F,,C,2014_09_PA0651800_NIBRS,
6667586,17219,10,2014,U,,,N,F,,C,2014_10_PA0651800_NIBRS,
6690036,17219,11,2014,U,,,N,F,,C,2014_11_PA0651800_NIBRS,
6712486,17219,12,2014,U,,,N,F,,C,2014_12_PA0651800_NIBRS,
6465537,17220,1,2014,U,,,N,F,,C,2014_01_PA0651900_NIBRS,
6487987,17220,2,2014,U,,,N,F,,C,2014_02_PA0651900_NIBRS,
6510437,17220,3,2014,U,,,N,F,,C,2014_03_PA0651900_NIBRS,
6532887,17220,4,2014,U,,,N,F,,C,2014_04_PA0651900_NIBRS,
6555337,17220,5,2014,U,,,N,F,,C,2014_05_PA0651900_NIBRS,
6577787,17220,6,2014,U,,,N,F,,C,2014_06_PA0651900_NIBRS,
6600237,17220,7,2014,U,,,N,F,,C,2014_07_PA0651900_NIBRS,
6622687,17220,8,2014,U,,,N,F,,C,2014_08_PA0651900_NIBRS,
6645137,17220,9,2014,U,,,N,F,,C,2014_09_PA0651900_NIBRS,
6667587,17220,10,2014,U,,,N,F,,C,2014_10_PA0651900_NIBRS,
6690037,17220,11,2014,U,,,N,F,,C,2014_11_PA0651900_NIBRS,
6712487,17220,12,2014,U,,,N,F,,C,2014_12_PA0651900_NIBRS,
6465390,17073,1,2014,U,,,N,F,,C,2014_01_PA057BF00_NIBRS,
6487840,17073,2,2014,U,,,N,F,,C,2014_02_PA057BF00_NIBRS,
6510290,17073,3,2014,U,,,N,F,,C,2014_03_PA057BF00_NIBRS,
6532740,17073,4,2014,U,,,N,F,,C,2014_04_PA057BF00_NIBRS,
6555190,17073,5,2014,U,,,N,F,,C,2014_05_PA057BF00_NIBRS,
6577640,17073,6,2014,U,,,N,F,,C,2014_06_PA057BF00_NIBRS,
6600090,17073,7,2014,U,,,N,F,,C,2014_07_PA057BF00_NIBRS,
6622540,17073,8,2014,U,,,N,F,,C,2014_08_PA057BF00_NIBRS,
6644990,17073,9,2014,U,,,N,F,,C,2014_09_PA057BF00_NIBRS,
6667440,17073,10,2014,U,,,N,F,,C,2014_10_PA057BF00_NIBRS,
6689890,17073,11,2014,U,,,N,F,,C,2014_11_PA057BF00_NIBRS,
6712340,17073,12,2014,U,,,N,F,,C,2014_12_PA057BF00_NIBRS,
6465391,17074,1,2014,U,,,N,F,,C,2014_01_PA057DE00_NIBRS,
6487841,17074,2,2014,U,,,N,F,,C,2014_02_PA057DE00_NIBRS,
6510291,17074,3,2014,U,,,N,F,,C,2014_03_PA057DE00_NIBRS,
6532741,17074,4,2014,U,,,N,F,,C,2014_04_PA057DE00_NIBRS,
6555191,17074,5,2014,U,,,N,F,,C,2014_05_PA057DE00_NIBRS,
6577641,17074,6,2014,U,,,N,F,,C,2014_06_PA057DE00_NIBRS,
6600091,17074,7,2014,U,,,N,F,,C,2014_07_PA057DE00_NIBRS,
6622541,17074,8,2014,U,,,N,F,,C,2014_08_PA057DE00_NIBRS,
6644991,17074,9,2014,U,,,N,F,,C,2014_09_PA057DE00_NIBRS,
6667441,17074,10,2014,U,,,N,F,,C,2014_10_PA057DE00_NIBRS,
6689891,17074,11,2014,U,,,N,F,,C,2014_11_PA057DE00_NIBRS,
6712341,17074,12,2014,U,,,N,F,,C,2014_12_PA057DE00_NIBRS,
6470439,23235,1,2014,U,,,N,F,,C,2014_01_PA0451000_NIBRS,
6492889,23235,2,2014,U,,,N,F,,C,2014_02_PA0451000_NIBRS,
6515339,23235,3,2014,U,,,N,F,,C,2014_03_PA0451000_NIBRS,
6537789,23235,4,2014,U,,,N,F,,C,2014_04_PA0451000_NIBRS,
6560239,23235,5,2014,U,,,N,F,,C,2014_05_PA0451000_NIBRS,
6582689,23235,6,2014,U,,,N,F,,C,2014_06_PA0451000_NIBRS,
6605139,23235,7,2014,U,,,N,F,,C,2014_07_PA0451000_NIBRS,
6627589,23235,8,2014,U,,,N,F,,C,2014_08_PA0451000_NIBRS,
6650039,23235,9,2014,U,,,N,F,,C,2014_09_PA0451000_NIBRS,
6672489,23235,10,2014,U,,,N,F,,C,2014_10_PA0451000_NIBRS,
6694939,23235,11,2014,U,,,N,F,,C,2014_11_PA0451000_NIBRS,
6717389,23235,12,2014,U,,,N,F,,C,2014_12_PA0451000_NIBRS,
6465141,16824,1,2014,U,,,N,F,,C,2014_01_PA0451100_NIBRS,
6487591,16824,2,2014,U,,,N,F,,C,2014_02_PA0451100_NIBRS,
6510041,16824,3,2014,U,,,N,F,,C,2014_03_PA0451100_NIBRS,
6532491,16824,4,2014,U,,,N,F,,C,2014_04_PA0451100_NIBRS,
6554941,16824,5,2014,U,,,N,F,,C,2014_05_PA0451100_NIBRS,
6577391,16824,6,2014,U,,,N,F,,C,2014_06_PA0451100_NIBRS,
6599841,16824,7,2014,U,,,N,F,,C,2014_07_PA0451100_NIBRS,
6622291,16824,8,2014,U,,,N,F,,C,2014_08_PA0451100_NIBRS,
6644741,16824,9,2014,U,,,N,F,,C,2014_09_PA0451100_NIBRS,
6667191,16824,10,2014,U,,,N,F,,C,2014_10_PA0451100_NIBRS,
6689641,16824,11,2014,U,,,N,F,,C,2014_11_PA0451100_NIBRS,
6712091,16824,12,2014,U,,,N,F,,C,2014_12_PA0451100_NIBRS,
6465142,16825,1,2014,U,,,N,F,,C,2014_01_PA0451300_NIBRS,
6487592,16825,2,2014,U,,,N,F,,C,2014_02_PA0451300_NIBRS,
6510042,16825,3,2014,U,,,N,F,,C,2014_03_PA0451300_NIBRS,
6532492,16825,4,2014,U,,,N,F,,C,2014_04_PA0451300_NIBRS,
6554942,16825,5,2014,U,,,N,F,,C,2014_05_PA0451300_NIBRS,
6577392,16825,6,2014,U,,,N,F,,C,2014_06_PA0451300_NIBRS,
6599842,16825,7,2014,U,,,N,F,,C,2014_07_PA0451300_NIBRS,
6622292,16825,8,2014,U,,,N,F,,C,2014_08_PA0451300_NIBRS,
6644742,16825,9,2014,U,,,N,F,,C,2014_09_PA0451300_NIBRS,
6667192,16825,10,2014,U,,,N,F,,C,2014_10_PA0451300_NIBRS,
6689642,16825,11,2014,U,,,N,F,,C,2014_11_PA0451300_NIBRS,
6712092,16825,12,2014,U,,,N,F,,C,2014_12_PA0451300_NIBRS,
6465143,16826,1,2014,U,,,N,F,,C,2014_01_PA045BF00_NIBRS,
6487593,16826,2,2014,U,,,N,F,,C,2014_02_PA045BF00_NIBRS,
6510043,16826,3,2014,U,,,N,F,,C,2014_03_PA045BF00_NIBRS,
6532493,16826,4,2014,U,,,N,F,,C,2014_04_PA045BF00_NIBRS,
6554943,16826,5,2014,U,,,N,F,,C,2014_05_PA045BF00_NIBRS,
6577393,16826,6,2014,U,,,N,F,,C,2014_06_PA045BF00_NIBRS,
6599843,16826,7,2014,U,,,N,F,,C,2014_07_PA045BF00_NIBRS,
6622293,16826,8,2014,U,,,N,F,,C,2014_08_PA045BF00_NIBRS,
6644743,16826,9,2014,U,,,N,F,,C,2014_09_PA045BF00_NIBRS,
6667193,16826,10,2014,U,,,N,F,,C,2014_10_PA045BF00_NIBRS,
6689643,16826,11,2014,U,,,N,F,,C,2014_11_PA045BF00_NIBRS,
6712093,16826,12,2014,U,,,N,F,,C,2014_12_PA045BF00_NIBRS,
6465144,16827,1,2014,U,,,N,F,,C,2014_01_PA045DE00_NIBRS,
6487594,16827,2,2014,U,,,N,F,,C,2014_02_PA045DE00_NIBRS,
6510044,16827,3,2014,U,,,N,F,,C,2014_03_PA045DE00_NIBRS,
6532494,16827,4,2014,U,,,N,F,,C,2014_04_PA045DE00_NIBRS,
6554944,16827,5,2014,U,,,N,F,,C,2014_05_PA045DE00_NIBRS,
6577394,16827,6,2014,U,,,N,F,,C,2014_06_PA045DE00_NIBRS,
6599844,16827,7,2014,U,,,N,F,,C,2014_07_PA045DE00_NIBRS,
6622294,16827,8,2014,U,,,N,F,,C,2014_08_PA045DE00_NIBRS,
6644744,16827,9,2014,U,,,N,F,,C,2014_09_PA045DE00_NIBRS,
6667194,16827,10,2014,U,,,N,F,,C,2014_10_PA045DE00_NIBRS,
6689644,16827,11,2014,U,,,N,F,,C,2014_11_PA045DE00_NIBRS,
6712094,16827,12,2014,U,,,N,F,,C,2014_12_PA045DE00_NIBRS,
6465145,16828,1,2014,U,,,N,F,,C,2014_01_PA045SP00_NIBRS,
6487595,16828,2,2014,U,,,N,F,,C,2014_02_PA045SP00_NIBRS,
6510045,16828,3,2014,U,,,N,F,,C,2014_03_PA045SP00_NIBRS,
6532495,16828,4,2014,U,,,N,F,,C,2014_04_PA045SP00_NIBRS,
6554945,16828,5,2014,U,,,N,F,,C,2014_05_PA045SP00_NIBRS,
6577395,16828,6,2014,U,,,N,F,,C,2014_06_PA045SP00_NIBRS,
6599845,16828,7,2014,U,,,N,F,,C,2014_07_PA045SP00_NIBRS,
6622295,16828,8,2014,U,,,N,F,,C,2014_08_PA045SP00_NIBRS,
6644745,16828,9,2014,U,,,N,F,,C,2014_09_PA045SP00_NIBRS,
6667195,16828,10,2014,U,,,N,F,,C,2014_10_PA045SP00_NIBRS,
6689645,16828,11,2014,U,,,N,F,,C,2014_11_PA045SP00_NIBRS,
6712095,16828,12,2014,U,,,N,F,,C,2014_12_PA045SP00_NIBRS,
6465146,16829,1,2014,U,,,N,F,,C,2014_01_PA0460000_NIBRS,
6487596,16829,2,2014,U,,,N,F,,C,2014_02_PA0460000_NIBRS,
6510046,16829,3,2014,U,,,N,F,,C,2014_03_PA0460000_NIBRS,
6532496,16829,4,2014,U,,,N,F,,C,2014_04_PA0460000_NIBRS,
6554946,16829,5,2014,U,,,N,F,,C,2014_05_PA0460000_NIBRS,
6577396,16829,6,2014,U,,,N,F,,C,2014_06_PA0460000_NIBRS,
6599846,16829,7,2014,U,,,N,F,,C,2014_07_PA0460000_NIBRS,
6622296,16829,8,2014,U,,,N,F,,C,2014_08_PA0460000_NIBRS,
6644746,16829,9,2014,U,,,N,F,,C,2014_09_PA0460000_NIBRS,
6667196,16829,10,2014,U,,,N,F,,C,2014_10_PA0460000_NIBRS,
6689646,16829,11,2014,U,,,N,F,,C,2014_11_PA0460000_NIBRS,
6712096,16829,12,2014,U,,,N,F,,C,2014_12_PA0460000_NIBRS,
6465147,16830,1,2014,U,,,N,F,,C,2014_01_PA0460100_NIBRS,
6487597,16830,2,2014,U,,,N,F,,C,2014_02_PA0460100_NIBRS,
6510047,16830,3,2014,U,,,N,F,,C,2014_03_PA0460100_NIBRS,
6532497,16830,4,2014,U,,,N,F,,C,2014_04_PA0460100_NIBRS,
6554947,16830,5,2014,U,,,N,F,,C,2014_05_PA0460100_NIBRS,
6577397,16830,6,2014,U,,,N,F,,C,2014_06_PA0460100_NIBRS,
6599847,16830,7,2014,U,,,N,F,,C,2014_07_PA0460100_NIBRS,
6622297,16830,8,2014,U,,,N,F,,C,2014_08_PA0460100_NIBRS,
6644747,16830,9,2014,U,,,N,F,,C,2014_09_PA0460100_NIBRS,
6667197,16830,10,2014,U,,,N,F,,C,2014_10_PA0460100_NIBRS,
6689647,16830,11,2014,U,,,N,F,,C,2014_11_PA0460100_NIBRS,
6712097,16830,12,2014,U,,,N,F,,C,2014_12_PA0460100_NIBRS,
6465148,16831,1,2014,U,,,N,F,,C,2014_01_PA0460200_NIBRS,
6487598,16831,2,2014,U,,,N,F,,C,2014_02_PA0460200_NIBRS,
6510048,16831,3,2014,U,,,N,F,,C,2014_03_PA0460200_NIBRS,
6532498,16831,4,2014,U,,,N,F,,C,2014_04_PA0460200_NIBRS,
6554948,16831,5,2014,U,,,N,F,,C,2014_05_PA0460200_NIBRS,
6577398,16831,6,2014,U,,,N,F,,C,2014_06_PA0460200_NIBRS,
6599848,16831,7,2014,U,,,N,F,,C,2014_07_PA0460200_NIBRS,
6622298,16831,8,2014,U,,,N,F,,C,2014_08_PA0460200_NIBRS,
6644748,16831,9,2014,U,,,N,F,,C,2014_09_PA0460200_NIBRS,
6667198,16831,10,2014,U,,,N,F,,C,2014_10_PA0460200_NIBRS,
6689648,16831,11,2014,U,,,N,F,,C,2014_11_PA0460200_NIBRS,
6712098,16831,12,2014,U,,,N,F,,C,2014_12_PA0460200_NIBRS,
6465149,16832,1,2014,U,,,N,F,,C,2014_01_PA0460300_NIBRS,
6487599,16832,2,2014,U,,,N,F,,C,2014_02_PA0460300_NIBRS,
6510049,16832,3,2014,U,,,N,F,,C,2014_03_PA0460300_NIBRS,
6532499,16832,4,2014,U,,,N,F,,C,2014_04_PA0460300_NIBRS,
6554949,16832,5,2014,U,,,N,F,,C,2014_05_PA0460300_NIBRS,
6577399,16832,6,2014,U,,,N,F,,C,2014_06_PA0460300_NIBRS,
6599849,16832,7,2014,U,,,N,F,,C,2014_07_PA0460300_NIBRS,
6622299,16832,8,2014,U,,,N,F,,C,2014_08_PA0460300_NIBRS,
6644749,16832,9,2014,U,,,N,F,,C,2014_09_PA0460300_NIBRS,
6667199,16832,10,2014,U,,,N,F,,C,2014_10_PA0460300_NIBRS,
6689649,16832,11,2014,U,,,N,F,,C,2014_11_PA0460300_NIBRS,
6712099,16832,12,2014,U,,,N,F,,C,2014_12_PA0460300_NIBRS,
6465150,16833,1,2014,U,,,N,F,,C,2014_01_PA0460400_NIBRS,
6487600,16833,2,2014,U,,,N,F,,C,2014_02_PA0460400_NIBRS,
6510050,16833,3,2014,U,,,N,F,,C,2014_03_PA0460400_NIBRS,
6532500,16833,4,2014,U,,,N,F,,C,2014_04_PA0460400_NIBRS,
6554950,16833,5,2014,U,,,N,F,,C,2014_05_PA0460400_NIBRS,
6577400,16833,6,2014,U,,,N,F,,C,2014_06_PA0460400_NIBRS,
6599850,16833,7,2014,U,,,N,F,,C,2014_07_PA0460400_NIBRS,
6622300,16833,8,2014,U,,,N,F,,C,2014_08_PA0460400_NIBRS,
6644750,16833,9,2014,U,,,N,F,,C,2014_09_PA0460400_NIBRS,
6667200,16833,10,2014,U,,,N,F,,C,2014_10_PA0460400_NIBRS,
6689650,16833,11,2014,U,,,N,F,,C,2014_11_PA0460400_NIBRS,
6712100,16833,12,2014,U,,,N,F,,C,2014_12_PA0460400_NIBRS,
6465151,16834,1,2014,U,,,N,F,,C,2014_01_PA0460500_NIBRS,
6487601,16834,2,2014,U,,,N,F,,C,2014_02_PA0460500_NIBRS,
6510051,16834,3,2014,U,,,N,F,,C,2014_03_PA0460500_NIBRS,
6532501,16834,4,2014,U,,,N,F,,C,2014_04_PA0460500_NIBRS,
6554951,16834,5,2014,U,,,N,F,,C,2014_05_PA0460500_NIBRS,
6577401,16834,6,2014,U,,,N,F,,C,2014_06_PA0460500_NIBRS,
6599851,16834,7,2014,U,,,N,F,,C,2014_07_PA0460500_NIBRS,
6622301,16834,8,2014,U,,,N,F,,C,2014_08_PA0460500_NIBRS,
6644751,16834,9,2014,U,,,N,F,,C,2014_09_PA0460500_NIBRS,
6667201,16834,10,2014,U,,,N,F,,C,2014_10_PA0460500_NIBRS,
6689651,16834,11,2014,U,,,N,F,,C,2014_11_PA0460500_NIBRS,
6712101,16834,12,2014,U,,,N,F,,C,2014_12_PA0460500_NIBRS,
6465152,16835,1,2014,U,,,N,F,,C,2014_01_PA0460600_NIBRS,
6487602,16835,2,2014,U,,,N,F,,C,2014_02_PA0460600_NIBRS,
6510052,16835,3,2014,U,,,N,F,,C,2014_03_PA0460600_NIBRS,
6532502,16835,4,2014,U,,,N,F,,C,2014_04_PA0460600_NIBRS,
6554952,16835,5,2014,U,,,N,F,,C,2014_05_PA0460600_NIBRS,
6577402,16835,6,2014,U,,,N,F,,C,2014_06_PA0460600_NIBRS,
6599852,16835,7,2014,U,,,N,F,,C,2014_07_PA0460600_NIBRS,
6622302,16835,8,2014,U,,,N,F,,C,2014_08_PA0460600_NIBRS,
6644752,16835,9,2014,U,,,N,F,,C,2014_09_PA0460600_NIBRS,
6667202,16835,10,2014,U,,,N,F,,C,2014_10_PA0460600_NIBRS,
6689652,16835,11,2014,U,,,N,F,,C,2014_11_PA0460600_NIBRS,
6712102,16835,12,2014,U,,,N,F,,C,2014_12_PA0460600_NIBRS,
6465153,16836,1,2014,U,,,N,F,,C,2014_01_PA0460700_NIBRS,
6487603,16836,2,2014,U,,,N,F,,C,2014_02_PA0460700_NIBRS,
6510053,16836,3,2014,U,,,N,F,,C,2014_03_PA0460700_NIBRS,
6532503,16836,4,2014,U,,,N,F,,C,2014_04_PA0460700_NIBRS,
6554953,16836,5,2014,U,,,N,F,,C,2014_05_PA0460700_NIBRS,
6577403,16836,6,2014,U,,,N,F,,C,2014_06_PA0460700_NIBRS,
6599853,16836,7,2014,U,,,N,F,,C,2014_07_PA0460700_NIBRS,
6622303,16836,8,2014,U,,,N,F,,C,2014_08_PA0460700_NIBRS,
6644753,16836,9,2014,U,,,N,F,,C,2014_09_PA0460700_NIBRS,
6667203,16836,10,2014,U,,,N,F,,C,2014_10_PA0460700_NIBRS,
6689653,16836,11,2014,U,,,N,F,,C,2014_11_PA0460700_NIBRS,
6712103,16836,12,2014,U,,,N,F,,C,2014_12_PA0460700_NIBRS,
6465365,17048,1,2014,U,,,N,F,,C,2014_01_PA0560100_NIBRS,
6487815,17048,2,2014,U,,,N,F,,C,2014_02_PA0560100_NIBRS,
6510265,17048,3,2014,U,,,N,F,,C,2014_03_PA0560100_NIBRS,
6532715,17048,4,2014,U,,,N,F,,C,2014_04_PA0560100_NIBRS,
6555165,17048,5,2014,U,,,N,F,,C,2014_05_PA0560100_NIBRS,
6577615,17048,6,2014,U,,,N,F,,C,2014_06_PA0560100_NIBRS,
6600065,17048,7,2014,U,,,N,F,,C,2014_07_PA0560100_NIBRS,
6622515,17048,8,2014,U,,,N,F,,C,2014_08_PA0560100_NIBRS,
6644965,17048,9,2014,U,,,N,F,,C,2014_09_PA0560100_NIBRS,
6667415,17048,10,2014,U,,,N,F,,C,2014_10_PA0560100_NIBRS,
6689865,17048,11,2014,U,,,N,F,,C,2014_11_PA0560100_NIBRS,
6712315,17048,12,2014,U,,,N,F,,C,2014_12_PA0560100_NIBRS,
6465366,17049,1,2014,U,,,N,F,,C,2014_01_PA0560200_NIBRS,
6487816,17049,2,2014,U,,,N,F,,C,2014_02_PA0560200_NIBRS,
6510266,17049,3,2014,U,,,N,F,,C,2014_03_PA0560200_NIBRS,
6532716,17049,4,2014,U,,,N,F,,C,2014_04_PA0560200_NIBRS,
6555166,17049,5,2014,U,,,N,F,,C,2014_05_PA0560200_NIBRS,
6577616,17049,6,2014,U,,,N,F,,C,2014_06_PA0560200_NIBRS,
6600066,17049,7,2014,U,,,N,F,,C,2014_07_PA0560200_NIBRS,
6622516,17049,8,2014,U,,,N,F,,C,2014_08_PA0560200_NIBRS,
6644966,17049,9,2014,U,,,N,F,,C,2014_09_PA0560200_NIBRS,
6667416,17049,10,2014,U,,,N,F,,C,2014_10_PA0560200_NIBRS,
6689866,17049,11,2014,U,,,N,F,,C,2014_11_PA0560200_NIBRS,
6712316,17049,12,2014,U,,,N,F,,C,2014_12_PA0560200_NIBRS,
6465367,17050,1,2014,U,,,N,F,,C,2014_01_PA0560300_NIBRS,
6487817,17050,2,2014,U,,,N,F,,C,2014_02_PA0560300_NIBRS,
6510267,17050,3,2014,U,,,N,F,,C,2014_03_PA0560300_NIBRS,
6532717,17050,4,2014,U,,,N,F,,C,2014_04_PA0560300_NIBRS,
6555167,17050,5,2014,U,,,N,F,,C,2014_05_PA0560300_NIBRS,
6577617,17050,6,2014,U,,,N,F,,C,2014_06_PA0560300_NIBRS,
6600067,17050,7,2014,U,,,N,F,,C,2014_07_PA0560300_NIBRS,
6622517,17050,8,2014,U,,,N,F,,C,2014_08_PA0560300_NIBRS,
6644967,17050,9,2014,U,,,N,F,,C,2014_09_PA0560300_NIBRS,
6667417,17050,10,2014,U,,,N,F,,C,2014_10_PA0560300_NIBRS,
6689867,17050,11,2014,U,,,N,F,,C,2014_11_PA0560300_NIBRS,
6712317,17050,12,2014,U,,,N,F,,C,2014_12_PA0560300_NIBRS,
6465368,17051,1,2014,U,,,N,F,,C,2014_01_PA0560400_NIBRS,
6487818,17051,2,2014,U,,,N,F,,C,2014_02_PA0560400_NIBRS,
6510268,17051,3,2014,U,,,N,F,,C,2014_03_PA0560400_NIBRS,
6532718,17051,4,2014,U,,,N,F,,C,2014_04_PA0560400_NIBRS,
6555168,17051,5,2014,U,,,N,F,,C,2014_05_PA0560400_NIBRS,
6577618,17051,6,2014,U,,,N,F,,C,2014_06_PA0560400_NIBRS,
6600068,17051,7,2014,U,,,N,F,,C,2014_07_PA0560400_NIBRS,
6622518,17051,8,2014,U,,,N,F,,C,2014_08_PA0560400_NIBRS,
6644968,17051,9,2014,U,,,N,F,,C,2014_09_PA0560400_NIBRS,
6667418,17051,10,2014,U,,,N,F,,C,2014_10_PA0560400_NIBRS,
6689868,17051,11,2014,U,,,N,F,,C,2014_11_PA0560400_NIBRS,
6712318,17051,12,2014,U,,,N,F,,C,2014_12_PA0560400_NIBRS,
6465369,17052,1,2014,U,,,N,F,,C,2014_01_PA0560500_NIBRS,
6487819,17052,2,2014,U,,,N,F,,C,2014_02_PA0560500_NIBRS,
6510269,17052,3,2014,U,,,N,F,,C,2014_03_PA0560500_NIBRS,
6532719,17052,4,2014,U,,,N,F,,C,2014_04_PA0560500_NIBRS,
6555169,17052,5,2014,U,,,N,F,,C,2014_05_PA0560500_NIBRS,
6577619,17052,6,2014,U,,,N,F,,C,2014_06_PA0560500_NIBRS,
6600069,17052,7,2014,U,,,N,F,,C,2014_07_PA0560500_NIBRS,
6622519,17052,8,2014,U,,,N,F,,C,2014_08_PA0560500_NIBRS,
6644969,17052,9,2014,U,,,N,F,,C,2014_09_PA0560500_NIBRS,
6667419,17052,10,2014,U,,,N,F,,C,2014_10_PA0560500_NIBRS,
6689869,17052,11,2014,U,,,N,F,,C,2014_11_PA0560500_NIBRS,
6712319,17052,12,2014,U,,,N,F,,C,2014_12_PA0560500_NIBRS,
6465370,17053,1,2014,U,,,N,F,,C,2014_01_PA0560600_NIBRS,
6487820,17053,2,2014,U,,,N,F,,C,2014_02_PA0560600_NIBRS,
6510270,17053,3,2014,U,,,N,F,,C,2014_03_PA0560600_NIBRS,
6532720,17053,4,2014,U,,,N,F,,C,2014_04_PA0560600_NIBRS,
6555170,17053,5,2014,U,,,N,F,,C,2014_05_PA0560600_NIBRS,
6577620,17053,6,2014,U,,,N,F,,C,2014_06_PA0560600_NIBRS,
6600070,17053,7,2014,U,,,N,F,,C,2014_07_PA0560600_NIBRS,
6622520,17053,8,2014,U,,,N,F,,C,2014_08_PA0560600_NIBRS,
6644970,17053,9,2014,U,,,N,F,,C,2014_09_PA0560600_NIBRS,
6667420,17053,10,2014,U,,,N,F,,C,2014_10_PA0560600_NIBRS,
6689870,17053,11,2014,U,,,N,F,,C,2014_11_PA0560600_NIBRS,
6712320,17053,12,2014,U,,,N,F,,C,2014_12_PA0560600_NIBRS,
6465371,17054,1,2014,U,,,N,F,,C,2014_01_PA0560700_NIBRS,
6487821,17054,2,2014,U,,,N,F,,C,2014_02_PA0560700_NIBRS,
6510271,17054,3,2014,U,,,N,F,,C,2014_03_PA0560700_NIBRS,
6532721,17054,4,2014,U,,,N,F,,C,2014_04_PA0560700_NIBRS,
6555171,17054,5,2014,U,,,N,F,,C,2014_05_PA0560700_NIBRS,
6577621,17054,6,2014,U,,,N,F,,C,2014_06_PA0560700_NIBRS,
6600071,17054,7,2014,U,,,N,F,,C,2014_07_PA0560700_NIBRS,
6622521,17054,8,2014,U,,,N,F,,C,2014_08_PA0560700_NIBRS,
6644971,17054,9,2014,U,,,N,F,,C,2014_09_PA0560700_NIBRS,
6667421,17054,10,2014,U,,,N,F,,C,2014_10_PA0560700_NIBRS,
6689871,17054,11,2014,U,,,N,F,,C,2014_11_PA0560700_NIBRS,
6712321,17054,12,2014,U,,,N,F,,C,2014_12_PA0560700_NIBRS,
6465372,17055,1,2014,U,,,N,F,,C,2014_01_PA0560800_NIBRS,
6487822,17055,2,2014,U,,,N,F,,C,2014_02_PA0560800_NIBRS,
6510272,17055,3,2014,U,,,N,F,,C,2014_03_PA0560800_NIBRS,
6532722,17055,4,2014,U,,,N,F,,C,2014_04_PA0560800_NIBRS,
6555172,17055,5,2014,U,,,N,F,,C,2014_05_PA0560800_NIBRS,
6577622,17055,6,2014,U,,,N,F,,C,2014_06_PA0560800_NIBRS,
6600072,17055,7,2014,U,,,N,F,,C,2014_07_PA0560800_NIBRS,
6622522,17055,8,2014,U,,,N,F,,C,2014_08_PA0560800_NIBRS,
6644972,17055,9,2014,U,,,N,F,,C,2014_09_PA0560800_NIBRS,
6667422,17055,10,2014,U,,,N,F,,C,2014_10_PA0560800_NIBRS,
6689872,17055,11,2014,U,,,N,F,,C,2014_11_PA0560800_NIBRS,
6712322,17055,12,2014,U,,,N,F,,C,2014_12_PA0560800_NIBRS,
6465373,17056,1,2014,U,,,N,F,,C,2014_01_PA0560900_NIBRS,
6487823,17056,2,2014,U,,,N,F,,C,2014_02_PA0560900_NIBRS,
6510273,17056,3,2014,U,,,N,F,,C,2014_03_PA0560900_NIBRS,
6532723,17056,4,2014,U,,,N,F,,C,2014_04_PA0560900_NIBRS,
6555173,17056,5,2014,U,,,N,F,,C,2014_05_PA0560900_NIBRS,
6577623,17056,6,2014,U,,,N,F,,C,2014_06_PA0560900_NIBRS,
6600073,17056,7,2014,U,,,N,F,,C,2014_07_PA0560900_NIBRS,
6622523,17056,8,2014,U,,,N,F,,C,2014_08_PA0560900_NIBRS,
6644973,17056,9,2014,U,,,N,F,,C,2014_09_PA0560900_NIBRS,
6667423,17056,10,2014,U,,,N,F,,C,2014_10_PA0560900_NIBRS,
6689873,17056,11,2014,U,,,N,F,,C,2014_11_PA0560900_NIBRS,
6712323,17056,12,2014,U,,,N,F,,C,2014_12_PA0560900_NIBRS,
6465374,17057,1,2014,U,,,N,F,,C,2014_01_PA0561000_NIBRS,
6487824,17057,2,2014,U,,,N,F,,C,2014_02_PA0561000_NIBRS,
6510274,17057,3,2014,U,,,N,F,,C,2014_03_PA0561000_NIBRS,
6532724,17057,4,2014,U,,,N,F,,C,2014_04_PA0561000_NIBRS,
6555174,17057,5,2014,U,,,N,F,,C,2014_05_PA0561000_NIBRS,
6577624,17057,6,2014,U,,,N,F,,C,2014_06_PA0561000_NIBRS,
6600074,17057,7,2014,U,,,N,F,,C,2014_07_PA0561000_NIBRS,
6622524,17057,8,2014,U,,,N,F,,C,2014_08_PA0561000_NIBRS,
6644974,17057,9,2014,U,,,N,F,,C,2014_09_PA0561000_NIBRS,
6667424,17057,10,2014,U,,,N,F,,C,2014_10_PA0561000_NIBRS,
6689874,17057,11,2014,U,,,N,F,,C,2014_11_PA0561000_NIBRS,
6712324,17057,12,2014,U,,,N,F,,C,2014_12_PA0561000_NIBRS,
6465375,17058,1,2014,U,,,N,F,,C,2014_01_PA0561100_NIBRS,
6487825,17058,2,2014,U,,,N,F,,C,2014_02_PA0561100_NIBRS,
6510275,17058,3,2014,U,,,N,F,,C,2014_03_PA0561100_NIBRS,
6532725,17058,4,2014,U,,,N,F,,C,2014_04_PA0561100_NIBRS,
6555175,17058,5,2014,U,,,N,F,,C,2014_05_PA0561100_NIBRS,
6577625,17058,6,2014,U,,,N,F,,C,2014_06_PA0561100_NIBRS,
6600075,17058,7,2014,U,,,N,F,,C,2014_07_PA0561100_NIBRS,
6622525,17058,8,2014,U,,,N,F,,C,2014_08_PA0561100_NIBRS,
6644975,17058,9,2014,U,,,N,F,,C,2014_09_PA0561100_NIBRS,
6667425,17058,10,2014,U,,,N,F,,C,2014_10_PA0561100_NIBRS,
6689875,17058,11,2014,U,,,N,F,,C,2014_11_PA0561100_NIBRS,
6712325,17058,12,2014,U,,,N,F,,C,2014_12_PA0561100_NIBRS,
6465376,17059,1,2014,U,,,N,F,,C,2014_01_PA0561200_NIBRS,
6487826,17059,2,2014,U,,,N,F,,C,2014_02_PA0561200_NIBRS,
6510276,17059,3,2014,U,,,N,F,,C,2014_03_PA0561200_NIBRS,
6532726,17059,4,2014,U,,,N,F,,C,2014_04_PA0561200_NIBRS,
6555176,17059,5,2014,U,,,N,F,,C,2014_05_PA0561200_NIBRS,
6577626,17059,6,2014,U,,,N,F,,C,2014_06_PA0561200_NIBRS,
6600076,17059,7,2014,U,,,N,F,,C,2014_07_PA0561200_NIBRS,
6622526,17059,8,2014,U,,,N,F,,C,2014_08_PA0561200_NIBRS,
6644976,17059,9,2014,U,,,N,F,,C,2014_09_PA0561200_NIBRS,
6667426,17059,10,2014,U,,,N,F,,C,2014_10_PA0561200_NIBRS,
6689876,17059,11,2014,U,,,N,F,,C,2014_11_PA0561200_NIBRS,
6712326,17059,12,2014,U,,,N,F,,C,2014_12_PA0561200_NIBRS,
6465377,17060,1,2014,U,,,N,F,,C,2014_01_PA0561300_NIBRS,
6487827,17060,2,2014,U,,,N,F,,C,2014_02_PA0561300_NIBRS,
6510277,17060,3,2014,U,,,N,F,,C,2014_03_PA0561300_NIBRS,
6532727,17060,4,2014,U,,,N,F,,C,2014_04_PA0561300_NIBRS,
6555177,17060,5,2014,U,,,N,F,,C,2014_05_PA0561300_NIBRS,
6577627,17060,6,2014,U,,,N,F,,C,2014_06_PA0561300_NIBRS,
6600077,17060,7,2014,U,,,N,F,,C,2014_07_PA0561300_NIBRS,
6622527,17060,8,2014,U,,,N,F,,C,2014_08_PA0561300_NIBRS,
6644977,17060,9,2014,U,,,N,F,,C,2014_09_PA0561300_NIBRS,
6667427,17060,10,2014,U,,,N,F,,C,2014_10_PA0561300_NIBRS,
6689877,17060,11,2014,U,,,N,F,,C,2014_11_PA0561300_NIBRS,
6712327,17060,12,2014,U,,,N,F,,C,2014_12_PA0561300_NIBRS,
6470532,23950,1,2014,U,,,N,F,,C,2014_01_PA0561400_NIBRS,
6492982,23950,2,2014,U,,,N,F,,C,2014_02_PA0561400_NIBRS,
6515432,23950,3,2014,U,,,N,F,,C,2014_03_PA0561400_NIBRS,
6537882,23950,4,2014,U,,,N,F,,C,2014_04_PA0561400_NIBRS,
6560332,23950,5,2014,U,,,N,F,,C,2014_05_PA0561400_NIBRS,
6582782,23950,6,2014,U,,,N,F,,C,2014_06_PA0561400_NIBRS,
6605232,23950,7,2014,U,,,N,F,,C,2014_07_PA0561400_NIBRS,
6627682,23950,8,2014,U,,,N,F,,C,2014_08_PA0561400_NIBRS,
6650132,23950,9,2014,U,,,N,F,,C,2014_09_PA0561400_NIBRS,
6672582,23950,10,2014,U,,,N,F,,C,2014_10_PA0561400_NIBRS,
6695032,23950,11,2014,U,,,N,F,,C,2014_11_PA0561400_NIBRS,
6717482,23950,12,2014,U,,,N,F,,C,2014_12_PA0561400_NIBRS,
6465378,17061,1,2014,U,,,N,F,,C,2014_01_PA0561700_NIBRS,
6487828,17061,2,2014,U,,,N,F,,C,2014_02_PA0561700_NIBRS,
6510278,17061,3,2014,U,,,N,F,,C,2014_03_PA0561700_NIBRS,
6532728,17061,4,2014,U,,,N,F,,C,2014_04_PA0561700_NIBRS,
6555178,17061,5,2014,U,,,N,F,,C,2014_05_PA0561700_NIBRS,
6577628,17061,6,2014,U,,,N,F,,C,2014_06_PA0561700_NIBRS,
6600078,17061,7,2014,U,,,N,F,,C,2014_07_PA0561700_NIBRS,
6622528,17061,8,2014,U,,,N,F,,C,2014_08_PA0561700_NIBRS,
6644978,17061,9,2014,U,,,N,F,,C,2014_09_PA0561700_NIBRS,
6667428,17061,10,2014,U,,,N,F,,C,2014_10_PA0561700_NIBRS,
6689878,17061,11,2014,U,,,N,F,,C,2014_11_PA0561700_NIBRS,
6712328,17061,12,2014,U,,,N,F,,C,2014_12_PA0561700_NIBRS,
6465379,17062,1,2014,U,,,N,F,,C,2014_01_PA0561800_NIBRS,
6487829,17062,2,2014,U,,,N,F,,C,2014_02_PA0561800_NIBRS,
6510279,17062,3,2014,U,,,N,F,,C,2014_03_PA0561800_NIBRS,
6532729,17062,4,2014,U,,,N,F,,C,2014_04_PA0561800_NIBRS,
6555179,17062,5,2014,U,,,N,F,,C,2014_05_PA0561800_NIBRS,
6577629,17062,6,2014,U,,,N,F,,C,2014_06_PA0561800_NIBRS,
6600079,17062,7,2014,U,,,N,F,,C,2014_07_PA0561800_NIBRS,
6622529,17062,8,2014,U,,,N,F,,C,2014_08_PA0561800_NIBRS,
6644979,17062,9,2014,U,,,N,F,,C,2014_09_PA0561800_NIBRS,
6667429,17062,10,2014,U,,,N,F,,C,2014_10_PA0561800_NIBRS,
6689879,17062,11,2014,U,,,N,F,,C,2014_11_PA0561800_NIBRS,
6712329,17062,12,2014,U,,,N,F,,C,2014_12_PA0561800_NIBRS,
6465380,17063,1,2014,U,,,N,F,,C,2014_01_PA0561900_NIBRS,
6487830,17063,2,2014,U,,,N,F,,C,2014_02_PA0561900_NIBRS,
6510280,17063,3,2014,U,,,N,F,,C,2014_03_PA0561900_NIBRS,
6532730,17063,4,2014,U,,,N,F,,C,2014_04_PA0561900_NIBRS,
6555180,17063,5,2014,U,,,N,F,,C,2014_05_PA0561900_NIBRS,
6577630,17063,6,2014,U,,,N,F,,C,2014_06_PA0561900_NIBRS,
6600080,17063,7,2014,U,,,N,F,,C,2014_07_PA0561900_NIBRS,
6622530,17063,8,2014,U,,,N,F,,C,2014_08_PA0561900_NIBRS,
6644980,17063,9,2014,U,,,N,F,,C,2014_09_PA0561900_NIBRS,
6667430,17063,10,2014,U,,,N,F,,C,2014_10_PA0561900_NIBRS,
6689880,17063,11,2014,U,,,N,F,,C,2014_11_PA0561900_NIBRS,
6712330,17063,12,2014,U,,,N,F,,C,2014_12_PA0561900_NIBRS,
6465292,16975,1,2014,U,,,N,F,,C,2014_01_PA052SP00_NIBRS,
6487742,16975,2,2014,U,,,N,F,,C,2014_02_PA052SP00_NIBRS,
6510192,16975,3,2014,U,,,N,F,,C,2014_03_PA052SP00_NIBRS,
6532642,16975,4,2014,U,,,N,F,,C,2014_04_PA052SP00_NIBRS,
6555092,16975,5,2014,U,,,N,F,,C,2014_05_PA052SP00_NIBRS,
6577542,16975,6,2014,U,,,N,F,,C,2014_06_PA052SP00_NIBRS,
6599992,16975,7,2014,U,,,N,F,,C,2014_07_PA052SP00_NIBRS,
6622442,16975,8,2014,U,,,N,F,,C,2014_08_PA052SP00_NIBRS,
6644892,16975,9,2014,U,,,N,F,,C,2014_09_PA052SP00_NIBRS,
6667342,16975,10,2014,U,,,N,F,,C,2014_10_PA052SP00_NIBRS,
6689792,16975,11,2014,U,,,N,F,,C,2014_11_PA052SP00_NIBRS,
6712242,16975,12,2014,U,,,N,F,,C,2014_12_PA052SP00_NIBRS,
6465293,16976,1,2014,U,,,N,F,,C,2014_01_PA0530000_NIBRS,
6487743,16976,2,2014,U,,,N,F,,C,2014_02_PA0530000_NIBRS,
6510193,16976,3,2014,U,,,N,F,,C,2014_03_PA0530000_NIBRS,
6532643,16976,4,2014,U,,,N,F,,C,2014_04_PA0530000_NIBRS,
6555093,16976,5,2014,U,,,N,F,,C,2014_05_PA0530000_NIBRS,
6577543,16976,6,2014,U,,,N,F,,C,2014_06_PA0530000_NIBRS,
6599993,16976,7,2014,U,,,N,F,,C,2014_07_PA0530000_NIBRS,
6622443,16976,8,2014,U,,,N,F,,C,2014_08_PA0530000_NIBRS,
6644893,16976,9,2014,U,,,N,F,,C,2014_09_PA0530000_NIBRS,
6667343,16976,10,2014,U,,,N,F,,C,2014_10_PA0530000_NIBRS,
6689793,16976,11,2014,U,,,N,F,,C,2014_11_PA0530000_NIBRS,
6712243,16976,12,2014,U,,,N,F,,C,2014_12_PA0530000_NIBRS,
6465294,16977,1,2014,U,,,N,F,,C,2014_01_PA0530100_NIBRS,
6487744,16977,2,2014,U,,,N,F,,C,2014_02_PA0530100_NIBRS,
6510194,16977,3,2014,U,,,N,F,,C,2014_03_PA0530100_NIBRS,
6532644,16977,4,2014,U,,,N,F,,C,2014_04_PA0530100_NIBRS,
6555094,16977,5,2014,U,,,N,F,,C,2014_05_PA0530100_NIBRS,
6577544,16977,6,2014,U,,,N,F,,C,2014_06_PA0530100_NIBRS,
6599994,16977,7,2014,U,,,N,F,,C,2014_07_PA0530100_NIBRS,
6622444,16977,8,2014,U,,,N,F,,C,2014_08_PA0530100_NIBRS,
6644894,16977,9,2014,U,,,N,F,,C,2014_09_PA0530100_NIBRS,
6667344,16977,10,2014,U,,,N,F,,C,2014_10_PA0530100_NIBRS,
6689794,16977,11,2014,U,,,N,F,,C,2014_11_PA0530100_NIBRS,
6712244,16977,12,2014,U,,,N,F,,C,2014_12_PA0530100_NIBRS,
6465295,16978,1,2014,U,,,N,F,,C,2014_01_PA0530200_NIBRS,
6487745,16978,2,2014,U,,,N,F,,C,2014_02_PA0530200_NIBRS,
6510195,16978,3,2014,U,,,N,F,,C,2014_03_PA0530200_NIBRS,
6532645,16978,4,2014,U,,,N,F,,C,2014_04_PA0530200_NIBRS,
6555095,16978,5,2014,U,,,N,F,,C,2014_05_PA0530200_NIBRS,
6577545,16978,6,2014,U,,,N,F,,C,2014_06_PA0530200_NIBRS,
6599995,16978,7,2014,U,,,N,F,,C,2014_07_PA0530200_NIBRS,
6622445,16978,8,2014,U,,,N,F,,C,2014_08_PA0530200_NIBRS,
6644895,16978,9,2014,U,,,N,F,,C,2014_09_PA0530200_NIBRS,
6667345,16978,10,2014,U,,,N,F,,C,2014_10_PA0530200_NIBRS,
6689795,16978,11,2014,U,,,N,F,,C,2014_11_PA0530200_NIBRS,
6712245,16978,12,2014,U,,,N,F,,C,2014_12_PA0530200_NIBRS,
6465296,16979,1,2014,U,,,N,F,,C,2014_01_PA0530300_NIBRS,
6487746,16979,2,2014,U,,,N,F,,C,2014_02_PA0530300_NIBRS,
6510196,16979,3,2014,U,,,N,F,,C,2014_03_PA0530300_NIBRS,
6532646,16979,4,2014,U,,,N,F,,C,2014_04_PA0530300_NIBRS,
6555096,16979,5,2014,U,,,N,F,,C,2014_05_PA0530300_NIBRS,
6577546,16979,6,2014,U,,,N,F,,C,2014_06_PA0530300_NIBRS,
6599996,16979,7,2014,U,,,N,F,,C,2014_07_PA0530300_NIBRS,
6622446,16979,8,2014,U,,,N,F,,C,2014_08_PA0530300_NIBRS,
6644896,16979,9,2014,U,,,N,F,,C,2014_09_PA0530300_NIBRS,
6667346,16979,10,2014,U,,,N,F,,C,2014_10_PA0530300_NIBRS,
6689796,16979,11,2014,U,,,N,F,,C,2014_11_PA0530300_NIBRS,
6712246,16979,12,2014,U,,,N,F,,C,2014_12_PA0530300_NIBRS,
6465297,16980,1,2014,U,,,N,F,,C,2014_01_PA0530400_NIBRS,
6487747,16980,2,2014,U,,,N,F,,C,2014_02_PA0530400_NIBRS,
6510197,16980,3,2014,U,,,N,F,,C,2014_03_PA0530400_NIBRS,
6532647,16980,4,2014,U,,,N,F,,C,2014_04_PA0530400_NIBRS,
6555097,16980,5,2014,U,,,N,F,,C,2014_05_PA0530400_NIBRS,
6577547,16980,6,2014,U,,,N,F,,C,2014_06_PA0530400_NIBRS,
6599997,16980,7,2014,U,,,N,F,,C,2014_07_PA0530400_NIBRS,
6622447,16980,8,2014,U,,,N,F,,C,2014_08_PA0530400_NIBRS,
6644897,16980,9,2014,U,,,N,F,,C,2014_09_PA0530400_NIBRS,
6667347,16980,10,2014,U,,,N,F,,C,2014_10_PA0530400_NIBRS,
6689797,16980,11,2014,U,,,N,F,,C,2014_11_PA0530400_NIBRS,
6712247,16980,12,2014,U,,,N,F,,C,2014_12_PA0530400_NIBRS,
6465298,16981,1,2014,U,,,N,F,,C,2014_01_PA0530600_NIBRS,
6487748,16981,2,2014,U,,,N,F,,C,2014_02_PA0530600_NIBRS,
6510198,16981,3,2014,U,,,N,F,,C,2014_03_PA0530600_NIBRS,
6532648,16981,4,2014,U,,,N,F,,C,2014_04_PA0530600_NIBRS,
6555098,16981,5,2014,U,,,N,F,,C,2014_05_PA0530600_NIBRS,
6577548,16981,6,2014,U,,,N,F,,C,2014_06_PA0530600_NIBRS,
6599998,16981,7,2014,U,,,N,F,,C,2014_07_PA0530600_NIBRS,
6622448,16981,8,2014,U,,,N,F,,C,2014_08_PA0530600_NIBRS,
6644898,16981,9,2014,U,,,N,F,,C,2014_09_PA0530600_NIBRS,
6667348,16981,10,2014,U,,,N,F,,C,2014_10_PA0530600_NIBRS,
6689798,16981,11,2014,U,,,N,F,,C,2014_11_PA0530600_NIBRS,
6712248,16981,12,2014,U,,,N,F,,C,2014_12_PA0530600_NIBRS,
6465299,16982,1,2014,U,,,N,F,,C,2014_01_PA0531300_NIBRS,
6487749,16982,2,2014,U,,,N,F,,C,2014_02_PA0531300_NIBRS,
6510199,16982,3,2014,U,,,N,F,,C,2014_03_PA0531300_NIBRS,
6532649,16982,4,2014,U,,,N,F,,C,2014_04_PA0531300_NIBRS,
6555099,16982,5,2014,U,,,N,F,,C,2014_05_PA0531300_NIBRS,
6577549,16982,6,2014,U,,,N,F,,C,2014_06_PA0531300_NIBRS,
6599999,16982,7,2014,U,,,N,F,,C,2014_07_PA0531300_NIBRS,
6622449,16982,8,2014,U,,,N,F,,C,2014_08_PA0531300_NIBRS,
6644899,16982,9,2014,U,,,N,F,,C,2014_09_PA0531300_NIBRS,
6667349,16982,10,2014,U,,,N,F,,C,2014_10_PA0531300_NIBRS,
6689799,16982,11,2014,U,,,N,F,,C,2014_11_PA0531300_NIBRS,
6712249,16982,12,2014,U,,,N,F,,C,2014_12_PA0531300_NIBRS,
6465300,16983,1,2014,U,,,N,F,,C,2014_01_PA053BF00_NIBRS,
6487750,16983,2,2014,U,,,N,F,,C,2014_02_PA053BF00_NIBRS,
6510200,16983,3,2014,U,,,N,F,,C,2014_03_PA053BF00_NIBRS,
6532650,16983,4,2014,U,,,N,F,,C,2014_04_PA053BF00_NIBRS,
6555100,16983,5,2014,U,,,N,F,,C,2014_05_PA053BF00_NIBRS,
6577550,16983,6,2014,U,,,N,F,,C,2014_06_PA053BF00_NIBRS,
6600000,16983,7,2014,U,,,N,F,,C,2014_07_PA053BF00_NIBRS,
6622450,16983,8,2014,U,,,N,F,,C,2014_08_PA053BF00_NIBRS,
6644900,16983,9,2014,U,,,N,F,,C,2014_09_PA053BF00_NIBRS,
6667350,16983,10,2014,U,,,N,F,,C,2014_10_PA053BF00_NIBRS,
6689800,16983,11,2014,U,,,N,F,,C,2014_11_PA053BF00_NIBRS,
6712250,16983,12,2014,U,,,N,F,,C,2014_12_PA053BF00_NIBRS,
6465383,17066,1,2014,U,,,N,F,,C,2014_01_PA0562500_NIBRS,
6487833,17066,2,2014,U,,,N,F,,C,2014_02_PA0562500_NIBRS,
6510283,17066,3,2014,U,,,N,F,,C,2014_03_PA0562500_NIBRS,
6532733,17066,4,2014,U,,,N,F,,C,2014_04_PA0562500_NIBRS,
6555183,17066,5,2014,U,,,N,F,,C,2014_05_PA0562500_NIBRS,
6577633,17066,6,2014,U,,,N,F,,C,2014_06_PA0562500_NIBRS,
6600083,17066,7,2014,U,,,N,F,,C,2014_07_PA0562500_NIBRS,
6622533,17066,8,2014,U,,,N,F,,C,2014_08_PA0562500_NIBRS,
6644983,17066,9,2014,U,,,N,F,,C,2014_09_PA0562500_NIBRS,
6667433,17066,10,2014,U,,,N,F,,C,2014_10_PA0562500_NIBRS,
6689883,17066,11,2014,U,,,N,F,,C,2014_11_PA0562500_NIBRS,
6712333,17066,12,2014,U,,,N,F,,C,2014_12_PA0562500_NIBRS,
6465384,17067,1,2014,U,,,N,F,,C,2014_01_PA0562600_NIBRS,
6487834,17067,2,2014,U,,,N,F,,C,2014_02_PA0562600_NIBRS,
6510284,17067,3,2014,U,,,N,F,,C,2014_03_PA0562600_NIBRS,
6532734,17067,4,2014,U,,,N,F,,C,2014_04_PA0562600_NIBRS,
6555184,17067,5,2014,U,,,N,F,,C,2014_05_PA0562600_NIBRS,
6577634,17067,6,2014,U,,,N,F,,C,2014_06_PA0562600_NIBRS,
6600084,17067,7,2014,U,,,N,F,,C,2014_07_PA0562600_NIBRS,
6622534,17067,8,2014,U,,,N,F,,C,2014_08_PA0562600_NIBRS,
6644984,17067,9,2014,U,,,N,F,,C,2014_09_PA0562600_NIBRS,
6667434,17067,10,2014,U,,,N,F,,C,2014_10_PA0562600_NIBRS,
6689884,17067,11,2014,U,,,N,F,,C,2014_11_PA0562600_NIBRS,
6712334,17067,12,2014,U,,,N,F,,C,2014_12_PA0562600_NIBRS,
6470431,23227,1,2014,U,,,N,F,,C,2014_01_PA0562700_NIBRS,
6492881,23227,2,2014,U,,,N,F,,C,2014_02_PA0562700_NIBRS,
6515331,23227,3,2014,U,,,N,F,,C,2014_03_PA0562700_NIBRS,
6537781,23227,4,2014,U,,,N,F,,C,2014_04_PA0562700_NIBRS,
6560231,23227,5,2014,U,,,N,F,,C,2014_05_PA0562700_NIBRS,
6582681,23227,6,2014,U,,,N,F,,C,2014_06_PA0562700_NIBRS,
6605131,23227,7,2014,U,,,N,F,,C,2014_07_PA0562700_NIBRS,
6627581,23227,8,2014,U,,,N,F,,C,2014_08_PA0562700_NIBRS,
6650031,23227,9,2014,U,,,N,F,,C,2014_09_PA0562700_NIBRS,
6672481,23227,10,2014,U,,,N,F,,C,2014_10_PA0562700_NIBRS,
6694931,23227,11,2014,U,,,N,F,,C,2014_11_PA0562700_NIBRS,
6717381,23227,12,2014,U,,,N,F,,C,2014_12_PA0562700_NIBRS,
6470480,23276,1,2014,U,,,N,F,,C,2014_01_PA0562800_NIBRS,
6492930,23276,2,2014,U,,,N,F,,C,2014_02_PA0562800_NIBRS,
6515380,23276,3,2014,U,,,N,F,,C,2014_03_PA0562800_NIBRS,
6537830,23276,4,2014,U,,,N,F,,C,2014_04_PA0562800_NIBRS,
6560280,23276,5,2014,U,,,N,F,,C,2014_05_PA0562800_NIBRS,
6582730,23276,6,2014,U,,,N,F,,C,2014_06_PA0562800_NIBRS,
6605180,23276,7,2014,U,,,N,F,,C,2014_07_PA0562800_NIBRS,
6627630,23276,8,2014,U,,,N,F,,C,2014_08_PA0562800_NIBRS,
6650080,23276,9,2014,U,,,N,F,,C,2014_09_PA0562800_NIBRS,
6672530,23276,10,2014,U,,,N,F,,C,2014_10_PA0562800_NIBRS,
6694980,23276,11,2014,U,,,N,F,,C,2014_11_PA0562800_NIBRS,
6717430,23276,12,2014,U,,,N,F,,C,2014_12_PA0562800_NIBRS,
6465553,17236,1,2014,U,,,N,F,,C,2014_01_PA0653700_NIBRS,
6488003,17236,2,2014,U,,,N,F,,C,2014_02_PA0653700_NIBRS,
6510453,17236,3,2014,U,,,N,F,,C,2014_03_PA0653700_NIBRS,
6532903,17236,4,2014,U,,,N,F,,C,2014_04_PA0653700_NIBRS,
6555353,17236,5,2014,U,,,N,F,,C,2014_05_PA0653700_NIBRS,
6577803,17236,6,2014,U,,,N,F,,C,2014_06_PA0653700_NIBRS,
6600253,17236,7,2014,U,,,N,F,,C,2014_07_PA0653700_NIBRS,
6622703,17236,8,2014,U,,,N,F,,C,2014_08_PA0653700_NIBRS,
6645153,17236,9,2014,U,,,N,F,,C,2014_09_PA0653700_NIBRS,
6667603,17236,10,2014,U,,,N,F,,C,2014_10_PA0653700_NIBRS,
6690053,17236,11,2014,U,,,N,F,,C,2014_11_PA0653700_NIBRS,
6712503,17236,12,2014,U,,,N,F,,C,2014_12_PA0653700_NIBRS,
6465554,17237,1,2014,U,,,N,F,,C,2014_01_PA0653800_NIBRS,
6488004,17237,2,2014,U,,,N,F,,C,2014_02_PA0653800_NIBRS,
6510454,17237,3,2014,U,,,N,F,,C,2014_03_PA0653800_NIBRS,
6532904,17237,4,2014,U,,,N,F,,C,2014_04_PA0653800_NIBRS,
6555354,17237,5,2014,U,,,N,F,,C,2014_05_PA0653800_NIBRS,
6577804,17237,6,2014,U,,,N,F,,C,2014_06_PA0653800_NIBRS,
6600254,17237,7,2014,U,,,N,F,,C,2014_07_PA0653800_NIBRS,
6622704,17237,8,2014,U,,,N,F,,C,2014_08_PA0653800_NIBRS,
6645154,17237,9,2014,U,,,N,F,,C,2014_09_PA0653800_NIBRS,
6667604,17237,10,2014,U,,,N,F,,C,2014_10_PA0653800_NIBRS,
6690054,17237,11,2014,U,,,N,F,,C,2014_11_PA0653800_NIBRS,
6712504,17237,12,2014,U,,,N,F,,C,2014_12_PA0653800_NIBRS,
6465555,17238,1,2014,U,,,N,F,,C,2014_01_PA0653900_NIBRS,
6488005,17238,2,2014,U,,,N,F,,C,2014_02_PA0653900_NIBRS,
6510455,17238,3,2014,U,,,N,F,,C,2014_03_PA0653900_NIBRS,
6532905,17238,4,2014,U,,,N,F,,C,2014_04_PA0653900_NIBRS,
6555355,17238,5,2014,U,,,N,F,,C,2014_05_PA0653900_NIBRS,
6577805,17238,6,2014,U,,,N,F,,C,2014_06_PA0653900_NIBRS,
6600255,17238,7,2014,U,,,N,F,,C,2014_07_PA0653900_NIBRS,
6622705,17238,8,2014,U,,,N,F,,C,2014_08_PA0653900_NIBRS,
6645155,17238,9,2014,U,,,N,F,,C,2014_09_PA0653900_NIBRS,
6667605,17238,10,2014,U,,,N,F,,C,2014_10_PA0653900_NIBRS,
6690055,17238,11,2014,U,,,N,F,,C,2014_11_PA0653900_NIBRS,
6712505,17238,12,2014,U,,,N,F,,C,2014_12_PA0653900_NIBRS,
6465556,17239,1,2014,U,,,N,F,,C,2014_01_PA0654000_NIBRS,
6488006,17239,2,2014,U,,,N,F,,C,2014_02_PA0654000_NIBRS,
6510456,17239,3,2014,U,,,N,F,,C,2014_03_PA0654000_NIBRS,
6532906,17239,4,2014,U,,,N,F,,C,2014_04_PA0654000_NIBRS,
6555356,17239,5,2014,U,,,N,F,,C,2014_05_PA0654000_NIBRS,
6577806,17239,6,2014,U,,,N,F,,C,2014_06_PA0654000_NIBRS,
6600256,17239,7,2014,U,,,N,F,,C,2014_07_PA0654000_NIBRS,
6622706,17239,8,2014,U,,,N,F,,C,2014_08_PA0654000_NIBRS,
6645156,17239,9,2014,U,,,N,F,,C,2014_09_PA0654000_NIBRS,
6667606,17239,10,2014,U,,,N,F,,C,2014_10_PA0654000_NIBRS,
6690056,17239,11,2014,U,,,N,F,,C,2014_11_PA0654000_NIBRS,
6712506,17239,12,2014,U,,,N,F,,C,2014_12_PA0654000_NIBRS,
6470508,23304,1,2014,U,,,N,F,,C,2014_01_PA0654200_NIBRS,
6492958,23304,2,2014,U,,,N,F,,C,2014_02_PA0654200_NIBRS,
6515408,23304,3,2014,U,,,N,F,,C,2014_03_PA0654200_NIBRS,
6537858,23304,4,2014,U,,,N,F,,C,2014_04_PA0654200_NIBRS,
6560308,23304,5,2014,U,,,N,F,,C,2014_05_PA0654200_NIBRS,
6582758,23304,6,2014,U,,,N,F,,C,2014_06_PA0654200_NIBRS,
6605208,23304,7,2014,U,,,N,F,,C,2014_07_PA0654200_NIBRS,
6627658,23304,8,2014,U,,,N,F,,C,2014_08_PA0654200_NIBRS,
6650108,23304,9,2014,U,,,N,F,,C,2014_09_PA0654200_NIBRS,
6672558,23304,10,2014,U,,,N,F,,C,2014_10_PA0654200_NIBRS,
6695008,23304,11,2014,U,,,N,F,,C,2014_11_PA0654200_NIBRS,
6717458,23304,12,2014,U,,,N,F,,C,2014_12_PA0654200_NIBRS,
6465284,16967,1,2014,U,,,N,F,,C,2014_01_PA0520100_NIBRS,
6487734,16967,2,2014,U,,,N,F,,C,2014_02_PA0520100_NIBRS,
6510184,16967,3,2014,U,,,N,F,,C,2014_03_PA0520100_NIBRS,
6532634,16967,4,2014,U,,,N,F,,C,2014_04_PA0520100_NIBRS,
6555084,16967,5,2014,U,,,N,F,,C,2014_05_PA0520100_NIBRS,
6577534,16967,6,2014,U,,,N,F,,C,2014_06_PA0520100_NIBRS,
6599984,16967,7,2014,U,,,N,F,,C,2014_07_PA0520100_NIBRS,
6622434,16967,8,2014,U,,,N,F,,C,2014_08_PA0520100_NIBRS,
6644884,16967,9,2014,U,,,N,F,,C,2014_09_PA0520100_NIBRS,
6667334,16967,10,2014,U,,,N,F,,C,2014_10_PA0520100_NIBRS,
6689784,16967,11,2014,U,,,N,F,,C,2014_11_PA0520100_NIBRS,
6712234,16967,12,2014,U,,,N,F,,C,2014_12_PA0520100_NIBRS,
6465285,16968,1,2014,U,,,N,F,,C,2014_01_PA0520200_NIBRS,
6487735,16968,2,2014,U,,,N,F,,C,2014_02_PA0520200_NIBRS,
6510185,16968,3,2014,U,,,N,F,,C,2014_03_PA0520200_NIBRS,
6532635,16968,4,2014,U,,,N,F,,C,2014_04_PA0520200_NIBRS,
6555085,16968,5,2014,U,,,N,F,,C,2014_05_PA0520200_NIBRS,
6577535,16968,6,2014,U,,,N,F,,C,2014_06_PA0520200_NIBRS,
6599985,16968,7,2014,U,,,N,F,,C,2014_07_PA0520200_NIBRS,
6622435,16968,8,2014,U,,,N,F,,C,2014_08_PA0520200_NIBRS,
6644885,16968,9,2014,U,,,N,F,,C,2014_09_PA0520200_NIBRS,
6667335,16968,10,2014,U,,,N,F,,C,2014_10_PA0520200_NIBRS,
6689785,16968,11,2014,U,,,N,F,,C,2014_11_PA0520200_NIBRS,
6712235,16968,12,2014,U,,,N,F,,C,2014_12_PA0520200_NIBRS,
6465286,16969,1,2014,U,,,N,F,,C,2014_01_PA0520300_NIBRS,
6487736,16969,2,2014,U,,,N,F,,C,2014_02_PA0520300_NIBRS,
6510186,16969,3,2014,U,,,N,F,,C,2014_03_PA0520300_NIBRS,
6532636,16969,4,2014,U,,,N,F,,C,2014_04_PA0520300_NIBRS,
6555086,16969,5,2014,U,,,N,F,,C,2014_05_PA0520300_NIBRS,
6577536,16969,6,2014,U,,,N,F,,C,2014_06_PA0520300_NIBRS,
6599986,16969,7,2014,U,,,N,F,,C,2014_07_PA0520300_NIBRS,
6622436,16969,8,2014,U,,,N,F,,C,2014_08_PA0520300_NIBRS,
6644886,16969,9,2014,U,,,N,F,,C,2014_09_PA0520300_NIBRS,
6667336,16969,10,2014,U,,,N,F,,C,2014_10_PA0520300_NIBRS,
6689786,16969,11,2014,U,,,N,F,,C,2014_11_PA0520300_NIBRS,
6712236,16969,12,2014,U,,,N,F,,C,2014_12_PA0520300_NIBRS,
6465287,16970,1,2014,U,,,N,F,,C,2014_01_PA0520400_NIBRS,
6487737,16970,2,2014,U,,,N,F,,C,2014_02_PA0520400_NIBRS,
6510187,16970,3,2014,U,,,N,F,,C,2014_03_PA0520400_NIBRS,
6532637,16970,4,2014,U,,,N,F,,C,2014_04_PA0520400_NIBRS,
6555087,16970,5,2014,U,,,N,F,,C,2014_05_PA0520400_NIBRS,
6577537,16970,6,2014,U,,,N,F,,C,2014_06_PA0520400_NIBRS,
6599987,16970,7,2014,U,,,N,F,,C,2014_07_PA0520400_NIBRS,
6622437,16970,8,2014,U,,,N,F,,C,2014_08_PA0520400_NIBRS,
6644887,16970,9,2014,U,,,N,F,,C,2014_09_PA0520400_NIBRS,
6667337,16970,10,2014,U,,,N,F,,C,2014_10_PA0520400_NIBRS,
6689787,16970,11,2014,U,,,N,F,,C,2014_11_PA0520400_NIBRS,
6712237,16970,12,2014,U,,,N,F,,C,2014_12_PA0520400_NIBRS,
6465288,16971,1,2014,U,,,N,F,,C,2014_01_PA0520500_NIBRS,
6487738,16971,2,2014,U,,,N,F,,C,2014_02_PA0520500_NIBRS,
6510188,16971,3,2014,U,,,N,F,,C,2014_03_PA0520500_NIBRS,
6532638,16971,4,2014,U,,,N,F,,C,2014_04_PA0520500_NIBRS,
6555088,16971,5,2014,U,,,N,F,,C,2014_05_PA0520500_NIBRS,
6577538,16971,6,2014,U,,,N,F,,C,2014_06_PA0520500_NIBRS,
6599988,16971,7,2014,U,,,N,F,,C,2014_07_PA0520500_NIBRS,
6622438,16971,8,2014,U,,,N,F,,C,2014_08_PA0520500_NIBRS,
6644888,16971,9,2014,U,,,N,F,,C,2014_09_PA0520500_NIBRS,
6667338,16971,10,2014,U,,,N,F,,C,2014_10_PA0520500_NIBRS,
6689788,16971,11,2014,U,,,N,F,,C,2014_11_PA0520500_NIBRS,
6712238,16971,12,2014,U,,,N,F,,C,2014_12_PA0520500_NIBRS,
6465289,16972,1,2014,U,,,N,F,,C,2014_01_PA0520600_NIBRS,
6487739,16972,2,2014,U,,,N,F,,C,2014_02_PA0520600_NIBRS,
6510189,16972,3,2014,U,,,N,F,,C,2014_03_PA0520600_NIBRS,
6532639,16972,4,2014,U,,,N,F,,C,2014_04_PA0520600_NIBRS,
6555089,16972,5,2014,U,,,N,F,,C,2014_05_PA0520600_NIBRS,
6577539,16972,6,2014,U,,,N,F,,C,2014_06_PA0520600_NIBRS,
6599989,16972,7,2014,U,,,N,F,,C,2014_07_PA0520600_NIBRS,
6622439,16972,8,2014,U,,,N,F,,C,2014_08_PA0520600_NIBRS,
6644889,16972,9,2014,U,,,N,F,,C,2014_09_PA0520600_NIBRS,
6667339,16972,10,2014,U,,,N,F,,C,2014_10_PA0520600_NIBRS,
6689789,16972,11,2014,U,,,N,F,,C,2014_11_PA0520600_NIBRS,
6712239,16972,12,2014,U,,,N,F,,C,2014_12_PA0520600_NIBRS,
6465290,16973,1,2014,U,,,N,F,,C,2014_01_PA052BF00_NIBRS,
6487740,16973,2,2014,U,,,N,F,,C,2014_02_PA052BF00_NIBRS,
6510190,16973,3,2014,U,,,N,F,,C,2014_03_PA052BF00_NIBRS,
6532640,16973,4,2014,U,,,N,F,,C,2014_04_PA052BF00_NIBRS,
6555090,16973,5,2014,U,,,N,F,,C,2014_05_PA052BF00_NIBRS,
6577540,16973,6,2014,U,,,N,F,,C,2014_06_PA052BF00_NIBRS,
6599990,16973,7,2014,U,,,N,F,,C,2014_07_PA052BF00_NIBRS,
6622440,16973,8,2014,U,,,N,F,,C,2014_08_PA052BF00_NIBRS,
6644890,16973,9,2014,U,,,N,F,,C,2014_09_PA052BF00_NIBRS,
6667340,16973,10,2014,U,,,N,F,,C,2014_10_PA052BF00_NIBRS,
6689790,16973,11,2014,U,,,N,F,,C,2014_11_PA052BF00_NIBRS,
6712240,16973,12,2014,U,,,N,F,,C,2014_12_PA052BF00_NIBRS,
6465165,16848,1,2014,U,,,N,F,,C,2014_01_PA0461900_NIBRS,
6487615,16848,2,2014,U,,,N,F,,C,2014_02_PA0461900_NIBRS,
6510065,16848,3,2014,U,,,N,F,,C,2014_03_PA0461900_NIBRS,
6532515,16848,4,2014,U,,,N,F,,C,2014_04_PA0461900_NIBRS,
6554965,16848,5,2014,U,,,N,F,,C,2014_05_PA0461900_NIBRS,
6577415,16848,6,2014,U,,,N,F,,C,2014_06_PA0461900_NIBRS,
6599865,16848,7,2014,U,,,N,F,,C,2014_07_PA0461900_NIBRS,
6622315,16848,8,2014,U,,,N,F,,C,2014_08_PA0461900_NIBRS,
6644765,16848,9,2014,U,,,N,F,,C,2014_09_PA0461900_NIBRS,
6667215,16848,10,2014,U,,,N,F,,C,2014_10_PA0461900_NIBRS,
6689665,16848,11,2014,U,,,N,F,,C,2014_11_PA0461900_NIBRS,
6712115,16848,12,2014,U,,,N,F,,C,2014_12_PA0461900_NIBRS,
6465166,16849,1,2014,U,,,N,F,,C,2014_01_PA0462000_NIBRS,
6487616,16849,2,2014,U,,,N,F,,C,2014_02_PA0462000_NIBRS,
6510066,16849,3,2014,U,,,N,F,,C,2014_03_PA0462000_NIBRS,
6532516,16849,4,2014,U,,,N,F,,C,2014_04_PA0462000_NIBRS,
6554966,16849,5,2014,U,,,N,F,,C,2014_05_PA0462000_NIBRS,
6577416,16849,6,2014,U,,,N,F,,C,2014_06_PA0462000_NIBRS,
6599866,16849,7,2014,U,,,N,F,,C,2014_07_PA0462000_NIBRS,
6622316,16849,8,2014,U,,,N,F,,C,2014_08_PA0462000_NIBRS,
6644766,16849,9,2014,U,,,N,F,,C,2014_09_PA0462000_NIBRS,
6667216,16849,10,2014,U,,,N,F,,C,2014_10_PA0462000_NIBRS,
6689666,16849,11,2014,U,,,N,F,,C,2014_11_PA0462000_NIBRS,
6712116,16849,12,2014,U,,,N,F,,C,2014_12_PA0462000_NIBRS,
6465167,16850,1,2014,U,,,N,F,,C,2014_01_PA0462100_NIBRS,
6487617,16850,2,2014,U,,,N,F,,C,2014_02_PA0462100_NIBRS,
6510067,16850,3,2014,U,,,N,F,,C,2014_03_PA0462100_NIBRS,
6532517,16850,4,2014,U,,,N,F,,C,2014_04_PA0462100_NIBRS,
6554967,16850,5,2014,U,,,N,F,,C,2014_05_PA0462100_NIBRS,
6577417,16850,6,2014,U,,,N,F,,C,2014_06_PA0462100_NIBRS,
6599867,16850,7,2014,U,,,N,F,,C,2014_07_PA0462100_NIBRS,
6622317,16850,8,2014,U,,,N,F,,C,2014_08_PA0462100_NIBRS,
6644767,16850,9,2014,U,,,N,F,,C,2014_09_PA0462100_NIBRS,
6667217,16850,10,2014,U,,,N,F,,C,2014_10_PA0462100_NIBRS,
6689667,16850,11,2014,U,,,N,F,,C,2014_11_PA0462100_NIBRS,
6712117,16850,12,2014,U,,,N,F,,C,2014_12_PA0462100_NIBRS,
6465168,16851,1,2014,U,,,N,F,,C,2014_01_PA0462200_NIBRS,
6487618,16851,2,2014,U,,,N,F,,C,2014_02_PA0462200_NIBRS,
6510068,16851,3,2014,U,,,N,F,,C,2014_03_PA0462200_NIBRS,
6532518,16851,4,2014,U,,,N,F,,C,2014_04_PA0462200_NIBRS,
6554968,16851,5,2014,U,,,N,F,,C,2014_05_PA0462200_NIBRS,
6577418,16851,6,2014,U,,,N,F,,C,2014_06_PA0462200_NIBRS,
6599868,16851,7,2014,U,,,N,F,,C,2014_07_PA0462200_NIBRS,
6622318,16851,8,2014,U,,,N,F,,C,2014_08_PA0462200_NIBRS,
6644768,16851,9,2014,U,,,N,F,,C,2014_09_PA0462200_NIBRS,
6667218,16851,10,2014,U,,,N,F,,C,2014_10_PA0462200_NIBRS,
6689668,16851,11,2014,U,,,N,F,,C,2014_11_PA0462200_NIBRS,
6712118,16851,12,2014,U,,,N,F,,C,2014_12_PA0462200_NIBRS,
6465641,17324,1,2014,U,,,N,F,,C,2014_01_PA17BCI0X_NIBRS,
6488091,17324,2,2014,U,,,N,F,,C,2014_02_PA17BCI0X_NIBRS,
6510541,17324,3,2014,U,,,N,F,,C,2014_03_PA17BCI0X_NIBRS,
6532991,17324,4,2014,U,,,N,F,,C,2014_04_PA17BCI0X_NIBRS,
6555441,17324,5,2014,U,,,N,F,,C,2014_05_PA17BCI0X_NIBRS,
6577891,17324,6,2014,U,,,N,F,,C,2014_06_PA17BCI0X_NIBRS,
6600341,17324,7,2014,U,,,N,F,,C,2014_07_PA17BCI0X_NIBRS,
6622791,17324,8,2014,U,,,N,F,,C,2014_08_PA17BCI0X_NIBRS,
6645241,17324,9,2014,U,,,N,F,,C,2014_09_PA17BCI0X_NIBRS,
6667691,17324,10,2014,U,,,N,F,,C,2014_10_PA17BCI0X_NIBRS,
6690141,17324,11,2014,U,,,N,F,,C,2014_11_PA17BCI0X_NIBRS,
6712591,17324,12,2014,U,,,N,F,,C,2014_12_PA17BCI0X_NIBRS,
6465642,17325,1,2014,U,,,N,F,,C,2014_01_PA18BCI0X_NIBRS,
6488092,17325,2,2014,U,,,N,F,,C,2014_02_PA18BCI0X_NIBRS,
6510542,17325,3,2014,U,,,N,F,,C,2014_03_PA18BCI0X_NIBRS,
6532992,17325,4,2014,U,,,N,F,,C,2014_04_PA18BCI0X_NIBRS,
6555442,17325,5,2014,U,,,N,F,,C,2014_05_PA18BCI0X_NIBRS,
6577892,17325,6,2014,U,,,N,F,,C,2014_06_PA18BCI0X_NIBRS,
6600342,17325,7,2014,U,,,N,F,,C,2014_07_PA18BCI0X_NIBRS,
6622792,17325,8,2014,U,,,N,F,,C,2014_08_PA18BCI0X_NIBRS,
6645242,17325,9,2014,U,,,N,F,,C,2014_09_PA18BCI0X_NIBRS,
6667692,17325,10,2014,U,,,N,F,,C,2014_10_PA18BCI0X_NIBRS,
6690142,17325,11,2014,U,,,N,F,,C,2014_11_PA18BCI0X_NIBRS,
6712592,17325,12,2014,U,,,N,F,,C,2014_12_PA18BCI0X_NIBRS,
6465643,17326,1,2014,U,,,N,F,,C,2014_01_PA19BCI0X_NIBRS,
6488093,17326,2,2014,U,,,N,F,,C,2014_02_PA19BCI0X_NIBRS,
6510543,17326,3,2014,U,,,N,F,,C,2014_03_PA19BCI0X_NIBRS,
6532993,17326,4,2014,U,,,N,F,,C,2014_04_PA19BCI0X_NIBRS,
6555443,17326,5,2014,U,,,N,F,,C,2014_05_PA19BCI0X_NIBRS,
6577893,17326,6,2014,U,,,N,F,,C,2014_06_PA19BCI0X_NIBRS,
6600343,17326,7,2014,U,,,N,F,,C,2014_07_PA19BCI0X_NIBRS,
6622793,17326,8,2014,U,,,N,F,,C,2014_08_PA19BCI0X_NIBRS,
6645243,17326,9,2014,U,,,N,F,,C,2014_09_PA19BCI0X_NIBRS,
6667693,17326,10,2014,U,,,N,F,,C,2014_10_PA19BCI0X_NIBRS,
6690143,17326,11,2014,U,,,N,F,,C,2014_11_PA19BCI0X_NIBRS,
6712593,17326,12,2014,U,,,N,F,,C,2014_12_PA19BCI0X_NIBRS,
6465644,17327,1,2014,U,,,N,F,,C,2014_01_PA20BCI0X_NIBRS,
6488094,17327,2,2014,U,,,N,F,,C,2014_02_PA20BCI0X_NIBRS,
6510544,17327,3,2014,U,,,N,F,,C,2014_03_PA20BCI0X_NIBRS,
6532994,17327,4,2014,U,,,N,F,,C,2014_04_PA20BCI0X_NIBRS,
6555444,17327,5,2014,U,,,N,F,,C,2014_05_PA20BCI0X_NIBRS,
6577894,17327,6,2014,U,,,N,F,,C,2014_06_PA20BCI0X_NIBRS,
6600344,17327,7,2014,U,,,N,F,,C,2014_07_PA20BCI0X_NIBRS,
6622794,17327,8,2014,U,,,N,F,,C,2014_08_PA20BCI0X_NIBRS,
6645244,17327,9,2014,U,,,N,F,,C,2014_09_PA20BCI0X_NIBRS,
6667694,17327,10,2014,U,,,N,F,,C,2014_10_PA20BCI0X_NIBRS,
6690144,17327,11,2014,U,,,N,F,,C,2014_11_PA20BCI0X_NIBRS,
6712594,17327,12,2014,U,,,N,F,,C,2014_12_PA20BCI0X_NIBRS,
6465645,17328,1,2014,U,,,N,F,,C,2014_01_PA21BCI0X_NIBRS,
6488095,17328,2,2014,U,,,N,F,,C,2014_02_PA21BCI0X_NIBRS,
6510545,17328,3,2014,U,,,N,F,,C,2014_03_PA21BCI0X_NIBRS,
6532995,17328,4,2014,U,,,N,F,,C,2014_04_PA21BCI0X_NIBRS,
6555445,17328,5,2014,U,,,N,F,,C,2014_05_PA21BCI0X_NIBRS,
6577895,17328,6,2014,U,,,N,F,,C,2014_06_PA21BCI0X_NIBRS,
6600345,17328,7,2014,U,,,N,F,,C,2014_07_PA21BCI0X_NIBRS,
6622795,17328,8,2014,U,,,N,F,,C,2014_08_PA21BCI0X_NIBRS,
6645245,17328,9,2014,U,,,N,F,,C,2014_09_PA21BCI0X_NIBRS,
6667695,17328,10,2014,U,,,N,F,,C,2014_10_PA21BCI0X_NIBRS,
6690145,17328,11,2014,U,,,N,F,,C,2014_11_PA21BCI0X_NIBRS,
6712595,17328,12,2014,U,,,N,F,,C,2014_12_PA21BCI0X_NIBRS,
6465646,17329,1,2014,U,,,N,F,,C,2014_01_PA22BCI0X_NIBRS,
6488096,17329,2,2014,U,,,N,F,,C,2014_02_PA22BCI0X_NIBRS,
6510546,17329,3,2014,U,,,N,F,,C,2014_03_PA22BCI0X_NIBRS,
6532996,17329,4,2014,U,,,N,F,,C,2014_04_PA22BCI0X_NIBRS,
6555446,17329,5,2014,U,,,N,F,,C,2014_05_PA22BCI0X_NIBRS,
6577896,17329,6,2014,U,,,N,F,,C,2014_06_PA22BCI0X_NIBRS,
6600346,17329,7,2014,U,,,N,F,,C,2014_07_PA22BCI0X_NIBRS,
6622796,17329,8,2014,U,,,N,F,,C,2014_08_PA22BCI0X_NIBRS,
6645246,17329,9,2014,U,,,N,F,,C,2014_09_PA22BCI0X_NIBRS,
6667696,17329,10,2014,U,,,N,F,,C,2014_10_PA22BCI0X_NIBRS,
6690146,17329,11,2014,U,,,N,F,,C,2014_11_PA22BCI0X_NIBRS,
6712596,17329,12,2014,U,,,N,F,,C,2014_12_PA22BCI0X_NIBRS,
6465647,17330,1,2014,U,,,N,F,,C,2014_01_PA23BCI0X_NIBRS,
6488097,17330,2,2014,U,,,N,F,,C,2014_02_PA23BCI0X_NIBRS,
6510547,17330,3,2014,U,,,N,F,,C,2014_03_PA23BCI0X_NIBRS,
6532997,17330,4,2014,U,,,N,F,,C,2014_04_PA23BCI0X_NIBRS,
6555447,17330,5,2014,U,,,N,F,,C,2014_05_PA23BCI0X_NIBRS,
6577897,17330,6,2014,U,,,N,F,,C,2014_06_PA23BCI0X_NIBRS,
6600347,17330,7,2014,U,,,N,F,,C,2014_07_PA23BCI0X_NIBRS,
6622797,17330,8,2014,U,,,N,F,,C,2014_08_PA23BCI0X_NIBRS,
6645247,17330,9,2014,U,,,N,F,,C,2014_09_PA23BCI0X_NIBRS,
6667697,17330,10,2014,U,,,N,F,,C,2014_10_PA23BCI0X_NIBRS,
6690147,17330,11,2014,U,,,N,F,,C,2014_11_PA23BCI0X_NIBRS,
6712597,17330,12,2014,U,,,N,F,,C,2014_12_PA23BCI0X_NIBRS,
6465648,17331,1,2014,U,,,N,F,,C,2014_01_PA24BCI0X_NIBRS,
6488098,17331,2,2014,U,,,N,F,,C,2014_02_PA24BCI0X_NIBRS,
6510548,17331,3,2014,U,,,N,F,,C,2014_03_PA24BCI0X_NIBRS,
6532998,17331,4,2014,U,,,N,F,,C,2014_04_PA24BCI0X_NIBRS,
6555448,17331,5,2014,U,,,N,F,,C,2014_05_PA24BCI0X_NIBRS,
6577898,17331,6,2014,U,,,N,F,,C,2014_06_PA24BCI0X_NIBRS,
6600348,17331,7,2014,U,,,N,F,,C,2014_07_PA24BCI0X_NIBRS,
6622798,17331,8,2014,U,,,N,F,,C,2014_08_PA24BCI0X_NIBRS,
6645248,17331,9,2014,U,,,N,F,,C,2014_09_PA24BCI0X_NIBRS,
6667698,17331,10,2014,U,,,N,F,,C,2014_10_PA24BCI0X_NIBRS,
6690148,17331,11,2014,U,,,N,F,,C,2014_11_PA24BCI0X_NIBRS,
6712598,17331,12,2014,U,,,N,F,,C,2014_12_PA24BCI0X_NIBRS,
6465649,17332,1,2014,U,,,N,F,,C,2014_01_PA25BCI0X_NIBRS,
6488099,17332,2,2014,U,,,N,F,,C,2014_02_PA25BCI0X_NIBRS,
6510549,17332,3,2014,U,,,N,F,,C,2014_03_PA25BCI0X_NIBRS,
6532999,17332,4,2014,U,,,N,F,,C,2014_04_PA25BCI0X_NIBRS,
6555449,17332,5,2014,U,,,N,F,,C,2014_05_PA25BCI0X_NIBRS,
6577899,17332,6,2014,U,,,N,F,,C,2014_06_PA25BCI0X_NIBRS,
6600349,17332,7,2014,U,,,N,F,,C,2014_07_PA25BCI0X_NIBRS,
6622799,17332,8,2014,U,,,N,F,,C,2014_08_PA25BCI0X_NIBRS,
6645249,17332,9,2014,U,,,N,F,,C,2014_09_PA25BCI0X_NIBRS,
6667699,17332,10,2014,U,,,N,F,,C,2014_10_PA25BCI0X_NIBRS,
6690149,17332,11,2014,U,,,N,F,,C,2014_11_PA25BCI0X_NIBRS,
6712599,17332,12,2014,U,,,N,F,,C,2014_12_PA25BCI0X_NIBRS,
6465650,17333,1,2014,U,,,N,F,,C,2014_01_PA26BCI0X_NIBRS,
6488100,17333,2,2014,U,,,N,F,,C,2014_02_PA26BCI0X_NIBRS,
6510550,17333,3,2014,U,,,N,F,,C,2014_03_PA26BCI0X_NIBRS,
6533000,17333,4,2014,U,,,N,F,,C,2014_04_PA26BCI0X_NIBRS,
6555450,17333,5,2014,U,,,N,F,,C,2014_05_PA26BCI0X_NIBRS,
6577900,17333,6,2014,U,,,N,F,,C,2014_06_PA26BCI0X_NIBRS,
6600350,17333,7,2014,U,,,N,F,,C,2014_07_PA26BCI0X_NIBRS,
6622800,17333,8,2014,U,,,N,F,,C,2014_08_PA26BCI0X_NIBRS,
6645250,17333,9,2014,U,,,N,F,,C,2014_09_PA26BCI0X_NIBRS,
6667700,17333,10,2014,U,,,N,F,,C,2014_10_PA26BCI0X_NIBRS,
6690150,17333,11,2014,U,,,N,F,,C,2014_11_PA26BCI0X_NIBRS,
6712600,17333,12,2014,U,,,N,F,,C,2014_12_PA26BCI0X_NIBRS,
6465651,17334,1,2014,U,,,N,F,,C,2014_01_PA27BCI0X_NIBRS,
6488101,17334,2,2014,U,,,N,F,,C,2014_02_PA27BCI0X_NIBRS,
6510551,17334,3,2014,U,,,N,F,,C,2014_03_PA27BCI0X_NIBRS,
6533001,17334,4,2014,U,,,N,F,,C,2014_04_PA27BCI0X_NIBRS,
6555451,17334,5,2014,U,,,N,F,,C,2014_05_PA27BCI0X_NIBRS,
6577901,17334,6,2014,U,,,N,F,,C,2014_06_PA27BCI0X_NIBRS,
6600351,17334,7,2014,U,,,N,F,,C,2014_07_PA27BCI0X_NIBRS,
6622801,17334,8,2014,U,,,N,F,,C,2014_08_PA27BCI0X_NIBRS,
6645251,17334,9,2014,U,,,N,F,,C,2014_09_PA27BCI0X_NIBRS,
6667701,17334,10,2014,U,,,N,F,,C,2014_10_PA27BCI0X_NIBRS,
6690151,17334,11,2014,U,,,N,F,,C,2014_11_PA27BCI0X_NIBRS,
6712601,17334,12,2014,U,,,N,F,,C,2014_12_PA27BCI0X_NIBRS,
6465653,17336,1,2014,U,,,N,F,,C,2014_01_PA29BCI0X_NIBRS,
6488103,17336,2,2014,U,,,N,F,,C,2014_02_PA29BCI0X_NIBRS,
6510553,17336,3,2014,U,,,N,F,,C,2014_03_PA29BCI0X_NIBRS,
6533003,17336,4,2014,U,,,N,F,,C,2014_04_PA29BCI0X_NIBRS,
6555453,17336,5,2014,U,,,N,F,,C,2014_05_PA29BCI0X_NIBRS,
6577903,17336,6,2014,U,,,N,F,,C,2014_06_PA29BCI0X_NIBRS,
6600353,17336,7,2014,U,,,N,F,,C,2014_07_PA29BCI0X_NIBRS,
6622803,17336,8,2014,U,,,N,F,,C,2014_08_PA29BCI0X_NIBRS,
6645253,17336,9,2014,U,,,N,F,,C,2014_09_PA29BCI0X_NIBRS,
6667703,17336,10,2014,U,,,N,F,,C,2014_10_PA29BCI0X_NIBRS,
6690153,17336,11,2014,U,,,N,F,,C,2014_11_PA29BCI0X_NIBRS,
6712603,17336,12,2014,U,,,N,F,,C,2014_12_PA29BCI0X_NIBRS,
6465654,17337,1,2014,U,,,N,F,,C,2014_01_PA30BCI0X_NIBRS,
6488104,17337,2,2014,U,,,N,F,,C,2014_02_PA30BCI0X_NIBRS,
6510554,17337,3,2014,U,,,N,F,,C,2014_03_PA30BCI0X_NIBRS,
6533004,17337,4,2014,U,,,N,F,,C,2014_04_PA30BCI0X_NIBRS,
6555454,17337,5,2014,U,,,N,F,,C,2014_05_PA30BCI0X_NIBRS,
6577904,17337,6,2014,U,,,N,F,,C,2014_06_PA30BCI0X_NIBRS,
6600354,17337,7,2014,U,,,N,F,,C,2014_07_PA30BCI0X_NIBRS,
6622804,17337,8,2014,U,,,N,F,,C,2014_08_PA30BCI0X_NIBRS,
6645254,17337,9,2014,U,,,N,F,,C,2014_09_PA30BCI0X_NIBRS,
6667704,17337,10,2014,U,,,N,F,,C,2014_10_PA30BCI0X_NIBRS,
6690154,17337,11,2014,U,,,N,F,,C,2014_11_PA30BCI0X_NIBRS,
6712604,17337,12,2014,U,,,N,F,,C,2014_12_PA30BCI0X_NIBRS,
6465655,17338,1,2014,U,,,N,F,,C,2014_01_PA31BCI0X_NIBRS,
6488105,17338,2,2014,U,,,N,F,,C,2014_02_PA31BCI0X_NIBRS,
6510555,17338,3,2014,U,,,N,F,,C,2014_03_PA31BCI0X_NIBRS,
6533005,17338,4,2014,U,,,N,F,,C,2014_04_PA31BCI0X_NIBRS,
6555455,17338,5,2014,U,,,N,F,,C,2014_05_PA31BCI0X_NIBRS,
6577905,17338,6,2014,U,,,N,F,,C,2014_06_PA31BCI0X_NIBRS,
6600355,17338,7,2014,U,,,N,F,,C,2014_07_PA31BCI0X_NIBRS,
6622805,17338,8,2014,U,,,N,F,,C,2014_08_PA31BCI0X_NIBRS,
6645255,17338,9,2014,U,,,N,F,,C,2014_09_PA31BCI0X_NIBRS,
6667705,17338,10,2014,U,,,N,F,,C,2014_10_PA31BCI0X_NIBRS,
6690155,17338,11,2014,U,,,N,F,,C,2014_11_PA31BCI0X_NIBRS,
6712605,17338,12,2014,U,,,N,F,,C,2014_12_PA31BCI0X_NIBRS,
6465656,17339,1,2014,U,,,N,F,,C,2014_01_PA32BCI0X_NIBRS,
6488106,17339,2,2014,U,,,N,F,,C,2014_02_PA32BCI0X_NIBRS,
6510556,17339,3,2014,U,,,N,F,,C,2014_03_PA32BCI0X_NIBRS,
6533006,17339,4,2014,U,,,N,F,,C,2014_04_PA32BCI0X_NIBRS,
6555456,17339,5,2014,U,,,N,F,,C,2014_05_PA32BCI0X_NIBRS,
6577906,17339,6,2014,U,,,N,F,,C,2014_06_PA32BCI0X_NIBRS,
6600356,17339,7,2014,U,,,N,F,,C,2014_07_PA32BCI0X_NIBRS,
6622806,17339,8,2014,U,,,N,F,,C,2014_08_PA32BCI0X_NIBRS,
6645256,17339,9,2014,U,,,N,F,,C,2014_09_PA32BCI0X_NIBRS,
6667706,17339,10,2014,U,,,N,F,,C,2014_10_PA32BCI0X_NIBRS,
6690156,17339,11,2014,U,,,N,F,,C,2014_11_PA32BCI0X_NIBRS,
6712606,17339,12,2014,U,,,N,F,,C,2014_12_PA32BCI0X_NIBRS,
6465657,17340,1,2014,U,,,N,F,,C,2014_01_PA33BCI0X_NIBRS,
6488107,17340,2,2014,U,,,N,F,,C,2014_02_PA33BCI0X_NIBRS,
6510557,17340,3,2014,U,,,N,F,,C,2014_03_PA33BCI0X_NIBRS,
6533007,17340,4,2014,U,,,N,F,,C,2014_04_PA33BCI0X_NIBRS,
6555457,17340,5,2014,U,,,N,F,,C,2014_05_PA33BCI0X_NIBRS,
6577907,17340,6,2014,U,,,N,F,,C,2014_06_PA33BCI0X_NIBRS,
6600357,17340,7,2014,U,,,N,F,,C,2014_07_PA33BCI0X_NIBRS,
6622807,17340,8,2014,U,,,N,F,,C,2014_08_PA33BCI0X_NIBRS,
6645257,17340,9,2014,U,,,N,F,,C,2014_09_PA33BCI0X_NIBRS,
6667707,17340,10,2014,U,,,N,F,,C,2014_10_PA33BCI0X_NIBRS,
6690157,17340,11,2014,U,,,N,F,,C,2014_11_PA33BCI0X_NIBRS,
6712607,17340,12,2014,U,,,N,F,,C,2014_12_PA33BCI0X_NIBRS,
6465659,17342,1,2014,U,,,N,F,,C,2014_01_PA35BCI0X_NIBRS,
6488109,17342,2,2014,U,,,N,F,,C,2014_02_PA35BCI0X_NIBRS,
6510559,17342,3,2014,U,,,N,F,,C,2014_03_PA35BCI0X_NIBRS,
6533009,17342,4,2014,U,,,N,F,,C,2014_04_PA35BCI0X_NIBRS,
6555459,17342,5,2014,U,,,N,F,,C,2014_05_PA35BCI0X_NIBRS,
6577909,17342,6,2014,U,,,N,F,,C,2014_06_PA35BCI0X_NIBRS,
6600359,17342,7,2014,U,,,N,F,,C,2014_07_PA35BCI0X_NIBRS,
6622809,17342,8,2014,U,,,N,F,,C,2014_08_PA35BCI0X_NIBRS,
6645259,17342,9,2014,U,,,N,F,,C,2014_09_PA35BCI0X_NIBRS,
6667709,17342,10,2014,U,,,N,F,,C,2014_10_PA35BCI0X_NIBRS,
6690159,17342,11,2014,U,,,N,F,,C,2014_11_PA35BCI0X_NIBRS,
6712609,17342,12,2014,U,,,N,F,,C,2014_12_PA35BCI0X_NIBRS,
6470726,25585,1,2014,U,,,N,F,,C,2014_01_PA002A600_NIBRS,
6493176,25585,2,2014,U,,,N,F,,C,2014_02_PA002A600_NIBRS,
6515626,25585,3,2014,U,,,N,F,,C,2014_03_PA002A600_NIBRS,
6538076,25585,4,2014,U,,,N,F,,C,2014_04_PA002A600_NIBRS,
6560526,25585,5,2014,U,,,N,F,,C,2014_05_PA002A600_NIBRS,
6582976,25585,6,2014,U,,,N,F,,C,2014_06_PA002A600_NIBRS,
6605426,25585,7,2014,U,,,N,F,,C,2014_07_PA002A600_NIBRS,
6627876,25585,8,2014,U,,,N,F,,C,2014_08_PA002A600_NIBRS,
6650326,25585,9,2014,U,,,N,F,,C,2014_09_PA002A600_NIBRS,
6672776,25585,10,2014,U,,,N,F,,C,2014_10_PA002A600_NIBRS,
6695226,25585,11,2014,U,,,N,F,,C,2014_11_PA002A600_NIBRS,
6717676,25585,12,2014,U,,,N,F,,C,2014_12_PA002A600_NIBRS,
6470737,25596,1,2014,U,,,N,F,,C,2014_01_PA0353700_NIBRS,
6493187,25596,2,2014,U,,,N,F,,C,2014_02_PA0353700_NIBRS,
6515637,25596,3,2014,U,,,N,F,,C,2014_03_PA0353700_NIBRS,
6538087,25596,4,2014,U,,,N,F,,C,2014_04_PA0353700_NIBRS,
6560537,25596,5,2014,U,,,N,F,,C,2014_05_PA0353700_NIBRS,
6582987,25596,6,2014,U,,,N,F,,C,2014_06_PA0353700_NIBRS,
6605437,25596,7,2014,U,,,N,F,,C,2014_07_PA0353700_NIBRS,
6627887,25596,8,2014,U,,,N,F,,C,2014_08_PA0353700_NIBRS,
6650337,25596,9,2014,U,,,N,F,,C,2014_09_PA0353700_NIBRS,
6672787,25596,10,2014,U,,,N,F,,C,2014_10_PA0353700_NIBRS,
6695237,25596,11,2014,U,,,N,F,,C,2014_11_PA0353700_NIBRS,
6717687,25596,12,2014,U,,,N,F,,C,2014_12_PA0353700_NIBRS,
6470749,25608,1,2014,U,,,N,F,,C,2014_01_PA0011000_NIBRS,
6493199,25608,2,2014,U,,,N,F,,C,2014_02_PA0011000_NIBRS,
6515649,25608,3,2014,U,,,N,F,,C,2014_03_PA0011000_NIBRS,
6538099,25608,4,2014,U,,,N,F,,C,2014_04_PA0011000_NIBRS,
6560549,25608,5,2014,U,,,N,F,,C,2014_05_PA0011000_NIBRS,
6582999,25608,6,2014,U,,,N,F,,C,2014_06_PA0011000_NIBRS,
6605449,25608,7,2014,U,,,N,F,,C,2014_07_PA0011000_NIBRS,
6627899,25608,8,2014,U,,,N,F,,C,2014_08_PA0011000_NIBRS,
6650349,25608,9,2014,U,,,N,F,,C,2014_09_PA0011000_NIBRS,
6672799,25608,10,2014,U,,,N,F,,C,2014_10_PA0011000_NIBRS,
6695249,25608,11,2014,U,,,N,F,,C,2014_11_PA0011000_NIBRS,
6717699,25608,12,2014,U,,,N,F,,C,2014_12_PA0011000_NIBRS,
6470757,25616,1,2014,U,,,N,F,,C,2014_01_PA0484800_NIBRS,
6493207,25616,2,2014,U,,,N,F,,C,2014_02_PA0484800_NIBRS,
6515657,25616,3,2014,U,,,N,F,,C,2014_03_PA0484800_NIBRS,
6538107,25616,4,2014,U,,,N,F,,C,2014_04_PA0484800_NIBRS,
6560557,25616,5,2014,U,,,N,F,,C,2014_05_PA0484800_NIBRS,
6583007,25616,6,2014,U,,,N,F,,C,2014_06_PA0484800_NIBRS,
6605457,25616,7,2014,U,,,N,F,,C,2014_07_PA0484800_NIBRS,
6627907,25616,8,2014,U,,,N,F,,C,2014_08_PA0484800_NIBRS,
6650357,25616,9,2014,U,,,N,F,,C,2014_09_PA0484800_NIBRS,
6672807,25616,10,2014,U,,,N,F,,C,2014_10_PA0484800_NIBRS,
6695257,25616,11,2014,U,,,N,F,,C,2014_11_PA0484800_NIBRS,
6717707,25616,12,2014,U,,,N,F,,C,2014_12_PA0484800_NIBRS,
6465687,17370,1,2014,U,,,N,F,,C,2014_01_PA63BCI0X_NIBRS,
6488137,17370,2,2014,U,,,N,F,,C,2014_02_PA63BCI0X_NIBRS,
6510587,17370,3,2014,U,,,N,F,,C,2014_03_PA63BCI0X_NIBRS,
6533037,17370,4,2014,U,,,N,F,,C,2014_04_PA63BCI0X_NIBRS,
6555487,17370,5,2014,U,,,N,F,,C,2014_05_PA63BCI0X_NIBRS,
6577937,17370,6,2014,U,,,N,F,,C,2014_06_PA63BCI0X_NIBRS,
6600387,17370,7,2014,U,,,N,F,,C,2014_07_PA63BCI0X_NIBRS,
6622837,17370,8,2014,U,,,N,F,,C,2014_08_PA63BCI0X_NIBRS,
6645287,17370,9,2014,U,,,N,F,,C,2014_09_PA63BCI0X_NIBRS,
6667737,17370,10,2014,U,,,N,F,,C,2014_10_PA63BCI0X_NIBRS,
6690187,17370,11,2014,U,,,N,F,,C,2014_11_PA63BCI0X_NIBRS,
6712637,17370,12,2014,U,,,N,F,,C,2014_12_PA63BCI0X_NIBRS,
6470653,25383,1,2014,U,,,N,F,,C,2014_01_PA0242500_NIBRS,
6493103,25383,2,2014,U,,,N,F,,C,2014_02_PA0242500_NIBRS,
6515553,25383,3,2014,U,,,N,F,,C,2014_03_PA0242500_NIBRS,
6538003,25383,4,2014,U,,,N,F,,C,2014_04_PA0242500_NIBRS,
6560453,25383,5,2014,U,,,N,F,,C,2014_05_PA0242500_NIBRS,
6582903,25383,6,2014,U,,,N,F,,C,2014_06_PA0242500_NIBRS,
6605353,25383,7,2014,U,,,N,F,,C,2014_07_PA0242500_NIBRS,
6627803,25383,8,2014,U,,,N,F,,C,2014_08_PA0242500_NIBRS,
6650253,25383,9,2014,U,,,N,F,,C,2014_09_PA0242500_NIBRS,
6672703,25383,10,2014,U,,,N,F,,C,2014_10_PA0242500_NIBRS,
6695153,25383,11,2014,U,,,N,F,,C,2014_11_PA0242500_NIBRS,
6717603,25383,12,2014,U,,,N,F,,C,2014_12_PA0242500_NIBRS,
6470654,25384,1,2014,U,,,N,F,,C,2014_01_PA0290300_NIBRS,
6493104,25384,2,2014,U,,,N,F,,C,2014_02_PA0290300_NIBRS,
6515554,25384,3,2014,U,,,N,F,,C,2014_03_PA0290300_NIBRS,
6538004,25384,4,2014,U,,,N,F,,C,2014_04_PA0290300_NIBRS,
6560454,25384,5,2014,U,,,N,F,,C,2014_05_PA0290300_NIBRS,
6582904,25384,6,2014,U,,,N,F,,C,2014_06_PA0290300_NIBRS,
6605354,25384,7,2014,U,,,N,F,,C,2014_07_PA0290300_NIBRS,
6627804,25384,8,2014,U,,,N,F,,C,2014_08_PA0290300_NIBRS,
6650254,25384,9,2014,U,,,N,F,,C,2014_09_PA0290300_NIBRS,
6672704,25384,10,2014,U,,,N,F,,C,2014_10_PA0290300_NIBRS,
6695154,25384,11,2014,U,,,N,F,,C,2014_11_PA0290300_NIBRS,
6717604,25384,12,2014,U,,,N,F,,C,2014_12_PA0290300_NIBRS,
6470655,25385,1,2014,U,,,N,F,,C,2014_01_PA0300800_NIBRS,
6493105,25385,2,2014,U,,,N,F,,C,2014_02_PA0300800_NIBRS,
6515555,25385,3,2014,U,,,N,F,,C,2014_03_PA0300800_NIBRS,
6538005,25385,4,2014,U,,,N,F,,C,2014_04_PA0300800_NIBRS,
6560455,25385,5,2014,U,,,N,F,,C,2014_05_PA0300800_NIBRS,
6582905,25385,6,2014,U,,,N,F,,C,2014_06_PA0300800_NIBRS,
6605355,25385,7,2014,U,,,N,F,,C,2014_07_PA0300800_NIBRS,
6627805,25385,8,2014,U,,,N,F,,C,2014_08_PA0300800_NIBRS,
6650255,25385,9,2014,U,,,N,F,,C,2014_09_PA0300800_NIBRS,
6672705,25385,10,2014,U,,,N,F,,C,2014_10_PA0300800_NIBRS,
6695155,25385,11,2014,U,,,N,F,,C,2014_11_PA0300800_NIBRS,
6717605,25385,12,2014,U,,,N,F,,C,2014_12_PA0300800_NIBRS,
6470656,25386,1,2014,U,,,N,F,,C,2014_01_PA0310900_NIBRS,
6493106,25386,2,2014,U,,,N,F,,C,2014_02_PA0310900_NIBRS,
6515556,25386,3,2014,U,,,N,F,,C,2014_03_PA0310900_NIBRS,
6538006,25386,4,2014,U,,,N,F,,C,2014_04_PA0310900_NIBRS,
6560456,25386,5,2014,U,,,N,F,,C,2014_05_PA0310900_NIBRS,
6582906,25386,6,2014,U,,,N,F,,C,2014_06_PA0310900_NIBRS,
6605356,25386,7,2014,U,,,N,F,,C,2014_07_PA0310900_NIBRS,
6627806,25386,8,2014,U,,,N,F,,C,2014_08_PA0310900_NIBRS,
6650256,25386,9,2014,U,,,N,F,,C,2014_09_PA0310900_NIBRS,
6672706,25386,10,2014,U,,,N,F,,C,2014_10_PA0310900_NIBRS,
6695156,25386,11,2014,U,,,N,F,,C,2014_11_PA0310900_NIBRS,
6717606,25386,12,2014,U,,,N,F,,C,2014_12_PA0310900_NIBRS,
6470657,25387,1,2014,U,,,N,F,,C,2014_01_PA0365900_NIBRS,
6493107,25387,2,2014,U,,,N,F,,C,2014_02_PA0365900_NIBRS,
6515557,25387,3,2014,U,,,N,F,,C,2014_03_PA0365900_NIBRS,
6538007,25387,4,2014,U,,,N,F,,C,2014_04_PA0365900_NIBRS,
6560457,25387,5,2014,U,,,N,F,,C,2014_05_PA0365900_NIBRS,
6582907,25387,6,2014,U,,,N,F,,C,2014_06_PA0365900_NIBRS,
6605357,25387,7,2014,U,,,N,F,,C,2014_07_PA0365900_NIBRS,
6627807,25387,8,2014,U,,,N,F,,C,2014_08_PA0365900_NIBRS,
6650257,25387,9,2014,U,,,N,F,,C,2014_09_PA0365900_NIBRS,
6672707,25387,10,2014,U,,,N,F,,C,2014_10_PA0365900_NIBRS,
6695157,25387,11,2014,U,,,N,F,,C,2014_11_PA0365900_NIBRS,
6717607,25387,12,2014,U,,,N,F,,C,2014_12_PA0365900_NIBRS,
6465652,17335,1,2014,U,,,N,F,,C,2014_01_PA28BCI0X_NIBRS,
6488102,17335,2,2014,U,,,N,F,,C,2014_02_PA28BCI0X_NIBRS,
6510552,17335,3,2014,U,,,N,F,,C,2014_03_PA28BCI0X_NIBRS,
6533002,17335,4,2014,U,,,N,F,,C,2014_04_PA28BCI0X_NIBRS,
6555452,17335,5,2014,U,,,N,F,,C,2014_05_PA28BCI0X_NIBRS,
6577902,17335,6,2014,U,,,N,F,,C,2014_06_PA28BCI0X_NIBRS,
6600352,17335,7,2014,U,,,N,F,,C,2014_07_PA28BCI0X_NIBRS,
6622802,17335,8,2014,U,,,N,F,,C,2014_08_PA28BCI0X_NIBRS,
6645252,17335,9,2014,U,,,N,F,,C,2014_09_PA28BCI0X_NIBRS,
6667702,17335,10,2014,U,,,N,F,,C,2014_10_PA28BCI0X_NIBRS,
6690152,17335,11,2014,U,,,N,F,,C,2014_11_PA28BCI0X_NIBRS,
6712602,17335,12,2014,U,,,N,F,,C,2014_12_PA28BCI0X_NIBRS,
6465658,17341,1,2014,U,,,N,F,,C,2014_01_PA34BCI0X_NIBRS,
6488108,17341,2,2014,U,,,N,F,,C,2014_02_PA34BCI0X_NIBRS,
6510558,17341,3,2014,U,,,N,F,,C,2014_03_PA34BCI0X_NIBRS,
6533008,17341,4,2014,U,,,N,F,,C,2014_04_PA34BCI0X_NIBRS,
6555458,17341,5,2014,U,,,N,F,,C,2014_05_PA34BCI0X_NIBRS,
6577908,17341,6,2014,U,,,N,F,,C,2014_06_PA34BCI0X_NIBRS,
6600358,17341,7,2014,U,,,N,F,,C,2014_07_PA34BCI0X_NIBRS,
6622808,17341,8,2014,U,,,N,F,,C,2014_08_PA34BCI0X_NIBRS,
6645258,17341,9,2014,U,,,N,F,,C,2014_09_PA34BCI0X_NIBRS,
6667708,17341,10,2014,U,,,N,F,,C,2014_10_PA34BCI0X_NIBRS,
6690158,17341,11,2014,U,,,N,F,,C,2014_11_PA34BCI0X_NIBRS,
6712608,17341,12,2014,U,,,N,F,,C,2014_12_PA34BCI0X_NIBRS,
6470642,25372,1,2014,U,,,N,F,,C,2014_01_PA0051000_NIBRS,
6493092,25372,2,2014,U,,,N,F,,C,2014_02_PA0051000_NIBRS,
6515542,25372,3,2014,U,,,N,F,,C,2014_03_PA0051000_NIBRS,
6537992,25372,4,2014,U,,,N,F,,C,2014_04_PA0051000_NIBRS,
6560442,25372,5,2014,U,,,N,F,,C,2014_05_PA0051000_NIBRS,
6582892,25372,6,2014,U,,,N,F,,C,2014_06_PA0051000_NIBRS,
6605342,25372,7,2014,U,,,N,F,,C,2014_07_PA0051000_NIBRS,
6627792,25372,8,2014,U,,,N,F,,C,2014_08_PA0051000_NIBRS,
6650242,25372,9,2014,U,,,N,F,,C,2014_09_PA0051000_NIBRS,
6672692,25372,10,2014,U,,,N,F,,C,2014_10_PA0051000_NIBRS,
6695142,25372,11,2014,U,,,N,F,,C,2014_11_PA0051000_NIBRS,
6717592,25372,12,2014,U,,,N,F,,C,2014_12_PA0051000_NIBRS,
6470641,25371,1,2014,U,,,N,F,,C,2014_01_PA0050900_NIBRS,
6493091,25371,2,2014,U,,,N,F,,C,2014_02_PA0050900_NIBRS,
6515541,25371,3,2014,U,,,N,F,,C,2014_03_PA0050900_NIBRS,
6537991,25371,4,2014,U,,,N,F,,C,2014_04_PA0050900_NIBRS,
6560441,25371,5,2014,U,,,N,F,,C,2014_05_PA0050900_NIBRS,
6582891,25371,6,2014,U,,,N,F,,C,2014_06_PA0050900_NIBRS,
6605341,25371,7,2014,U,,,N,F,,C,2014_07_PA0050900_NIBRS,
6627791,25371,8,2014,U,,,N,F,,C,2014_08_PA0050900_NIBRS,
6650241,25371,9,2014,U,,,N,F,,C,2014_09_PA0050900_NIBRS,
6672691,25371,10,2014,U,,,N,F,,C,2014_10_PA0050900_NIBRS,
6695141,25371,11,2014,U,,,N,F,,C,2014_11_PA0050900_NIBRS,
6717591,25371,12,2014,U,,,N,F,,C,2014_12_PA0050900_NIBRS,
6470643,25373,1,2014,U,,,N,F,,C,2014_01_PA0071900_NIBRS,
6493093,25373,2,2014,U,,,N,F,,C,2014_02_PA0071900_NIBRS,
6515543,25373,3,2014,U,,,N,F,,C,2014_03_PA0071900_NIBRS,
6537993,25373,4,2014,U,,,N,F,,C,2014_04_PA0071900_NIBRS,
6560443,25373,5,2014,U,,,N,F,,C,2014_05_PA0071900_NIBRS,
6582893,25373,6,2014,U,,,N,F,,C,2014_06_PA0071900_NIBRS,
6605343,25373,7,2014,U,,,N,F,,C,2014_07_PA0071900_NIBRS,
6627793,25373,8,2014,U,,,N,F,,C,2014_08_PA0071900_NIBRS,
6650243,25373,9,2014,U,,,N,F,,C,2014_09_PA0071900_NIBRS,
6672693,25373,10,2014,U,,,N,F,,C,2014_10_PA0071900_NIBRS,
6695143,25373,11,2014,U,,,N,F,,C,2014_11_PA0071900_NIBRS,
6717593,25373,12,2014,U,,,N,F,,C,2014_12_PA0071900_NIBRS,
6470644,25374,1,2014,U,,,N,F,,C,2014_01_PA0096300_NIBRS,
6493094,25374,2,2014,U,,,N,F,,C,2014_02_PA0096300_NIBRS,
6515544,25374,3,2014,U,,,N,F,,C,2014_03_PA0096300_NIBRS,
6537994,25374,4,2014,U,,,N,F,,C,2014_04_PA0096300_NIBRS,
6560444,25374,5,2014,U,,,N,F,,C,2014_05_PA0096300_NIBRS,
6582894,25374,6,2014,U,,,N,F,,C,2014_06_PA0096300_NIBRS,
6605344,25374,7,2014,U,,,N,F,,C,2014_07_PA0096300_NIBRS,
6627794,25374,8,2014,U,,,N,F,,C,2014_08_PA0096300_NIBRS,
6650244,25374,9,2014,U,,,N,F,,C,2014_09_PA0096300_NIBRS,
6672694,25374,10,2014,U,,,N,F,,C,2014_10_PA0096300_NIBRS,
6695144,25374,11,2014,U,,,N,F,,C,2014_11_PA0096300_NIBRS,
6717594,25374,12,2014,U,,,N,F,,C,2014_12_PA0096300_NIBRS,
6470645,25375,1,2014,U,,,N,F,,C,2014_01_PA0103800_NIBRS,
6493095,25375,2,2014,U,,,N,F,,C,2014_02_PA0103800_NIBRS,
6515545,25375,3,2014,U,,,N,F,,C,2014_03_PA0103800_NIBRS,
6537995,25375,4,2014,U,,,N,F,,C,2014_04_PA0103800_NIBRS,
6560445,25375,5,2014,U,,,N,F,,C,2014_05_PA0103800_NIBRS,
6582895,25375,6,2014,U,,,N,F,,C,2014_06_PA0103800_NIBRS,
6605345,25375,7,2014,U,,,N,F,,C,2014_07_PA0103800_NIBRS,
6627795,25375,8,2014,U,,,N,F,,C,2014_08_PA0103800_NIBRS,
6650245,25375,9,2014,U,,,N,F,,C,2014_09_PA0103800_NIBRS,
6672695,25375,10,2014,U,,,N,F,,C,2014_10_PA0103800_NIBRS,
6695145,25375,11,2014,U,,,N,F,,C,2014_11_PA0103800_NIBRS,
6717595,25375,12,2014,U,,,N,F,,C,2014_12_PA0103800_NIBRS,
6470646,25376,1,2014,U,,,N,F,,C,2014_01_PA0103900_NIBRS,
6493096,25376,2,2014,U,,,N,F,,C,2014_02_PA0103900_NIBRS,
6515546,25376,3,2014,U,,,N,F,,C,2014_03_PA0103900_NIBRS,
6537996,25376,4,2014,U,,,N,F,,C,2014_04_PA0103900_NIBRS,
6560446,25376,5,2014,U,,,N,F,,C,2014_05_PA0103900_NIBRS,
6582896,25376,6,2014,U,,,N,F,,C,2014_06_PA0103900_NIBRS,
6605346,25376,7,2014,U,,,N,F,,C,2014_07_PA0103900_NIBRS,
6627796,25376,8,2014,U,,,N,F,,C,2014_08_PA0103900_NIBRS,
6650246,25376,9,2014,U,,,N,F,,C,2014_09_PA0103900_NIBRS,
6672696,25376,10,2014,U,,,N,F,,C,2014_10_PA0103900_NIBRS,
6695146,25376,11,2014,U,,,N,F,,C,2014_11_PA0103900_NIBRS,
6717596,25376,12,2014,U,,,N,F,,C,2014_12_PA0103900_NIBRS,
6470647,25377,1,2014,U,,,N,F,,C,2014_01_PA0120300_NIBRS,
6493097,25377,2,2014,U,,,N,F,,C,2014_02_PA0120300_NIBRS,
6515547,25377,3,2014,U,,,N,F,,C,2014_03_PA0120300_NIBRS,
6537997,25377,4,2014,U,,,N,F,,C,2014_04_PA0120300_NIBRS,
6560447,25377,5,2014,U,,,N,F,,C,2014_05_PA0120300_NIBRS,
6582897,25377,6,2014,U,,,N,F,,C,2014_06_PA0120300_NIBRS,
6605347,25377,7,2014,U,,,N,F,,C,2014_07_PA0120300_NIBRS,
6627797,25377,8,2014,U,,,N,F,,C,2014_08_PA0120300_NIBRS,
6650247,25377,9,2014,U,,,N,F,,C,2014_09_PA0120300_NIBRS,
6672697,25377,10,2014,U,,,N,F,,C,2014_10_PA0120300_NIBRS,
6695147,25377,11,2014,U,,,N,F,,C,2014_11_PA0120300_NIBRS,
6717597,25377,12,2014,U,,,N,F,,C,2014_12_PA0120300_NIBRS,
6470648,25378,1,2014,U,,,N,F,,C,2014_01_PA0120500_NIBRS,
6493098,25378,2,2014,U,,,N,F,,C,2014_02_PA0120500_NIBRS,
6515548,25378,3,2014,U,,,N,F,,C,2014_03_PA0120500_NIBRS,
6537998,25378,4,2014,U,,,N,F,,C,2014_04_PA0120500_NIBRS,
6560448,25378,5,2014,U,,,N,F,,C,2014_05_PA0120500_NIBRS,
6582898,25378,6,2014,U,,,N,F,,C,2014_06_PA0120500_NIBRS,
6605348,25378,7,2014,U,,,N,F,,C,2014_07_PA0120500_NIBRS,
6627798,25378,8,2014,U,,,N,F,,C,2014_08_PA0120500_NIBRS,
6650248,25378,9,2014,U,,,N,F,,C,2014_09_PA0120500_NIBRS,
6672698,25378,10,2014,U,,,N,F,,C,2014_10_PA0120500_NIBRS,
6695148,25378,11,2014,U,,,N,F,,C,2014_11_PA0120500_NIBRS,
6717598,25378,12,2014,U,,,N,F,,C,2014_12_PA0120500_NIBRS,
6470649,25379,1,2014,U,,,N,F,,C,2014_01_PA0141800_NIBRS,
6493099,25379,2,2014,U,,,N,F,,C,2014_02_PA0141800_NIBRS,
6515549,25379,3,2014,U,,,N,F,,C,2014_03_PA0141800_NIBRS,
6537999,25379,4,2014,U,,,N,F,,C,2014_04_PA0141800_NIBRS,
6560449,25379,5,2014,U,,,N,F,,C,2014_05_PA0141800_NIBRS,
6582899,25379,6,2014,U,,,N,F,,C,2014_06_PA0141800_NIBRS,
6605349,25379,7,2014,U,,,N,F,,C,2014_07_PA0141800_NIBRS,
6627799,25379,8,2014,U,,,N,F,,C,2014_08_PA0141800_NIBRS,
6650249,25379,9,2014,U,,,N,F,,C,2014_09_PA0141800_NIBRS,
6672699,25379,10,2014,U,,,N,F,,C,2014_10_PA0141800_NIBRS,
6695149,25379,11,2014,U,,,N,F,,C,2014_11_PA0141800_NIBRS,
6717599,25379,12,2014,U,,,N,F,,C,2014_12_PA0141800_NIBRS,
6470650,25380,1,2014,U,,,N,F,,C,2014_01_PA0161100_NIBRS,
6493100,25380,2,2014,U,,,N,F,,C,2014_02_PA0161100_NIBRS,
6515550,25380,3,2014,U,,,N,F,,C,2014_03_PA0161100_NIBRS,
6538000,25380,4,2014,U,,,N,F,,C,2014_04_PA0161100_NIBRS,
6560450,25380,5,2014,U,,,N,F,,C,2014_05_PA0161100_NIBRS,
6582900,25380,6,2014,U,,,N,F,,C,2014_06_PA0161100_NIBRS,
6605350,25380,7,2014,U,,,N,F,,C,2014_07_PA0161100_NIBRS,
6627800,25380,8,2014,U,,,N,F,,C,2014_08_PA0161100_NIBRS,
6650250,25380,9,2014,U,,,N,F,,C,2014_09_PA0161100_NIBRS,
6672700,25380,10,2014,U,,,N,F,,C,2014_10_PA0161100_NIBRS,
6695150,25380,11,2014,U,,,N,F,,C,2014_11_PA0161100_NIBRS,
6717600,25380,12,2014,U,,,N,F,,C,2014_12_PA0161100_NIBRS,
6470651,25381,1,2014,U,,,N,F,,C,2014_01_PA0182500_NIBRS,
6493101,25381,2,2014,U,,,N,F,,C,2014_02_PA0182500_NIBRS,
6515551,25381,3,2014,U,,,N,F,,C,2014_03_PA0182500_NIBRS,
6538001,25381,4,2014,U,,,N,F,,C,2014_04_PA0182500_NIBRS,
6560451,25381,5,2014,U,,,N,F,,C,2014_05_PA0182500_NIBRS,
6582901,25381,6,2014,U,,,N,F,,C,2014_06_PA0182500_NIBRS,
6605351,25381,7,2014,U,,,N,F,,C,2014_07_PA0182500_NIBRS,
6627801,25381,8,2014,U,,,N,F,,C,2014_08_PA0182500_NIBRS,
6650251,25381,9,2014,U,,,N,F,,C,2014_09_PA0182500_NIBRS,
6672701,25381,10,2014,U,,,N,F,,C,2014_10_PA0182500_NIBRS,
6695151,25381,11,2014,U,,,N,F,,C,2014_11_PA0182500_NIBRS,
6717601,25381,12,2014,U,,,N,F,,C,2014_12_PA0182500_NIBRS,
6470652,25382,1,2014,U,,,N,F,,C,2014_01_PA0235500_NIBRS,
6493102,25382,2,2014,U,,,N,F,,C,2014_02_PA0235500_NIBRS,
6515552,25382,3,2014,U,,,N,F,,C,2014_03_PA0235500_NIBRS,
6538002,25382,4,2014,U,,,N,F,,C,2014_04_PA0235500_NIBRS,
6560452,25382,5,2014,U,,,N,F,,C,2014_05_PA0235500_NIBRS,
6582902,25382,6,2014,U,,,N,F,,C,2014_06_PA0235500_NIBRS,
6605352,25382,7,2014,U,,,N,F,,C,2014_07_PA0235500_NIBRS,
6627802,25382,8,2014,U,,,N,F,,C,2014_08_PA0235500_NIBRS,
6650252,25382,9,2014,U,,,N,F,,C,2014_09_PA0235500_NIBRS,
6672702,25382,10,2014,U,,,N,F,,C,2014_10_PA0235500_NIBRS,
6695152,25382,11,2014,U,,,N,F,,C,2014_11_PA0235500_NIBRS,
6717602,25382,12,2014,U,,,N,F,,C,2014_12_PA0235500_NIBRS,
6470658,25388,1,2014,U,,,N,F,,C,2014_01_PA038290X_NIBRS,
6493108,25388,2,2014,U,,,N,F,,C,2014_02_PA038290X_NIBRS,
6515558,25388,3,2014,U,,,N,F,,C,2014_03_PA038290X_NIBRS,
6538008,25388,4,2014,U,,,N,F,,C,2014_04_PA038290X_NIBRS,
6560458,25388,5,2014,U,,,N,F,,C,2014_05_PA038290X_NIBRS,
6582908,25388,6,2014,U,,,N,F,,C,2014_06_PA038290X_NIBRS,
6605358,25388,7,2014,U,,,N,F,,C,2014_07_PA038290X_NIBRS,
6627808,25388,8,2014,U,,,N,F,,C,2014_08_PA038290X_NIBRS,
6650258,25388,9,2014,U,,,N,F,,C,2014_09_PA038290X_NIBRS,
6672708,25388,10,2014,U,,,N,F,,C,2014_10_PA038290X_NIBRS,
6695158,25388,11,2014,U,,,N,F,,C,2014_11_PA038290X_NIBRS,
6717608,25388,12,2014,U,,,N,F,,C,2014_12_PA038290X_NIBRS,
6470659,25389,1,2014,U,,,N,F,,C,2014_01_PA0412100_NIBRS,
6493109,25389,2,2014,U,,,N,F,,C,2014_02_PA0412100_NIBRS,
6515559,25389,3,2014,U,,,N,F,,C,2014_03_PA0412100_NIBRS,
6538009,25389,4,2014,U,,,N,F,,C,2014_04_PA0412100_NIBRS,
6560459,25389,5,2014,U,,,N,F,,C,2014_05_PA0412100_NIBRS,
6582909,25389,6,2014,U,,,N,F,,C,2014_06_PA0412100_NIBRS,
6605359,25389,7,2014,U,,,N,F,,C,2014_07_PA0412100_NIBRS,
6627809,25389,8,2014,U,,,N,F,,C,2014_08_PA0412100_NIBRS,
6650259,25389,9,2014,U,,,N,F,,C,2014_09_PA0412100_NIBRS,
6672709,25389,10,2014,U,,,N,F,,C,2014_10_PA0412100_NIBRS,
6695159,25389,11,2014,U,,,N,F,,C,2014_11_PA0412100_NIBRS,
6717609,25389,12,2014,U,,,N,F,,C,2014_12_PA0412100_NIBRS,
6470660,25390,1,2014,U,,,N,F,,C,2014_01_PA0441100_NIBRS,
6493110,25390,2,2014,U,,,N,F,,C,2014_02_PA0441100_NIBRS,
6515560,25390,3,2014,U,,,N,F,,C,2014_03_PA0441100_NIBRS,
6538010,25390,4,2014,U,,,N,F,,C,2014_04_PA0441100_NIBRS,
6560460,25390,5,2014,U,,,N,F,,C,2014_05_PA0441100_NIBRS,
6582910,25390,6,2014,U,,,N,F,,C,2014_06_PA0441100_NIBRS,
6605360,25390,7,2014,U,,,N,F,,C,2014_07_PA0441100_NIBRS,
6627810,25390,8,2014,U,,,N,F,,C,2014_08_PA0441100_NIBRS,
6650260,25390,9,2014,U,,,N,F,,C,2014_09_PA0441100_NIBRS,
6672710,25390,10,2014,U,,,N,F,,C,2014_10_PA0441100_NIBRS,
6695160,25390,11,2014,U,,,N,F,,C,2014_11_PA0441100_NIBRS,
6717610,25390,12,2014,U,,,N,F,,C,2014_12_PA0441100_NIBRS,
6470661,25391,1,2014,U,,,N,F,,C,2014_01_PA0483800_NIBRS,
6493111,25391,2,2014,U,,,N,F,,C,2014_02_PA0483800_NIBRS,
6515561,25391,3,2014,U,,,N,F,,C,2014_03_PA0483800_NIBRS,
6538011,25391,4,2014,U,,,N,F,,C,2014_04_PA0483800_NIBRS,
6560461,25391,5,2014,U,,,N,F,,C,2014_05_PA0483800_NIBRS,
6582911,25391,6,2014,U,,,N,F,,C,2014_06_PA0483800_NIBRS,
6605361,25391,7,2014,U,,,N,F,,C,2014_07_PA0483800_NIBRS,
6627811,25391,8,2014,U,,,N,F,,C,2014_08_PA0483800_NIBRS,
6650261,25391,9,2014,U,,,N,F,,C,2014_09_PA0483800_NIBRS,
6672711,25391,10,2014,U,,,N,F,,C,2014_10_PA0483800_NIBRS,
6695161,25391,11,2014,U,,,N,F,,C,2014_11_PA0483800_NIBRS,
6717611,25391,12,2014,U,,,N,F,,C,2014_12_PA0483800_NIBRS,
6470662,25392,1,2014,U,,,N,F,,C,2014_01_PA0492100_NIBRS,
6493112,25392,2,2014,U,,,N,F,,C,2014_02_PA0492100_NIBRS,
6515562,25392,3,2014,U,,,N,F,,C,2014_03_PA0492100_NIBRS,
6538012,25392,4,2014,U,,,N,F,,C,2014_04_PA0492100_NIBRS,
6560462,25392,5,2014,U,,,N,F,,C,2014_05_PA0492100_NIBRS,
6582912,25392,6,2014,U,,,N,F,,C,2014_06_PA0492100_NIBRS,
6605362,25392,7,2014,U,,,N,F,,C,2014_07_PA0492100_NIBRS,
6627812,25392,8,2014,U,,,N,F,,C,2014_08_PA0492100_NIBRS,
6650262,25392,9,2014,U,,,N,F,,C,2014_09_PA0492100_NIBRS,
6672712,25392,10,2014,U,,,N,F,,C,2014_10_PA0492100_NIBRS,
6695162,25392,11,2014,U,,,N,F,,C,2014_11_PA0492100_NIBRS,
6717612,25392,12,2014,U,,,N,F,,C,2014_12_PA0492100_NIBRS,
6470663,25393,1,2014,U,,,N,F,,C,2014_01_PA0531400_NIBRS,
6493113,25393,2,2014,U,,,N,F,,C,2014_02_PA0531400_NIBRS,
6515563,25393,3,2014,U,,,N,F,,C,2014_03_PA0531400_NIBRS,
6538013,25393,4,2014,U,,,N,F,,C,2014_04_PA0531400_NIBRS,
6560463,25393,5,2014,U,,,N,F,,C,2014_05_PA0531400_NIBRS,
6582913,25393,6,2014,U,,,N,F,,C,2014_06_PA0531400_NIBRS,
6605363,25393,7,2014,U,,,N,F,,C,2014_07_PA0531400_NIBRS,
6627813,25393,8,2014,U,,,N,F,,C,2014_08_PA0531400_NIBRS,
6650263,25393,9,2014,U,,,N,F,,C,2014_09_PA0531400_NIBRS,
6672713,25393,10,2014,U,,,N,F,,C,2014_10_PA0531400_NIBRS,
6695163,25393,11,2014,U,,,N,F,,C,2014_11_PA0531400_NIBRS,
6717613,25393,12,2014,U,,,N,F,,C,2014_12_PA0531400_NIBRS,
6470664,25394,1,2014,U,,,N,F,,C,2014_01_PA0531500_NIBRS,
6493114,25394,2,2014,U,,,N,F,,C,2014_02_PA0531500_NIBRS,
6515564,25394,3,2014,U,,,N,F,,C,2014_03_PA0531500_NIBRS,
6538014,25394,4,2014,U,,,N,F,,C,2014_04_PA0531500_NIBRS,
6560464,25394,5,2014,U,,,N,F,,C,2014_05_PA0531500_NIBRS,
6582914,25394,6,2014,U,,,N,F,,C,2014_06_PA0531500_NIBRS,
6605364,25394,7,2014,U,,,N,F,,C,2014_07_PA0531500_NIBRS,
6627814,25394,8,2014,U,,,N,F,,C,2014_08_PA0531500_NIBRS,
6650264,25394,9,2014,U,,,N,F,,C,2014_09_PA0531500_NIBRS,
6672714,25394,10,2014,U,,,N,F,,C,2014_10_PA0531500_NIBRS,
6695164,25394,11,2014,U,,,N,F,,C,2014_11_PA0531500_NIBRS,
6717614,25394,12,2014,U,,,N,F,,C,2014_12_PA0531500_NIBRS,
6470665,25395,1,2014,U,,,N,F,,C,2014_01_PA0592000_NIBRS,
6493115,25395,2,2014,U,,,N,F,,C,2014_02_PA0592000_NIBRS,
6515565,25395,3,2014,U,,,N,F,,C,2014_03_PA0592000_NIBRS,
6538015,25395,4,2014,U,,,N,F,,C,2014_04_PA0592000_NIBRS,
6560465,25395,5,2014,U,,,N,F,,C,2014_05_PA0592000_NIBRS,
6582915,25395,6,2014,U,,,N,F,,C,2014_06_PA0592000_NIBRS,
6605365,25395,7,2014,U,,,N,F,,C,2014_07_PA0592000_NIBRS,
6627815,25395,8,2014,U,,,N,F,,C,2014_08_PA0592000_NIBRS,
6650265,25395,9,2014,U,,,N,F,,C,2014_09_PA0592000_NIBRS,
6672715,25395,10,2014,U,,,N,F,,C,2014_10_PA0592000_NIBRS,
6695165,25395,11,2014,U,,,N,F,,C,2014_11_PA0592000_NIBRS,
6717615,25395,12,2014,U,,,N,F,,C,2014_12_PA0592000_NIBRS,
6470666,25396,1,2014,U,,,N,F,,C,2014_01_PA0592100_NIBRS,
6493116,25396,2,2014,U,,,N,F,,C,2014_02_PA0592100_NIBRS,
6515566,25396,3,2014,U,,,N,F,,C,2014_03_PA0592100_NIBRS,
6538016,25396,4,2014,U,,,N,F,,C,2014_04_PA0592100_NIBRS,
6560466,25396,5,2014,U,,,N,F,,C,2014_05_PA0592100_NIBRS,
6582916,25396,6,2014,U,,,N,F,,C,2014_06_PA0592100_NIBRS,
6605366,25396,7,2014,U,,,N,F,,C,2014_07_PA0592100_NIBRS,
6627816,25396,8,2014,U,,,N,F,,C,2014_08_PA0592100_NIBRS,
6650266,25396,9,2014,U,,,N,F,,C,2014_09_PA0592100_NIBRS,
6672716,25396,10,2014,U,,,N,F,,C,2014_10_PA0592100_NIBRS,
6695166,25396,11,2014,U,,,N,F,,C,2014_11_PA0592100_NIBRS,
6717616,25396,12,2014,U,,,N,F,,C,2014_12_PA0592100_NIBRS,
6470667,25397,1,2014,U,,,N,F,,C,2014_01_PA0600900_NIBRS,
6493117,25397,2,2014,U,,,N,F,,C,2014_02_PA0600900_NIBRS,
6515567,25397,3,2014,U,,,N,F,,C,2014_03_PA0600900_NIBRS,
6538017,25397,4,2014,U,,,N,F,,C,2014_04_PA0600900_NIBRS,
6560467,25397,5,2014,U,,,N,F,,C,2014_05_PA0600900_NIBRS,
6582917,25397,6,2014,U,,,N,F,,C,2014_06_PA0600900_NIBRS,
6605367,25397,7,2014,U,,,N,F,,C,2014_07_PA0600900_NIBRS,
6627817,25397,8,2014,U,,,N,F,,C,2014_08_PA0600900_NIBRS,
6650267,25397,9,2014,U,,,N,F,,C,2014_09_PA0600900_NIBRS,
6672717,25397,10,2014,U,,,N,F,,C,2014_10_PA0600900_NIBRS,
6695167,25397,11,2014,U,,,N,F,,C,2014_11_PA0600900_NIBRS,
6717617,25397,12,2014,U,,,N,F,,C,2014_12_PA0600900_NIBRS,
6470668,25398,1,2014,U,,,N,F,,C,2014_01_PA0620700_NIBRS,
6493118,25398,2,2014,Z,,,N,F,,C,2014_02_PA0620700_NIBRS,
6515568,25398,3,2014,Z,,,N,F,,C,2014_03_PA0620700_NIBRS,
6538018,25398,4,2014,Z,,,N,F,,C,2014_04_PA0620700_NIBRS,
6560468,25398,5,2014,Z,,,N,F,,C,2014_05_PA0620700_NIBRS,
6582918,25398,6,2014,Z,,,N,F,,C,2014_06_PA0620700_NIBRS,
6605368,25398,7,2014,Z,,,N,F,,C,2014_07_PA0620700_NIBRS,
6627818,25398,8,2014,Z,,,N,F,,C,2014_08_PA0620700_NIBRS,
6650268,25398,9,2014,Z,,,N,F,,C,2014_09_PA0620700_NIBRS,
6672718,25398,10,2014,Z,,,N,F,,C,2014_10_PA0620700_NIBRS,
6695168,25398,11,2014,Z,,,N,F,,C,2014_11_PA0620700_NIBRS,
6717618,25398,12,2014,Z,,,N,F,,C,2014_12_PA0620700_NIBRS,
6470669,25399,1,2014,U,,,N,F,,C,2014_01_PA0621200_NIBRS,
6493119,25399,2,2014,U,,,N,F,,C,2014_02_PA0621200_NIBRS,
6515569,25399,3,2014,U,,,N,F,,C,2014_03_PA0621200_NIBRS,
6538019,25399,4,2014,U,,,N,F,,C,2014_04_PA0621200_NIBRS,
6560469,25399,5,2014,U,,,N,F,,C,2014_05_PA0621200_NIBRS,
6582919,25399,6,2014,U,,,N,F,,C,2014_06_PA0621200_NIBRS,
6605369,25399,7,2014,U,,,N,F,,C,2014_07_PA0621200_NIBRS,
6627819,25399,8,2014,U,,,N,F,,C,2014_08_PA0621200_NIBRS,
6650269,25399,9,2014,U,,,N,F,,C,2014_09_PA0621200_NIBRS,
6672719,25399,10,2014,U,,,N,F,,C,2014_10_PA0621200_NIBRS,
6695169,25399,11,2014,U,,,N,F,,C,2014_11_PA0621200_NIBRS,
6717619,25399,12,2014,U,,,N,F,,C,2014_12_PA0621200_NIBRS,
6470670,25400,1,2014,U,,,N,F,,C,2014_01_PA0676400_NIBRS,
6493120,25400,2,2014,U,,,N,F,,C,2014_02_PA0676400_NIBRS,
6515570,25400,3,2014,U,,,N,F,,C,2014_03_PA0676400_NIBRS,
6538020,25400,4,2014,U,,,N,F,,C,2014_04_PA0676400_NIBRS,
6560470,25400,5,2014,U,,,N,F,,C,2014_05_PA0676400_NIBRS,
6582920,25400,6,2014,U,,,N,F,,C,2014_06_PA0676400_NIBRS,
6605370,25400,7,2014,U,,,N,F,,C,2014_07_PA0676400_NIBRS,
6627820,25400,8,2014,U,,,N,F,,C,2014_08_PA0676400_NIBRS,
6650270,25400,9,2014,U,,,N,F,,C,2014_09_PA0676400_NIBRS,
6672720,25400,10,2014,U,,,N,F,,C,2014_10_PA0676400_NIBRS,
6695170,25400,11,2014,U,,,N,F,,C,2014_11_PA0676400_NIBRS,
6717620,25400,12,2014,U,,,N,F,,C,2014_12_PA0676400_NIBRS,
6470693,25423,1,2014,U,,,N,F,,C,2014_01_PA0082000_NIBRS,
6493143,25423,2,2014,U,,,N,F,,C,2014_02_PA0082000_NIBRS,
6515593,25423,3,2014,U,,,N,F,,C,2014_03_PA0082000_NIBRS,
6538043,25423,4,2014,U,,,N,F,,C,2014_04_PA0082000_NIBRS,
6560493,25423,5,2014,U,,,N,F,,C,2014_05_PA0082000_NIBRS,
6582943,25423,6,2014,U,,,N,F,,C,2014_06_PA0082000_NIBRS,
6605393,25423,7,2014,U,,,N,F,,C,2014_07_PA0082000_NIBRS,
6627843,25423,8,2014,U,,,N,F,,C,2014_08_PA0082000_NIBRS,
6650293,25423,9,2014,U,,,N,F,,C,2014_09_PA0082000_NIBRS,
6672743,25423,10,2014,U,,,N,F,,C,2014_10_PA0082000_NIBRS,
6695193,25423,11,2014,U,,,N,F,,C,2014_11_PA0082000_NIBRS,
6717643,25423,12,2014,U,,,N,F,,C,2014_12_PA0082000_NIBRS,
6470694,25424,1,2014,U,,,N,F,,C,2014_01_PA0171800_NIBRS,
6493144,25424,2,2014,U,,,N,F,,C,2014_02_PA0171800_NIBRS,
6515594,25424,3,2014,U,,,N,F,,C,2014_03_PA0171800_NIBRS,
6538044,25424,4,2014,U,,,N,F,,C,2014_04_PA0171800_NIBRS,
6560494,25424,5,2014,U,,,N,F,,C,2014_05_PA0171800_NIBRS,
6582944,25424,6,2014,U,,,N,F,,C,2014_06_PA0171800_NIBRS,
6605394,25424,7,2014,U,,,N,F,,C,2014_07_PA0171800_NIBRS,
6627844,25424,8,2014,U,,,N,F,,C,2014_08_PA0171800_NIBRS,
6650294,25424,9,2014,U,,,N,F,,C,2014_09_PA0171800_NIBRS,
6672744,25424,10,2014,U,,,N,F,,C,2014_10_PA0171800_NIBRS,
6695194,25424,11,2014,U,,,N,F,,C,2014_11_PA0171800_NIBRS,
6717644,25424,12,2014,U,,,N,F,,C,2014_12_PA0171800_NIBRS,
6470695,25425,1,2014,U,,,N,F,,C,2014_01_PA0321600_NIBRS,
6493145,25425,2,2014,U,,,N,F,,C,2014_02_PA0321600_NIBRS,
6515595,25425,3,2014,U,,,N,F,,C,2014_03_PA0321600_NIBRS,
6538045,25425,4,2014,U,,,N,F,,C,2014_04_PA0321600_NIBRS,
6560495,25425,5,2014,U,,,N,F,,C,2014_05_PA0321600_NIBRS,
6582945,25425,6,2014,U,,,N,F,,C,2014_06_PA0321600_NIBRS,
6605395,25425,7,2014,U,,,N,F,,C,2014_07_PA0321600_NIBRS,
6627845,25425,8,2014,U,,,N,F,,C,2014_08_PA0321600_NIBRS,
6650295,25425,9,2014,U,,,N,F,,C,2014_09_PA0321600_NIBRS,
6672745,25425,10,2014,U,,,N,F,,C,2014_10_PA0321600_NIBRS,
6695195,25425,11,2014,U,,,N,F,,C,2014_11_PA0321600_NIBRS,
6717645,25425,12,2014,U,,,N,F,,C,2014_12_PA0321600_NIBRS,
6470700,25430,1,2014,U,,,N,F,,C,2014_01_PA0331300_NIBRS,
6493150,25430,2,2014,U,,,N,F,,C,2014_02_PA0331300_NIBRS,
6515600,25430,3,2014,U,,,N,F,,C,2014_03_PA0331300_NIBRS,
6538050,25430,4,2014,U,,,N,F,,C,2014_04_PA0331300_NIBRS,
6560500,25430,5,2014,U,,,N,F,,C,2014_05_PA0331300_NIBRS,
6582950,25430,6,2014,U,,,N,F,,C,2014_06_PA0331300_NIBRS,
6605400,25430,7,2014,U,,,N,F,,C,2014_07_PA0331300_NIBRS,
6627850,25430,8,2014,U,,,N,F,,C,2014_08_PA0331300_NIBRS,
6650300,25430,9,2014,U,,,N,F,,C,2014_09_PA0331300_NIBRS,
6672750,25430,10,2014,U,,,N,F,,C,2014_10_PA0331300_NIBRS,
6695200,25430,11,2014,U,,,N,F,,C,2014_11_PA0331300_NIBRS,
6717650,25430,12,2014,U,,,N,F,,C,2014_12_PA0331300_NIBRS,
6470772,25631,1,2014,U,,,N,F,,C,2014_01_PA0407200_NIBRS,
6493222,25631,2,2014,U,,,N,F,,C,2014_02_PA0407200_NIBRS,
6515672,25631,3,2014,U,,,N,F,,C,2014_03_PA0407200_NIBRS,
6538122,25631,4,2014,U,,,N,F,,C,2014_04_PA0407200_NIBRS,
6560572,25631,5,2014,U,,,N,F,,C,2014_05_PA0407200_NIBRS,
6583022,25631,6,2014,U,,,N,F,,C,2014_06_PA0407200_NIBRS,
6605472,25631,7,2014,U,,,N,F,,C,2014_07_PA0407200_NIBRS,
6627922,25631,8,2014,U,,,N,F,,C,2014_08_PA0407200_NIBRS,
6650372,25631,9,2014,U,,,N,F,,C,2014_09_PA0407200_NIBRS,
6672822,25631,10,2014,U,,,N,F,,C,2014_10_PA0407200_NIBRS,
6695272,25631,11,2014,U,,,N,F,,C,2014_11_PA0407200_NIBRS,
6717722,25631,12,2014,U,,,N,F,,C,2014_12_PA0407200_NIBRS,
6470795,25654,1,2014,U,,,N,F,,C,2014_01_PA0371200_NIBRS,
6493245,25654,2,2014,U,,,N,F,,C,2014_02_PA0371200_NIBRS,
6515695,25654,3,2014,U,,,N,F,,C,2014_03_PA0371200_NIBRS,
6538145,25654,4,2014,U,,,N,F,,C,2014_04_PA0371200_NIBRS,
6560595,25654,5,2014,U,,,N,F,,C,2014_05_PA0371200_NIBRS,
6583045,25654,6,2014,U,,,N,F,,C,2014_06_PA0371200_NIBRS,
6605495,25654,7,2014,U,,,N,F,,C,2014_07_PA0371200_NIBRS,
6627945,25654,8,2014,U,,,N,F,,C,2014_08_PA0371200_NIBRS,
6650395,25654,9,2014,U,,,N,F,,C,2014_09_PA0371200_NIBRS,
6672845,25654,10,2014,U,,,N,F,,C,2014_10_PA0371200_NIBRS,
6695295,25654,11,2014,U,,,N,F,,C,2014_11_PA0371200_NIBRS,
6717745,25654,12,2014,U,,,N,F,,C,2014_12_PA0371200_NIBRS,
6470801,25660,1,2014,U,,,N,F,,C,2014_01_PA0104000_NIBRS,
6493251,25660,2,2014,U,,,N,F,,C,2014_02_PA0104000_NIBRS,
6515701,25660,3,2014,U,,,N,F,,C,2014_03_PA0104000_NIBRS,
6538151,25660,4,2014,U,,,N,F,,C,2014_04_PA0104000_NIBRS,
6560601,25660,5,2014,U,,,N,F,,C,2014_05_PA0104000_NIBRS,
6583051,25660,6,2014,U,,,N,F,,C,2014_06_PA0104000_NIBRS,
6605501,25660,7,2014,U,,,N,F,,C,2014_07_PA0104000_NIBRS,
6627951,25660,8,2014,U,,,N,F,,C,2014_08_PA0104000_NIBRS,
6650401,25660,9,2014,U,,,N,F,,C,2014_09_PA0104000_NIBRS,
6672851,25660,10,2014,U,,,N,F,,C,2014_10_PA0104000_NIBRS,
6695301,25660,11,2014,U,,,N,F,,C,2014_11_PA0104000_NIBRS,
6717751,25660,12,2014,U,,,N,F,,C,2014_12_PA0104000_NIBRS,
6465436,17119,1,2014,U,,,N,F,,C,2014_01_PA0610000_NIBRS,
6487886,17119,2,2014,U,,,N,F,,C,2014_02_PA0610000_NIBRS,
6510336,17119,3,2014,U,,,N,F,,C,2014_03_PA0610000_NIBRS,
6532786,17119,4,2014,U,,,N,F,,C,2014_04_PA0610000_NIBRS,
6555236,17119,5,2014,U,,,N,F,,C,2014_05_PA0610000_NIBRS,
6577686,17119,6,2014,U,,,N,F,,C,2014_06_PA0610000_NIBRS,
6600136,17119,7,2014,U,,,N,F,,C,2014_07_PA0610000_NIBRS,
6622586,17119,8,2014,U,,,N,F,,C,2014_08_PA0610000_NIBRS,
6645036,17119,9,2014,U,,,N,F,,C,2014_09_PA0610000_NIBRS,
6667486,17119,10,2014,U,,,N,F,,C,2014_10_PA0610000_NIBRS,
6689936,17119,11,2014,U,,,N,F,,C,2014_11_PA0610000_NIBRS,
6712386,17119,12,2014,U,,,N,F,,C,2014_12_PA0610000_NIBRS,
6465437,17120,1,2014,U,,,N,F,,C,2014_01_PA0610100_NIBRS,
6487887,17120,2,2014,U,,,N,F,,C,2014_02_PA0610100_NIBRS,
6510337,17120,3,2014,U,,,N,F,,C,2014_03_PA0610100_NIBRS,
6532787,17120,4,2014,U,,,N,F,,C,2014_04_PA0610100_NIBRS,
6555237,17120,5,2014,U,,,N,F,,C,2014_05_PA0610100_NIBRS,
6577687,17120,6,2014,U,,,N,F,,C,2014_06_PA0610100_NIBRS,
6600137,17120,7,2014,U,,,N,F,,C,2014_07_PA0610100_NIBRS,
6622587,17120,8,2014,U,,,N,F,,C,2014_08_PA0610100_NIBRS,
6645037,17120,9,2014,U,,,N,F,,C,2014_09_PA0610100_NIBRS,
6667487,17120,10,2014,U,,,N,F,,C,2014_10_PA0610100_NIBRS,
6689937,17120,11,2014,U,,,N,F,,C,2014_11_PA0610100_NIBRS,
6712387,17120,12,2014,U,,,N,F,,C,2014_12_PA0610100_NIBRS,
6464064,15747,1,2014,U,,,N,F,,C,2014_01_PA0024000_NIBRS,
6486514,15747,2,2014,U,,,N,F,,C,2014_02_PA0024000_NIBRS,
6508964,15747,3,2014,U,,,N,F,,C,2014_03_PA0024000_NIBRS,
6531414,15747,4,2014,U,,,N,F,,C,2014_04_PA0024000_NIBRS,
6553864,15747,5,2014,U,,,N,F,,C,2014_05_PA0024000_NIBRS,
6576314,15747,6,2014,U,,,N,F,,C,2014_06_PA0024000_NIBRS,
6598764,15747,7,2014,U,,,N,F,,C,2014_07_PA0024000_NIBRS,
6621214,15747,8,2014,U,,,N,F,,C,2014_08_PA0024000_NIBRS,
6643664,15747,9,2014,U,,,N,F,,C,2014_09_PA0024000_NIBRS,
6666114,15747,10,2014,U,,,N,F,,C,2014_10_PA0024000_NIBRS,
6688564,15747,11,2014,U,,,N,F,,C,2014_11_PA0024000_NIBRS,
6711014,15747,12,2014,U,,,N,F,,C,2014_12_PA0024000_NIBRS,
6465626,17309,1,2014,U,,,N,F,,C,2014_01_PA067630X_NIBRS,
6488076,17309,2,2014,U,,,N,F,,C,2014_02_PA067630X_NIBRS,
6510526,17309,3,2014,U,,,N,F,,C,2014_03_PA067630X_NIBRS,
6532976,17309,4,2014,U,,,N,F,,C,2014_04_PA067630X_NIBRS,
6555426,17309,5,2014,U,,,N,F,,C,2014_05_PA067630X_NIBRS,
6577876,17309,6,2014,U,,,N,F,,C,2014_06_PA067630X_NIBRS,
6600326,17309,7,2014,U,,,N,F,,C,2014_07_PA067630X_NIBRS,
6622776,17309,8,2014,U,,,N,F,,C,2014_08_PA067630X_NIBRS,
6645226,17309,9,2014,U,,,N,F,,C,2014_09_PA067630X_NIBRS,
6667676,17309,10,2014,U,,,N,F,,C,2014_10_PA067630X_NIBRS,
6690126,17309,11,2014,U,,,N,F,,C,2014_11_PA067630X_NIBRS,
6712576,17309,12,2014,U,,,N,F,,C,2014_12_PA067630X_NIBRS,
6465438,17121,1,2014,U,,,N,F,,C,2014_01_PA0610200_NIBRS,
6487888,17121,2,2014,U,,,N,F,,C,2014_02_PA0610200_NIBRS,
6510338,17121,3,2014,U,,,N,F,,C,2014_03_PA0610200_NIBRS,
6532788,17121,4,2014,U,,,N,F,,C,2014_04_PA0610200_NIBRS,
6555238,17121,5,2014,U,,,N,F,,C,2014_05_PA0610200_NIBRS,
6577688,17121,6,2014,U,,,N,F,,C,2014_06_PA0610200_NIBRS,
6600138,17121,7,2014,U,,,N,F,,C,2014_07_PA0610200_NIBRS,
6622588,17121,8,2014,U,,,N,F,,C,2014_08_PA0610200_NIBRS,
6645038,17121,9,2014,U,,,N,F,,C,2014_09_PA0610200_NIBRS,
6667488,17121,10,2014,U,,,N,F,,C,2014_10_PA0610200_NIBRS,
6689938,17121,11,2014,U,,,N,F,,C,2014_11_PA0610200_NIBRS,
6712388,17121,12,2014,U,,,N,F,,C,2014_12_PA0610200_NIBRS,
6465439,17122,1,2014,U,,,N,F,,C,2014_01_PA0610300_NIBRS,
6487889,17122,2,2014,U,,,N,F,,C,2014_02_PA0610300_NIBRS,
6510339,17122,3,2014,U,,,N,F,,C,2014_03_PA0610300_NIBRS,
6532789,17122,4,2014,U,,,N,F,,C,2014_04_PA0610300_NIBRS,
6555239,17122,5,2014,U,,,N,F,,C,2014_05_PA0610300_NIBRS,
6577689,17122,6,2014,U,,,N,F,,C,2014_06_PA0610300_NIBRS,
6600139,17122,7,2014,U,,,N,F,,C,2014_07_PA0610300_NIBRS,
6622589,17122,8,2014,U,,,N,F,,C,2014_08_PA0610300_NIBRS,
6645039,17122,9,2014,U,,,N,F,,C,2014_09_PA0610300_NIBRS,
6667489,17122,10,2014,U,,,N,F,,C,2014_10_PA0610300_NIBRS,
6689939,17122,11,2014,U,,,N,F,,C,2014_11_PA0610300_NIBRS,
6712389,17122,12,2014,U,,,N,F,,C,2014_12_PA0610300_NIBRS,
6465440,17123,1,2014,U,,,N,F,,C,2014_01_PA0610500_NIBRS,
6487890,17123,2,2014,U,,,N,F,,C,2014_02_PA0610500_NIBRS,
6510340,17123,3,2014,U,,,N,F,,C,2014_03_PA0610500_NIBRS,
6532790,17123,4,2014,U,,,N,F,,C,2014_04_PA0610500_NIBRS,
6555240,17123,5,2014,U,,,N,F,,C,2014_05_PA0610500_NIBRS,
6577690,17123,6,2014,U,,,N,F,,C,2014_06_PA0610500_NIBRS,
6600140,17123,7,2014,U,,,N,F,,C,2014_07_PA0610500_NIBRS,
6622590,17123,8,2014,U,,,N,F,,C,2014_08_PA0610500_NIBRS,
6645040,17123,9,2014,U,,,N,F,,C,2014_09_PA0610500_NIBRS,
6667490,17123,10,2014,U,,,N,F,,C,2014_10_PA0610500_NIBRS,
6689940,17123,11,2014,U,,,N,F,,C,2014_11_PA0610500_NIBRS,
6712390,17123,12,2014,U,,,N,F,,C,2014_12_PA0610500_NIBRS,
6465441,17124,1,2014,U,,,N,F,,C,2014_01_PA0611100_NIBRS,
6487891,17124,2,2014,U,,,N,F,,C,2014_02_PA0611100_NIBRS,
6510341,17124,3,2014,U,,,N,F,,C,2014_03_PA0611100_NIBRS,
6532791,17124,4,2014,U,,,N,F,,C,2014_04_PA0611100_NIBRS,
6555241,17124,5,2014,U,,,N,F,,C,2014_05_PA0611100_NIBRS,
6577691,17124,6,2014,U,,,N,F,,C,2014_06_PA0611100_NIBRS,
6600141,17124,7,2014,U,,,N,F,,C,2014_07_PA0611100_NIBRS,
6622591,17124,8,2014,U,,,N,F,,C,2014_08_PA0611100_NIBRS,
6645041,17124,9,2014,U,,,N,F,,C,2014_09_PA0611100_NIBRS,
6667491,17124,10,2014,U,,,N,F,,C,2014_10_PA0611100_NIBRS,
6689941,17124,11,2014,U,,,N,F,,C,2014_11_PA0611100_NIBRS,
6712391,17124,12,2014,U,,,N,F,,C,2014_12_PA0611100_NIBRS,
6465442,17125,1,2014,U,,,N,F,,C,2014_01_PA0611400_NIBRS,
6487892,17125,2,2014,U,,,N,F,,C,2014_02_PA0611400_NIBRS,
6510342,17125,3,2014,U,,,N,F,,C,2014_03_PA0611400_NIBRS,
6532792,17125,4,2014,U,,,N,F,,C,2014_04_PA0611400_NIBRS,
6555242,17125,5,2014,U,,,N,F,,C,2014_05_PA0611400_NIBRS,
6577692,17125,6,2014,U,,,N,F,,C,2014_06_PA0611400_NIBRS,
6600142,17125,7,2014,U,,,N,F,,C,2014_07_PA0611400_NIBRS,
6622592,17125,8,2014,U,,,N,F,,C,2014_08_PA0611400_NIBRS,
6645042,17125,9,2014,U,,,N,F,,C,2014_09_PA0611400_NIBRS,
6667492,17125,10,2014,U,,,N,F,,C,2014_10_PA0611400_NIBRS,
6689942,17125,11,2014,U,,,N,F,,C,2014_11_PA0611400_NIBRS,
6712392,17125,12,2014,U,,,N,F,,C,2014_12_PA0611400_NIBRS,
6465433,17116,1,2014,U,,,N,F,,C,2014_01_PA060BF00_NIBRS,
6487883,17116,2,2014,U,,,N,F,,C,2014_02_PA060BF00_NIBRS,
6510333,17116,3,2014,U,,,N,F,,C,2014_03_PA060BF00_NIBRS,
6532783,17116,4,2014,U,,,N,F,,C,2014_04_PA060BF00_NIBRS,
6555233,17116,5,2014,U,,,N,F,,C,2014_05_PA060BF00_NIBRS,
6577683,17116,6,2014,U,,,N,F,,C,2014_06_PA060BF00_NIBRS,
6600133,17116,7,2014,U,,,N,F,,C,2014_07_PA060BF00_NIBRS,
6622583,17116,8,2014,U,,,N,F,,C,2014_08_PA060BF00_NIBRS,
6645033,17116,9,2014,U,,,N,F,,C,2014_09_PA060BF00_NIBRS,
6667483,17116,10,2014,U,,,N,F,,C,2014_10_PA060BF00_NIBRS,
6689933,17116,11,2014,U,,,N,F,,C,2014_11_PA060BF00_NIBRS,
6712383,17116,12,2014,U,,,N,F,,C,2014_12_PA060BF00_NIBRS,
6465434,17117,1,2014,U,,,N,F,,C,2014_01_PA060DE00_NIBRS,
6487884,17117,2,2014,U,,,N,F,,C,2014_02_PA060DE00_NIBRS,
6510334,17117,3,2014,U,,,N,F,,C,2014_03_PA060DE00_NIBRS,
6532784,17117,4,2014,U,,,N,F,,C,2014_04_PA060DE00_NIBRS,
6555234,17117,5,2014,U,,,N,F,,C,2014_05_PA060DE00_NIBRS,
6577684,17117,6,2014,U,,,N,F,,C,2014_06_PA060DE00_NIBRS,
6600134,17117,7,2014,U,,,N,F,,C,2014_07_PA060DE00_NIBRS,
6622584,17117,8,2014,U,,,N,F,,C,2014_08_PA060DE00_NIBRS,
6645034,17117,9,2014,U,,,N,F,,C,2014_09_PA060DE00_NIBRS,
6667484,17117,10,2014,U,,,N,F,,C,2014_10_PA060DE00_NIBRS,
6689934,17117,11,2014,U,,,N,F,,C,2014_11_PA060DE00_NIBRS,
6712384,17117,12,2014,U,,,N,F,,C,2014_12_PA060DE00_NIBRS,
6465435,17118,1,2014,U,,,N,F,,C,2014_01_PA060SP00_NIBRS,
6487885,17118,2,2014,U,,,N,F,,C,2014_02_PA060SP00_NIBRS,
6510335,17118,3,2014,U,,,N,F,,C,2014_03_PA060SP00_NIBRS,
6532785,17118,4,2014,U,,,N,F,,C,2014_04_PA060SP00_NIBRS,
6555235,17118,5,2014,U,,,N,F,,C,2014_05_PA060SP00_NIBRS,
6577685,17118,6,2014,U,,,N,F,,C,2014_06_PA060SP00_NIBRS,
6600135,17118,7,2014,U,,,N,F,,C,2014_07_PA060SP00_NIBRS,
6622585,17118,8,2014,U,,,N,F,,C,2014_08_PA060SP00_NIBRS,
6645035,17118,9,2014,U,,,N,F,,C,2014_09_PA060SP00_NIBRS,
6667485,17118,10,2014,U,,,N,F,,C,2014_10_PA060SP00_NIBRS,
6689935,17118,11,2014,U,,,N,F,,C,2014_11_PA060SP00_NIBRS,
6712385,17118,12,2014,U,,,N,F,,C,2014_12_PA060SP00_NIBRS,
6470462,23258,1,2014,U,,,N,F,,C,2014_01_PA0611500_NIBRS,
6492912,23258,2,2014,U,,,N,F,,C,2014_02_PA0611500_NIBRS,
6515362,23258,3,2014,U,,,N,F,,C,2014_03_PA0611500_NIBRS,
6537812,23258,4,2014,U,,,N,F,,C,2014_04_PA0611500_NIBRS,
6560262,23258,5,2014,U,,,N,F,,C,2014_05_PA0611500_NIBRS,
6582712,23258,6,2014,U,,,N,F,,C,2014_06_PA0611500_NIBRS,
6605162,23258,7,2014,U,,,N,F,,C,2014_07_PA0611500_NIBRS,
6627612,23258,8,2014,U,,,N,F,,C,2014_08_PA0611500_NIBRS,
6650062,23258,9,2014,U,,,N,F,,C,2014_09_PA0611500_NIBRS,
6672512,23258,10,2014,U,,,N,F,,C,2014_10_PA0611500_NIBRS,
6694962,23258,11,2014,U,,,N,F,,C,2014_11_PA0611500_NIBRS,
6717412,23258,12,2014,U,,,N,F,,C,2014_12_PA0611500_NIBRS,
6465443,17126,1,2014,U,,,N,F,,C,2014_01_PA061BF00_NIBRS,
6487893,17126,2,2014,U,,,N,F,,C,2014_02_PA061BF00_NIBRS,
6510343,17126,3,2014,U,,,N,F,,C,2014_03_PA061BF00_NIBRS,
6532793,17126,4,2014,U,,,N,F,,C,2014_04_PA061BF00_NIBRS,
6555243,17126,5,2014,U,,,N,F,,C,2014_05_PA061BF00_NIBRS,
6577693,17126,6,2014,U,,,N,F,,C,2014_06_PA061BF00_NIBRS,
6600143,17126,7,2014,U,,,N,F,,C,2014_07_PA061BF00_NIBRS,
6622593,17126,8,2014,U,,,N,F,,C,2014_08_PA061BF00_NIBRS,
6645043,17126,9,2014,U,,,N,F,,C,2014_09_PA061BF00_NIBRS,
6667493,17126,10,2014,U,,,N,F,,C,2014_10_PA061BF00_NIBRS,
6689943,17126,11,2014,U,,,N,F,,C,2014_11_PA061BF00_NIBRS,
6712393,17126,12,2014,U,,,N,F,,C,2014_12_PA061BF00_NIBRS,
6465444,17127,1,2014,U,,,N,F,,C,2014_01_PA061DE00_NIBRS,
6487894,17127,2,2014,U,,,N,F,,C,2014_02_PA061DE00_NIBRS,
6510344,17127,3,2014,U,,,N,F,,C,2014_03_PA061DE00_NIBRS,
6532794,17127,4,2014,U,,,N,F,,C,2014_04_PA061DE00_NIBRS,
6555244,17127,5,2014,U,,,N,F,,C,2014_05_PA061DE00_NIBRS,
6577694,17127,6,2014,U,,,N,F,,C,2014_06_PA061DE00_NIBRS,
6600144,17127,7,2014,U,,,N,F,,C,2014_07_PA061DE00_NIBRS,
6622594,17127,8,2014,U,,,N,F,,C,2014_08_PA061DE00_NIBRS,
6645044,17127,9,2014,U,,,N,F,,C,2014_09_PA061DE00_NIBRS,
6667494,17127,10,2014,U,,,N,F,,C,2014_10_PA061DE00_NIBRS,
6689944,17127,11,2014,U,,,N,F,,C,2014_11_PA061DE00_NIBRS,
6712394,17127,12,2014,U,,,N,F,,C,2014_12_PA061DE00_NIBRS,
6465445,17128,1,2014,U,,,N,F,,C,2014_01_PA061SP00_NIBRS,
6487895,17128,2,2014,U,,,N,F,,C,2014_02_PA061SP00_NIBRS,
6510345,17128,3,2014,U,,,N,F,,C,2014_03_PA061SP00_NIBRS,
6532795,17128,4,2014,U,,,N,F,,C,2014_04_PA061SP00_NIBRS,
6555245,17128,5,2014,U,,,N,F,,C,2014_05_PA061SP00_NIBRS,
6577695,17128,6,2014,U,,,N,F,,C,2014_06_PA061SP00_NIBRS,
6600145,17128,7,2014,U,,,N,F,,C,2014_07_PA061SP00_NIBRS,
6622595,17128,8,2014,U,,,N,F,,C,2014_08_PA061SP00_NIBRS,
6645045,17128,9,2014,U,,,N,F,,C,2014_09_PA061SP00_NIBRS,
6667495,17128,10,2014,U,,,N,F,,C,2014_10_PA061SP00_NIBRS,
6689945,17128,11,2014,U,,,N,F,,C,2014_11_PA061SP00_NIBRS,
6712395,17128,12,2014,U,,,N,F,,C,2014_12_PA061SP00_NIBRS,
6465446,17129,1,2014,U,,,N,F,,C,2014_01_PA0620000_NIBRS,
6487896,17129,2,2014,U,,,N,F,,C,2014_02_PA0620000_NIBRS,
6510346,17129,3,2014,U,,,N,F,,C,2014_03_PA0620000_NIBRS,
6532796,17129,4,2014,U,,,N,F,,C,2014_04_PA0620000_NIBRS,
6555246,17129,5,2014,U,,,N,F,,C,2014_05_PA0620000_NIBRS,
6577696,17129,6,2014,U,,,N,F,,C,2014_06_PA0620000_NIBRS,
6600146,17129,7,2014,U,,,N,F,,C,2014_07_PA0620000_NIBRS,
6622596,17129,8,2014,U,,,N,F,,C,2014_08_PA0620000_NIBRS,
6645046,17129,9,2014,U,,,N,F,,C,2014_09_PA0620000_NIBRS,
6667496,17129,10,2014,U,,,N,F,,C,2014_10_PA0620000_NIBRS,
6689946,17129,11,2014,U,,,N,F,,C,2014_11_PA0620000_NIBRS,
6712396,17129,12,2014,U,,,N,F,,C,2014_12_PA0620000_NIBRS,
6465447,17130,1,2014,U,,,N,F,,C,2014_01_PA0620100_NIBRS,
6487897,17130,2,2014,U,,,N,F,,C,2014_02_PA0620100_NIBRS,
6510347,17130,3,2014,U,,,N,F,,C,2014_03_PA0620100_NIBRS,
6532797,17130,4,2014,U,,,N,F,,C,2014_04_PA0620100_NIBRS,
6555247,17130,5,2014,U,,,N,F,,C,2014_05_PA0620100_NIBRS,
6577697,17130,6,2014,U,,,N,F,,C,2014_06_PA0620100_NIBRS,
6600147,17130,7,2014,U,,,N,F,,C,2014_07_PA0620100_NIBRS,
6622597,17130,8,2014,U,,,N,F,,C,2014_08_PA0620100_NIBRS,
6645047,17130,9,2014,U,,,N,F,,C,2014_09_PA0620100_NIBRS,
6667497,17130,10,2014,U,,,N,F,,C,2014_10_PA0620100_NIBRS,
6689947,17130,11,2014,U,,,N,F,,C,2014_11_PA0620100_NIBRS,
6712397,17130,12,2014,U,,,N,F,,C,2014_12_PA0620100_NIBRS,
6465448,17131,1,2014,U,,,N,F,,C,2014_01_PA0620200_NIBRS,
6487898,17131,2,2014,U,,,N,F,,C,2014_02_PA0620200_NIBRS,
6510348,17131,3,2014,U,,,N,F,,C,2014_03_PA0620200_NIBRS,
6532798,17131,4,2014,U,,,N,F,,C,2014_04_PA0620200_NIBRS,
6555248,17131,5,2014,U,,,N,F,,C,2014_05_PA0620200_NIBRS,
6577698,17131,6,2014,U,,,N,F,,C,2014_06_PA0620200_NIBRS,
6600148,17131,7,2014,U,,,N,F,,C,2014_07_PA0620200_NIBRS,
6622598,17131,8,2014,U,,,N,F,,C,2014_08_PA0620200_NIBRS,
6645048,17131,9,2014,U,,,N,F,,C,2014_09_PA0620200_NIBRS,
6667498,17131,10,2014,U,,,N,F,,C,2014_10_PA0620200_NIBRS,
6689948,17131,11,2014,U,,,N,F,,C,2014_11_PA0620200_NIBRS,
6712398,17131,12,2014,U,,,N,F,,C,2014_12_PA0620200_NIBRS,
6465449,17132,1,2014,U,,,N,F,,C,2014_01_PA0620300_NIBRS,
6487899,17132,2,2014,U,,,N,F,,C,2014_02_PA0620300_NIBRS,
6510349,17132,3,2014,U,,,N,F,,C,2014_03_PA0620300_NIBRS,
6532799,17132,4,2014,U,,,N,F,,C,2014_04_PA0620300_NIBRS,
6555249,17132,5,2014,U,,,N,F,,C,2014_05_PA0620300_NIBRS,
6577699,17132,6,2014,U,,,N,F,,C,2014_06_PA0620300_NIBRS,
6600149,17132,7,2014,U,,,N,F,,C,2014_07_PA0620300_NIBRS,
6622599,17132,8,2014,U,,,N,F,,C,2014_08_PA0620300_NIBRS,
6645049,17132,9,2014,U,,,N,F,,C,2014_09_PA0620300_NIBRS,
6667499,17132,10,2014,U,,,N,F,,C,2014_10_PA0620300_NIBRS,
6689949,17132,11,2014,U,,,N,F,,C,2014_11_PA0620300_NIBRS,
6712399,17132,12,2014,U,,,N,F,,C,2014_12_PA0620300_NIBRS,
6465450,17133,1,2014,U,,,N,F,,C,2014_01_PA0620500_NIBRS,
6487900,17133,2,2014,U,,,N,F,,C,2014_02_PA0620500_NIBRS,
6510350,17133,3,2014,U,,,N,F,,C,2014_03_PA0620500_NIBRS,
6532800,17133,4,2014,U,,,N,F,,C,2014_04_PA0620500_NIBRS,
6555250,17133,5,2014,U,,,N,F,,C,2014_05_PA0620500_NIBRS,
6577700,17133,6,2014,U,,,N,F,,C,2014_06_PA0620500_NIBRS,
6600150,17133,7,2014,U,,,N,F,,C,2014_07_PA0620500_NIBRS,
6622600,17133,8,2014,U,,,N,F,,C,2014_08_PA0620500_NIBRS,
6645050,17133,9,2014,U,,,N,F,,C,2014_09_PA0620500_NIBRS,
6667500,17133,10,2014,U,,,N,F,,C,2014_10_PA0620500_NIBRS,
6689950,17133,11,2014,U,,,N,F,,C,2014_11_PA0620500_NIBRS,
6712400,17133,12,2014,U,,,N,F,,C,2014_12_PA0620500_NIBRS,
6465451,17134,1,2014,U,,,N,F,,C,2014_01_PA0620600_NIBRS,
6487901,17134,2,2014,U,,,N,F,,C,2014_02_PA0620600_NIBRS,
6510351,17134,3,2014,U,,,N,F,,C,2014_03_PA0620600_NIBRS,
6532801,17134,4,2014,U,,,N,F,,C,2014_04_PA0620600_NIBRS,
6555251,17134,5,2014,U,,,N,F,,C,2014_05_PA0620600_NIBRS,
6577701,17134,6,2014,U,,,N,F,,C,2014_06_PA0620600_NIBRS,
6600151,17134,7,2014,U,,,N,F,,C,2014_07_PA0620600_NIBRS,
6622601,17134,8,2014,U,,,N,F,,C,2014_08_PA0620600_NIBRS,
6645051,17134,9,2014,U,,,N,F,,C,2014_09_PA0620600_NIBRS,
6667501,17134,10,2014,U,,,N,F,,C,2014_10_PA0620600_NIBRS,
6689951,17134,11,2014,U,,,N,F,,C,2014_11_PA0620600_NIBRS,
6712401,17134,12,2014,U,,,N,F,,C,2014_12_PA0620600_NIBRS,
6465596,17279,1,2014,U,,,N,F,,C,2014_01_PA0671500_NIBRS,
6488046,17279,2,2014,U,,,N,F,,C,2014_02_PA0671500_NIBRS,
6510496,17279,3,2014,U,,,N,F,,C,2014_03_PA0671500_NIBRS,
6532946,17279,4,2014,U,,,N,F,,C,2014_04_PA0671500_NIBRS,
6555396,17279,5,2014,U,,,N,F,,C,2014_05_PA0671500_NIBRS,
6577846,17279,6,2014,U,,,N,F,,C,2014_06_PA0671500_NIBRS,
6600296,17279,7,2014,U,,,N,F,,C,2014_07_PA0671500_NIBRS,
6622746,17279,8,2014,U,,,N,F,,C,2014_08_PA0671500_NIBRS,
6645196,17279,9,2014,U,,,N,F,,C,2014_09_PA0671500_NIBRS,
6667646,17279,10,2014,U,,,N,F,,C,2014_10_PA0671500_NIBRS,
6690096,17279,11,2014,U,,,N,F,,C,2014_11_PA0671500_NIBRS,
6712546,17279,12,2014,U,,,N,F,,C,2014_12_PA0671500_NIBRS,
6465597,17280,1,2014,U,,,N,F,,C,2014_01_PA0671600_NIBRS,
6488047,17280,2,2014,U,,,N,F,,C,2014_02_PA0671600_NIBRS,
6510497,17280,3,2014,U,,,N,F,,C,2014_03_PA0671600_NIBRS,
6532947,17280,4,2014,U,,,N,F,,C,2014_04_PA0671600_NIBRS,
6555397,17280,5,2014,U,,,N,F,,C,2014_05_PA0671600_NIBRS,
6577847,17280,6,2014,U,,,N,F,,C,2014_06_PA0671600_NIBRS,
6600297,17280,7,2014,U,,,N,F,,C,2014_07_PA0671600_NIBRS,
6622747,17280,8,2014,U,,,N,F,,C,2014_08_PA0671600_NIBRS,
6645197,17280,9,2014,U,,,N,F,,C,2014_09_PA0671600_NIBRS,
6667647,17280,10,2014,U,,,N,F,,C,2014_10_PA0671600_NIBRS,
6690097,17280,11,2014,U,,,N,F,,C,2014_11_PA0671600_NIBRS,
6712547,17280,12,2014,U,,,N,F,,C,2014_12_PA0671600_NIBRS,
6465598,17281,1,2014,U,,,N,F,,C,2014_01_PA0671700_NIBRS,
6488048,17281,2,2014,U,,,N,F,,C,2014_02_PA0671700_NIBRS,
6510498,17281,3,2014,U,,,N,F,,C,2014_03_PA0671700_NIBRS,
6532948,17281,4,2014,U,,,N,F,,C,2014_04_PA0671700_NIBRS,
6555398,17281,5,2014,U,,,N,F,,C,2014_05_PA0671700_NIBRS,
6577848,17281,6,2014,U,,,N,F,,C,2014_06_PA0671700_NIBRS,
6600298,17281,7,2014,U,,,N,F,,C,2014_07_PA0671700_NIBRS,
6622748,17281,8,2014,U,,,N,F,,C,2014_08_PA0671700_NIBRS,
6645198,17281,9,2014,U,,,N,F,,C,2014_09_PA0671700_NIBRS,
6667648,17281,10,2014,U,,,N,F,,C,2014_10_PA0671700_NIBRS,
6690098,17281,11,2014,U,,,N,F,,C,2014_11_PA0671700_NIBRS,
6712548,17281,12,2014,U,,,N,F,,C,2014_12_PA0671700_NIBRS,
6465599,17282,1,2014,U,,,N,F,,C,2014_01_PA0671900_NIBRS,
6488049,17282,2,2014,U,,,N,F,,C,2014_02_PA0671900_NIBRS,
6510499,17282,3,2014,U,,,N,F,,C,2014_03_PA0671900_NIBRS,
6532949,17282,4,2014,U,,,N,F,,C,2014_04_PA0671900_NIBRS,
6555399,17282,5,2014,U,,,N,F,,C,2014_05_PA0671900_NIBRS,
6577849,17282,6,2014,U,,,N,F,,C,2014_06_PA0671900_NIBRS,
6600299,17282,7,2014,U,,,N,F,,C,2014_07_PA0671900_NIBRS,
6622749,17282,8,2014,U,,,N,F,,C,2014_08_PA0671900_NIBRS,
6645199,17282,9,2014,U,,,N,F,,C,2014_09_PA0671900_NIBRS,
6667649,17282,10,2014,U,,,N,F,,C,2014_10_PA0671900_NIBRS,
6690099,17282,11,2014,U,,,N,F,,C,2014_11_PA0671900_NIBRS,
6712549,17282,12,2014,U,,,N,F,,C,2014_12_PA0671900_NIBRS,
6465600,17283,1,2014,U,,,N,F,,C,2014_01_PA0672000_NIBRS,
6488050,17283,2,2014,U,,,N,F,,C,2014_02_PA0672000_NIBRS,
6510500,17283,3,2014,U,,,N,F,,C,2014_03_PA0672000_NIBRS,
6532950,17283,4,2014,U,,,N,F,,C,2014_04_PA0672000_NIBRS,
6555400,17283,5,2014,U,,,N,F,,C,2014_05_PA0672000_NIBRS,
6577850,17283,6,2014,U,,,N,F,,C,2014_06_PA0672000_NIBRS,
6600300,17283,7,2014,U,,,N,F,,C,2014_07_PA0672000_NIBRS,
6622750,17283,8,2014,U,,,N,F,,C,2014_08_PA0672000_NIBRS,
6645200,17283,9,2014,U,,,N,F,,C,2014_09_PA0672000_NIBRS,
6667650,17283,10,2014,U,,,N,F,,C,2014_10_PA0672000_NIBRS,
6690100,17283,11,2014,U,,,N,F,,C,2014_11_PA0672000_NIBRS,
6712550,17283,12,2014,U,,,N,F,,C,2014_12_PA0672000_NIBRS,
6465601,17284,1,2014,U,,,N,F,,C,2014_01_PA0672100_NIBRS,
6488051,17284,2,2014,U,,,N,F,,C,2014_02_PA0672100_NIBRS,
6510501,17284,3,2014,U,,,N,F,,C,2014_03_PA0672100_NIBRS,
6532951,17284,4,2014,U,,,N,F,,C,2014_04_PA0672100_NIBRS,
6555401,17284,5,2014,U,,,N,F,,C,2014_05_PA0672100_NIBRS,
6577851,17284,6,2014,U,,,N,F,,C,2014_06_PA0672100_NIBRS,
6600301,17284,7,2014,U,,,N,F,,C,2014_07_PA0672100_NIBRS,
6622751,17284,8,2014,U,,,N,F,,C,2014_08_PA0672100_NIBRS,
6645201,17284,9,2014,U,,,N,F,,C,2014_09_PA0672100_NIBRS,
6667651,17284,10,2014,U,,,N,F,,C,2014_10_PA0672100_NIBRS,
6690101,17284,11,2014,U,,,N,F,,C,2014_11_PA0672100_NIBRS,
6712551,17284,12,2014,U,,,N,F,,C,2014_12_PA0672100_NIBRS,
6465602,17285,1,2014,U,,,N,F,,C,2014_01_PA0672300_NIBRS,
6488052,17285,2,2014,U,,,N,F,,C,2014_02_PA0672300_NIBRS,
6510502,17285,3,2014,U,,,N,F,,C,2014_03_PA0672300_NIBRS,
6532952,17285,4,2014,U,,,N,F,,C,2014_04_PA0672300_NIBRS,
6555402,17285,5,2014,U,,,N,F,,C,2014_05_PA0672300_NIBRS,
6577852,17285,6,2014,U,,,N,F,,C,2014_06_PA0672300_NIBRS,
6600302,17285,7,2014,U,,,N,F,,C,2014_07_PA0672300_NIBRS,
6622752,17285,8,2014,U,,,N,F,,C,2014_08_PA0672300_NIBRS,
6645202,17285,9,2014,U,,,N,F,,C,2014_09_PA0672300_NIBRS,
6667652,17285,10,2014,U,,,N,F,,C,2014_10_PA0672300_NIBRS,
6690102,17285,11,2014,U,,,N,F,,C,2014_11_PA0672300_NIBRS,
6712552,17285,12,2014,U,,,N,F,,C,2014_12_PA0672300_NIBRS,
6465603,17286,1,2014,U,,,N,F,,C,2014_01_PA0672500_NIBRS,
6488053,17286,2,2014,U,,,N,F,,C,2014_02_PA0672500_NIBRS,
6510503,17286,3,2014,U,,,N,F,,C,2014_03_PA0672500_NIBRS,
6532953,17286,4,2014,U,,,N,F,,C,2014_04_PA0672500_NIBRS,
6555403,17286,5,2014,U,,,N,F,,C,2014_05_PA0672500_NIBRS,
6577853,17286,6,2014,U,,,N,F,,C,2014_06_PA0672500_NIBRS,
6600303,17286,7,2014,U,,,N,F,,C,2014_07_PA0672500_NIBRS,
6622753,17286,8,2014,U,,,N,F,,C,2014_08_PA0672500_NIBRS,
6645203,17286,9,2014,U,,,N,F,,C,2014_09_PA0672500_NIBRS,
6667653,17286,10,2014,U,,,N,F,,C,2014_10_PA0672500_NIBRS,
6690103,17286,11,2014,U,,,N,F,,C,2014_11_PA0672500_NIBRS,
6712553,17286,12,2014,U,,,N,F,,C,2014_12_PA0672500_NIBRS,
6465604,17287,1,2014,U,,,N,F,,C,2014_01_PA0672600_NIBRS,
6488054,17287,2,2014,U,,,N,F,,C,2014_02_PA0672600_NIBRS,
6510504,17287,3,2014,U,,,N,F,,C,2014_03_PA0672600_NIBRS,
6532954,17287,4,2014,U,,,N,F,,C,2014_04_PA0672600_NIBRS,
6555404,17287,5,2014,U,,,N,F,,C,2014_05_PA0672600_NIBRS,
6577854,17287,6,2014,U,,,N,F,,C,2014_06_PA0672600_NIBRS,
6600304,17287,7,2014,U,,,N,F,,C,2014_07_PA0672600_NIBRS,
6622754,17287,8,2014,U,,,N,F,,C,2014_08_PA0672600_NIBRS,
6645204,17287,9,2014,U,,,N,F,,C,2014_09_PA0672600_NIBRS,
6667654,17287,10,2014,U,,,N,F,,C,2014_10_PA0672600_NIBRS,
6690104,17287,11,2014,U,,,N,F,,C,2014_11_PA0672600_NIBRS,
6712554,17287,12,2014,U,,,N,F,,C,2014_12_PA0672600_NIBRS,
6465605,17288,1,2014,U,,,N,F,,C,2014_01_PA0672700_NIBRS,
6488055,17288,2,2014,U,,,N,F,,C,2014_02_PA0672700_NIBRS,
6510505,17288,3,2014,U,,,N,F,,C,2014_03_PA0672700_NIBRS,
6532955,17288,4,2014,U,,,N,F,,C,2014_04_PA0672700_NIBRS,
6555405,17288,5,2014,U,,,N,F,,C,2014_05_PA0672700_NIBRS,
6577855,17288,6,2014,U,,,N,F,,C,2014_06_PA0672700_NIBRS,
6600305,17288,7,2014,U,,,N,F,,C,2014_07_PA0672700_NIBRS,
6622755,17288,8,2014,U,,,N,F,,C,2014_08_PA0672700_NIBRS,
6645205,17288,9,2014,U,,,N,F,,C,2014_09_PA0672700_NIBRS,
6667655,17288,10,2014,U,,,N,F,,C,2014_10_PA0672700_NIBRS,
6690105,17288,11,2014,U,,,N,F,,C,2014_11_PA0672700_NIBRS,
6712555,17288,12,2014,U,,,N,F,,C,2014_12_PA0672700_NIBRS,
6465606,17289,1,2014,U,,,N,F,,C,2014_01_PA0672800_NIBRS,
6488056,17289,2,2014,U,,,N,F,,C,2014_02_PA0672800_NIBRS,
6510506,17289,3,2014,U,,,N,F,,C,2014_03_PA0672800_NIBRS,
6532956,17289,4,2014,U,,,N,F,,C,2014_04_PA0672800_NIBRS,
6555406,17289,5,2014,U,,,N,F,,C,2014_05_PA0672800_NIBRS,
6577856,17289,6,2014,U,,,N,F,,C,2014_06_PA0672800_NIBRS,
6600306,17289,7,2014,U,,,N,F,,C,2014_07_PA0672800_NIBRS,
6622756,17289,8,2014,U,,,N,F,,C,2014_08_PA0672800_NIBRS,
6645206,17289,9,2014,U,,,N,F,,C,2014_09_PA0672800_NIBRS,
6667656,17289,10,2014,U,,,N,F,,C,2014_10_PA0672800_NIBRS,
6690106,17289,11,2014,U,,,N,F,,C,2014_11_PA0672800_NIBRS,
6712556,17289,12,2014,U,,,N,F,,C,2014_12_PA0672800_NIBRS,
6465607,17290,1,2014,U,,,N,F,,C,2014_01_PA0672900_NIBRS,
6488057,17290,2,2014,U,,,N,F,,C,2014_02_PA0672900_NIBRS,
6510507,17290,3,2014,U,,,N,F,,C,2014_03_PA0672900_NIBRS,
6532957,17290,4,2014,U,,,N,F,,C,2014_04_PA0672900_NIBRS,
6555407,17290,5,2014,U,,,N,F,,C,2014_05_PA0672900_NIBRS,
6577857,17290,6,2014,U,,,N,F,,C,2014_06_PA0672900_NIBRS,
6600307,17290,7,2014,U,,,N,F,,C,2014_07_PA0672900_NIBRS,
6622757,17290,8,2014,U,,,N,F,,C,2014_08_PA0672900_NIBRS,
6645207,17290,9,2014,U,,,N,F,,C,2014_09_PA0672900_NIBRS,
6667657,17290,10,2014,U,,,N,F,,C,2014_10_PA0672900_NIBRS,
6690107,17290,11,2014,U,,,N,F,,C,2014_11_PA0672900_NIBRS,
6712557,17290,12,2014,U,,,N,F,,C,2014_12_PA0672900_NIBRS,
6465608,17291,1,2014,U,,,N,F,,C,2014_01_PA0673000_NIBRS,
6488058,17291,2,2014,U,,,N,F,,C,2014_02_PA0673000_NIBRS,
6510508,17291,3,2014,U,,,N,F,,C,2014_03_PA0673000_NIBRS,
6532958,17291,4,2014,U,,,N,F,,C,2014_04_PA0673000_NIBRS,
6555408,17291,5,2014,U,,,N,F,,C,2014_05_PA0673000_NIBRS,
6577858,17291,6,2014,U,,,N,F,,C,2014_06_PA0673000_NIBRS,
6600308,17291,7,2014,U,,,N,F,,C,2014_07_PA0673000_NIBRS,
6622758,17291,8,2014,U,,,N,F,,C,2014_08_PA0673000_NIBRS,
6645208,17291,9,2014,U,,,N,F,,C,2014_09_PA0673000_NIBRS,
6667658,17291,10,2014,U,,,N,F,,C,2014_10_PA0673000_NIBRS,
6690108,17291,11,2014,U,,,N,F,,C,2014_11_PA0673000_NIBRS,
6712558,17291,12,2014,U,,,N,F,,C,2014_12_PA0673000_NIBRS,
6465609,17292,1,2014,U,,,N,F,,C,2014_01_PA0673100_NIBRS,
6488059,17292,2,2014,U,,,N,F,,C,2014_02_PA0673100_NIBRS,
6510509,17292,3,2014,U,,,N,F,,C,2014_03_PA0673100_NIBRS,
6532959,17292,4,2014,U,,,N,F,,C,2014_04_PA0673100_NIBRS,
6555409,17292,5,2014,U,,,N,F,,C,2014_05_PA0673100_NIBRS,
6577859,17292,6,2014,U,,,N,F,,C,2014_06_PA0673100_NIBRS,
6600309,17292,7,2014,U,,,N,F,,C,2014_07_PA0673100_NIBRS,
6622759,17292,8,2014,U,,,N,F,,C,2014_08_PA0673100_NIBRS,
6645209,17292,9,2014,U,,,N,F,,C,2014_09_PA0673100_NIBRS,
6667659,17292,10,2014,U,,,N,F,,C,2014_10_PA0673100_NIBRS,
6690109,17292,11,2014,U,,,N,F,,C,2014_11_PA0673100_NIBRS,
6712559,17292,12,2014,U,,,N,F,,C,2014_12_PA0673100_NIBRS,
6465610,17293,1,2014,U,,,N,F,,C,2014_01_PA0673200_NIBRS,
6488060,17293,2,2014,U,,,N,F,,C,2014_02_PA0673200_NIBRS,
6510510,17293,3,2014,U,,,N,F,,C,2014_03_PA0673200_NIBRS,
6532960,17293,4,2014,U,,,N,F,,C,2014_04_PA0673200_NIBRS,
6555410,17293,5,2014,U,,,N,F,,C,2014_05_PA0673200_NIBRS,
6577860,17293,6,2014,U,,,N,F,,C,2014_06_PA0673200_NIBRS,
6600310,17293,7,2014,U,,,N,F,,C,2014_07_PA0673200_NIBRS,
6622760,17293,8,2014,U,,,N,F,,C,2014_08_PA0673200_NIBRS,
6645210,17293,9,2014,U,,,N,F,,C,2014_09_PA0673200_NIBRS,
6667660,17293,10,2014,U,,,N,F,,C,2014_10_PA0673200_NIBRS,
6690110,17293,11,2014,U,,,N,F,,C,2014_11_PA0673200_NIBRS,
6712560,17293,12,2014,U,,,N,F,,C,2014_12_PA0673200_NIBRS,
6465611,17294,1,2014,U,,,N,F,,C,2014_01_PA0673500_NIBRS,
6488061,17294,2,2014,U,,,N,F,,C,2014_02_PA0673500_NIBRS,
6510511,17294,3,2014,U,,,N,F,,C,2014_03_PA0673500_NIBRS,
6532961,17294,4,2014,U,,,N,F,,C,2014_04_PA0673500_NIBRS,
6555411,17294,5,2014,U,,,N,F,,C,2014_05_PA0673500_NIBRS,
6577861,17294,6,2014,U,,,N,F,,C,2014_06_PA0673500_NIBRS,
6600311,17294,7,2014,U,,,N,F,,C,2014_07_PA0673500_NIBRS,
6622761,17294,8,2014,U,,,N,F,,C,2014_08_PA0673500_NIBRS,
6645211,17294,9,2014,U,,,N,F,,C,2014_09_PA0673500_NIBRS,
6667661,17294,10,2014,U,,,N,F,,C,2014_10_PA0673500_NIBRS,
6690111,17294,11,2014,U,,,N,F,,C,2014_11_PA0673500_NIBRS,
6712561,17294,12,2014,U,,,N,F,,C,2014_12_PA0673500_NIBRS,
6465612,17295,1,2014,U,,,N,F,,C,2014_01_PA0673600_NIBRS,
6488062,17295,2,2014,U,,,N,F,,C,2014_02_PA0673600_NIBRS,
6510512,17295,3,2014,U,,,N,F,,C,2014_03_PA0673600_NIBRS,
6532962,17295,4,2014,U,,,N,F,,C,2014_04_PA0673600_NIBRS,
6555412,17295,5,2014,U,,,N,F,,C,2014_05_PA0673600_NIBRS,
6577862,17295,6,2014,U,,,N,F,,C,2014_06_PA0673600_NIBRS,
6600312,17295,7,2014,U,,,N,F,,C,2014_07_PA0673600_NIBRS,
6622762,17295,8,2014,U,,,N,F,,C,2014_08_PA0673600_NIBRS,
6645212,17295,9,2014,U,,,N,F,,C,2014_09_PA0673600_NIBRS,
6667662,17295,10,2014,U,,,N,F,,C,2014_10_PA0673600_NIBRS,
6690112,17295,11,2014,U,,,N,F,,C,2014_11_PA0673600_NIBRS,
6712562,17295,12,2014,U,,,N,F,,C,2014_12_PA0673600_NIBRS,
6465613,17296,1,2014,U,,,N,F,,C,2014_01_PA0674000_NIBRS,
6488063,17296,2,2014,U,,,N,F,,C,2014_02_PA0674000_NIBRS,
6510513,17296,3,2014,U,,,N,F,,C,2014_03_PA0674000_NIBRS,
6532963,17296,4,2014,U,,,N,F,,C,2014_04_PA0674000_NIBRS,
6555413,17296,5,2014,U,,,N,F,,C,2014_05_PA0674000_NIBRS,
6577863,17296,6,2014,U,,,N,F,,C,2014_06_PA0674000_NIBRS,
6600313,17296,7,2014,U,,,N,F,,C,2014_07_PA0674000_NIBRS,
6622763,17296,8,2014,U,,,N,F,,C,2014_08_PA0674000_NIBRS,
6645213,17296,9,2014,U,,,N,F,,C,2014_09_PA0674000_NIBRS,
6667663,17296,10,2014,U,,,N,F,,C,2014_10_PA0674000_NIBRS,
6690113,17296,11,2014,U,,,N,F,,C,2014_11_PA0674000_NIBRS,
6712563,17296,12,2014,U,,,N,F,,C,2014_12_PA0674000_NIBRS,
6465614,17297,1,2014,U,,,N,F,,C,2014_01_PA0674100_NIBRS,
6488064,17297,2,2014,U,,,N,F,,C,2014_02_PA0674100_NIBRS,
6510514,17297,3,2014,U,,,N,F,,C,2014_03_PA0674100_NIBRS,
6532964,17297,4,2014,U,,,N,F,,C,2014_04_PA0674100_NIBRS,
6555414,17297,5,2014,U,,,N,F,,C,2014_05_PA0674100_NIBRS,
6577864,17297,6,2014,U,,,N,F,,C,2014_06_PA0674100_NIBRS,
6600314,17297,7,2014,U,,,N,F,,C,2014_07_PA0674100_NIBRS,
6622764,17297,8,2014,U,,,N,F,,C,2014_08_PA0674100_NIBRS,
6645214,17297,9,2014,U,,,N,F,,C,2014_09_PA0674100_NIBRS,
6667664,17297,10,2014,U,,,N,F,,C,2014_10_PA0674100_NIBRS,
6690114,17297,11,2014,U,,,N,F,,C,2014_11_PA0674100_NIBRS,
6712564,17297,12,2014,U,,,N,F,,C,2014_12_PA0674100_NIBRS,
6465615,17298,1,2014,U,,,N,F,,C,2014_01_PA0674300_NIBRS,
6488065,17298,2,2014,U,,,N,F,,C,2014_02_PA0674300_NIBRS,
6510515,17298,3,2014,U,,,N,F,,C,2014_03_PA0674300_NIBRS,
6532965,17298,4,2014,U,,,N,F,,C,2014_04_PA0674300_NIBRS,
6555415,17298,5,2014,U,,,N,F,,C,2014_05_PA0674300_NIBRS,
6577865,17298,6,2014,U,,,N,F,,C,2014_06_PA0674300_NIBRS,
6600315,17298,7,2014,U,,,N,F,,C,2014_07_PA0674300_NIBRS,
6622765,17298,8,2014,U,,,N,F,,C,2014_08_PA0674300_NIBRS,
6645215,17298,9,2014,U,,,N,F,,C,2014_09_PA0674300_NIBRS,
6667665,17298,10,2014,U,,,N,F,,C,2014_10_PA0674300_NIBRS,
6690115,17298,11,2014,U,,,N,F,,C,2014_11_PA0674300_NIBRS,
6712565,17298,12,2014,U,,,N,F,,C,2014_12_PA0674300_NIBRS,
6465616,17299,1,2014,U,,,N,F,,C,2014_01_PA0674500_NIBRS,
6488066,17299,2,2014,U,,,N,F,,C,2014_02_PA0674500_NIBRS,
6510516,17299,3,2014,U,,,N,F,,C,2014_03_PA0674500_NIBRS,
6532966,17299,4,2014,U,,,N,F,,C,2014_04_PA0674500_NIBRS,
6555416,17299,5,2014,U,,,N,F,,C,2014_05_PA0674500_NIBRS,
6577866,17299,6,2014,U,,,N,F,,C,2014_06_PA0674500_NIBRS,
6600316,17299,7,2014,U,,,N,F,,C,2014_07_PA0674500_NIBRS,
6622766,17299,8,2014,U,,,N,F,,C,2014_08_PA0674500_NIBRS,
6645216,17299,9,2014,U,,,N,F,,C,2014_09_PA0674500_NIBRS,
6667666,17299,10,2014,U,,,N,F,,C,2014_10_PA0674500_NIBRS,
6690116,17299,11,2014,U,,,N,F,,C,2014_11_PA0674500_NIBRS,
6712566,17299,12,2014,U,,,N,F,,C,2014_12_PA0674500_NIBRS,
6465617,17300,1,2014,U,,,N,F,,C,2014_01_PA0674600_NIBRS,
6488067,17300,2,2014,U,,,N,F,,C,2014_02_PA0674600_NIBRS,
6510517,17300,3,2014,U,,,N,F,,C,2014_03_PA0674600_NIBRS,
6532967,17300,4,2014,U,,,N,F,,C,2014_04_PA0674600_NIBRS,
6555417,17300,5,2014,U,,,N,F,,C,2014_05_PA0674600_NIBRS,
6577867,17300,6,2014,U,,,N,F,,C,2014_06_PA0674600_NIBRS,
6600317,17300,7,2014,U,,,N,F,,C,2014_07_PA0674600_NIBRS,
6622767,17300,8,2014,U,,,N,F,,C,2014_08_PA0674600_NIBRS,
6645217,17300,9,2014,U,,,N,F,,C,2014_09_PA0674600_NIBRS,
6667667,17300,10,2014,U,,,N,F,,C,2014_10_PA0674600_NIBRS,
6690117,17300,11,2014,U,,,N,F,,C,2014_11_PA0674600_NIBRS,
6712567,17300,12,2014,U,,,N,F,,C,2014_12_PA0674600_NIBRS,
6465618,17301,1,2014,U,,,N,F,,C,2014_01_PA0674700_NIBRS,
6488068,17301,2,2014,U,,,N,F,,C,2014_02_PA0674700_NIBRS,
6510518,17301,3,2014,U,,,N,F,,C,2014_03_PA0674700_NIBRS,
6532968,17301,4,2014,U,,,N,F,,C,2014_04_PA0674700_NIBRS,
6555418,17301,5,2014,U,,,N,F,,C,2014_05_PA0674700_NIBRS,
6577868,17301,6,2014,U,,,N,F,,C,2014_06_PA0674700_NIBRS,
6600318,17301,7,2014,U,,,N,F,,C,2014_07_PA0674700_NIBRS,
6622768,17301,8,2014,U,,,N,F,,C,2014_08_PA0674700_NIBRS,
6645218,17301,9,2014,U,,,N,F,,C,2014_09_PA0674700_NIBRS,
6667668,17301,10,2014,U,,,N,F,,C,2014_10_PA0674700_NIBRS,
6690118,17301,11,2014,U,,,N,F,,C,2014_11_PA0674700_NIBRS,
6712568,17301,12,2014,U,,,N,F,,C,2014_12_PA0674700_NIBRS,
6465619,17302,1,2014,U,,,N,F,,C,2014_01_PA0674800_NIBRS,
6488069,17302,2,2014,U,,,N,F,,C,2014_02_PA0674800_NIBRS,
6510519,17302,3,2014,U,,,N,F,,C,2014_03_PA0674800_NIBRS,
6532969,17302,4,2014,U,,,N,F,,C,2014_04_PA0674800_NIBRS,
6555419,17302,5,2014,U,,,N,F,,C,2014_05_PA0674800_NIBRS,
6577869,17302,6,2014,U,,,N,F,,C,2014_06_PA0674800_NIBRS,
6600319,17302,7,2014,U,,,N,F,,C,2014_07_PA0674800_NIBRS,
6622769,17302,8,2014,U,,,N,F,,C,2014_08_PA0674800_NIBRS,
6645219,17302,9,2014,U,,,N,F,,C,2014_09_PA0674800_NIBRS,
6667669,17302,10,2014,U,,,N,F,,C,2014_10_PA0674800_NIBRS,
6690119,17302,11,2014,U,,,N,F,,C,2014_11_PA0674800_NIBRS,
6712569,17302,12,2014,U,,,N,F,,C,2014_12_PA0674800_NIBRS,
6465620,17303,1,2014,U,,,N,F,,C,2014_01_PA0675000_NIBRS,
6488070,17303,2,2014,U,,,N,F,,C,2014_02_PA0675000_NIBRS,
6510520,17303,3,2014,U,,,N,F,,C,2014_03_PA0675000_NIBRS,
6532970,17303,4,2014,U,,,N,F,,C,2014_04_PA0675000_NIBRS,
6555420,17303,5,2014,U,,,N,F,,C,2014_05_PA0675000_NIBRS,
6577870,17303,6,2014,U,,,N,F,,C,2014_06_PA0675000_NIBRS,
6600320,17303,7,2014,U,,,N,F,,C,2014_07_PA0675000_NIBRS,
6622770,17303,8,2014,U,,,N,F,,C,2014_08_PA0675000_NIBRS,
6645220,17303,9,2014,U,,,N,F,,C,2014_09_PA0675000_NIBRS,
6667670,17303,10,2014,U,,,N,F,,C,2014_10_PA0675000_NIBRS,
6690120,17303,11,2014,U,,,N,F,,C,2014_11_PA0675000_NIBRS,
6712570,17303,12,2014,U,,,N,F,,C,2014_12_PA0675000_NIBRS,
6470427,23223,1,2014,U,,,N,F,,C,2014_01_PA0675100_NIBRS,
6492877,23223,2,2014,U,,,N,F,,C,2014_02_PA0675100_NIBRS,
6515327,23223,3,2014,U,,,N,F,,C,2014_03_PA0675100_NIBRS,
6537777,23223,4,2014,U,,,N,F,,C,2014_04_PA0675100_NIBRS,
6560227,23223,5,2014,U,,,N,F,,C,2014_05_PA0675100_NIBRS,
6582677,23223,6,2014,U,,,N,F,,C,2014_06_PA0675100_NIBRS,
6605127,23223,7,2014,U,,,N,F,,C,2014_07_PA0675100_NIBRS,
6627577,23223,8,2014,U,,,N,F,,C,2014_08_PA0675100_NIBRS,
6650027,23223,9,2014,U,,,N,F,,C,2014_09_PA0675100_NIBRS,
6672477,23223,10,2014,U,,,N,F,,C,2014_10_PA0675100_NIBRS,
6694927,23223,11,2014,U,,,N,F,,C,2014_11_PA0675100_NIBRS,
6717377,23223,12,2014,U,,,N,F,,C,2014_12_PA0675100_NIBRS,
6465621,17304,1,2014,U,,,N,F,,C,2014_01_PA0675300_NIBRS,
6488071,17304,2,2014,U,,,N,F,,C,2014_02_PA0675300_NIBRS,
6510521,17304,3,2014,U,,,N,F,,C,2014_03_PA0675300_NIBRS,
6532971,17304,4,2014,U,,,N,F,,C,2014_04_PA0675300_NIBRS,
6555421,17304,5,2014,U,,,N,F,,C,2014_05_PA0675300_NIBRS,
6577871,17304,6,2014,U,,,N,F,,C,2014_06_PA0675300_NIBRS,
6600321,17304,7,2014,U,,,N,F,,C,2014_07_PA0675300_NIBRS,
6622771,17304,8,2014,U,,,N,F,,C,2014_08_PA0675300_NIBRS,
6645221,17304,9,2014,U,,,N,F,,C,2014_09_PA0675300_NIBRS,
6667671,17304,10,2014,U,,,N,F,,C,2014_10_PA0675300_NIBRS,
6690121,17304,11,2014,U,,,N,F,,C,2014_11_PA0675300_NIBRS,
6712571,17304,12,2014,U,,,N,F,,C,2014_12_PA0675300_NIBRS,
6465622,17305,1,2014,U,,,N,F,,C,2014_01_PA0675800_NIBRS,
6488072,17305,2,2014,U,,,N,F,,C,2014_02_PA0675800_NIBRS,
6510522,17305,3,2014,U,,,N,F,,C,2014_03_PA0675800_NIBRS,
6532972,17305,4,2014,U,,,N,F,,C,2014_04_PA0675800_NIBRS,
6555422,17305,5,2014,U,,,N,F,,C,2014_05_PA0675800_NIBRS,
6577872,17305,6,2014,U,,,N,F,,C,2014_06_PA0675800_NIBRS,
6600322,17305,7,2014,U,,,N,F,,C,2014_07_PA0675800_NIBRS,
6622772,17305,8,2014,U,,,N,F,,C,2014_08_PA0675800_NIBRS,
6645222,17305,9,2014,U,,,N,F,,C,2014_09_PA0675800_NIBRS,
6667672,17305,10,2014,U,,,N,F,,C,2014_10_PA0675800_NIBRS,
6690122,17305,11,2014,U,,,N,F,,C,2014_11_PA0675800_NIBRS,
6712572,17305,12,2014,U,,,N,F,,C,2014_12_PA0675800_NIBRS,
6465623,17306,1,2014,U,,,N,F,,C,2014_01_PA0676000_NIBRS,
6488073,17306,2,2014,U,,,N,F,,C,2014_02_PA0676000_NIBRS,
6510523,17306,3,2014,U,,,N,F,,C,2014_03_PA0676000_NIBRS,
6532973,17306,4,2014,U,,,N,F,,C,2014_04_PA0676000_NIBRS,
6555423,17306,5,2014,U,,,N,F,,C,2014_05_PA0676000_NIBRS,
6577873,17306,6,2014,U,,,N,F,,C,2014_06_PA0676000_NIBRS,
6600323,17306,7,2014,U,,,N,F,,C,2014_07_PA0676000_NIBRS,
6622773,17306,8,2014,U,,,N,F,,C,2014_08_PA0676000_NIBRS,
6645223,17306,9,2014,U,,,N,F,,C,2014_09_PA0676000_NIBRS,
6667673,17306,10,2014,U,,,N,F,,C,2014_10_PA0676000_NIBRS,
6690123,17306,11,2014,U,,,N,F,,C,2014_11_PA0676000_NIBRS,
6712573,17306,12,2014,U,,,N,F,,C,2014_12_PA0676000_NIBRS,
6465624,17307,1,2014,U,,,N,F,,C,2014_01_PA067610X_NIBRS,
6488074,17307,2,2014,U,,,N,F,,C,2014_02_PA067610X_NIBRS,
6510524,17307,3,2014,U,,,N,F,,C,2014_03_PA067610X_NIBRS,
6532974,17307,4,2014,U,,,N,F,,C,2014_04_PA067610X_NIBRS,
6555424,17307,5,2014,U,,,N,F,,C,2014_05_PA067610X_NIBRS,
6577874,17307,6,2014,U,,,N,F,,C,2014_06_PA067610X_NIBRS,
6600324,17307,7,2014,U,,,N,F,,C,2014_07_PA067610X_NIBRS,
6622774,17307,8,2014,U,,,N,F,,C,2014_08_PA067610X_NIBRS,
6645224,17307,9,2014,U,,,N,F,,C,2014_09_PA067610X_NIBRS,
6667674,17307,10,2014,U,,,N,F,,C,2014_10_PA067610X_NIBRS,
6690124,17307,11,2014,U,,,N,F,,C,2014_11_PA067610X_NIBRS,
6712574,17307,12,2014,U,,,N,F,,C,2014_12_PA067610X_NIBRS,
6465625,17308,1,2014,U,,,N,F,,C,2014_01_PA067620X_NIBRS,
6488075,17308,2,2014,U,,,N,F,,C,2014_02_PA067620X_NIBRS,
6510525,17308,3,2014,U,,,N,F,,C,2014_03_PA067620X_NIBRS,
6532975,17308,4,2014,U,,,N,F,,C,2014_04_PA067620X_NIBRS,
6555425,17308,5,2014,U,,,N,F,,C,2014_05_PA067620X_NIBRS,
6577875,17308,6,2014,U,,,N,F,,C,2014_06_PA067620X_NIBRS,
6600325,17308,7,2014,U,,,N,F,,C,2014_07_PA067620X_NIBRS,
6622775,17308,8,2014,U,,,N,F,,C,2014_08_PA067620X_NIBRS,
6645225,17308,9,2014,U,,,N,F,,C,2014_09_PA067620X_NIBRS,
6667675,17308,10,2014,U,,,N,F,,C,2014_10_PA067620X_NIBRS,
6690125,17308,11,2014,U,,,N,F,,C,2014_11_PA067620X_NIBRS,
6712575,17308,12,2014,U,,,N,F,,C,2014_12_PA067620X_NIBRS,
6470558,25286,1,2014,U,,,N,F,,C,2014_01_PA0353600_NIBRS,
6493008,25286,2,2014,U,,,N,F,,C,2014_02_PA0353600_NIBRS,
6515458,25286,3,2014,U,,,N,F,,C,2014_03_PA0353600_NIBRS,
6537908,25286,4,2014,U,,,N,F,,C,2014_04_PA0353600_NIBRS,
6560358,25286,5,2014,U,,,N,F,,C,2014_05_PA0353600_NIBRS,
6582808,25286,6,2014,U,,,N,F,,C,2014_06_PA0353600_NIBRS,
6605258,25286,7,2014,U,,,N,F,,C,2014_07_PA0353600_NIBRS,
6627708,25286,8,2014,U,,,N,F,,C,2014_08_PA0353600_NIBRS,
6650158,25286,9,2014,U,,,N,F,,C,2014_09_PA0353600_NIBRS,
6672608,25286,10,2014,U,,,N,F,,C,2014_10_PA0353600_NIBRS,
6695058,25286,11,2014,U,,,N,F,,C,2014_11_PA0353600_NIBRS,
6717508,25286,12,2014,U,,,N,F,,C,2014_12_PA0353600_NIBRS,
6470559,25287,1,2014,U,,,N,F,,C,2014_01_PA0581900_NIBRS,
6493009,25287,2,2014,U,,,N,F,,C,2014_02_PA0581900_NIBRS,
6515459,25287,3,2014,U,,,N,F,,C,2014_03_PA0581900_NIBRS,
6537909,25287,4,2014,U,,,N,F,,C,2014_04_PA0581900_NIBRS,
6560359,25287,5,2014,U,,,N,F,,C,2014_05_PA0581900_NIBRS,
6582809,25287,6,2014,U,,,N,F,,C,2014_06_PA0581900_NIBRS,
6605259,25287,7,2014,U,,,N,F,,C,2014_07_PA0581900_NIBRS,
6627709,25287,8,2014,U,,,N,F,,C,2014_08_PA0581900_NIBRS,
6650159,25287,9,2014,U,,,N,F,,C,2014_09_PA0581900_NIBRS,
6672609,25287,10,2014,U,,,N,F,,C,2014_10_PA0581900_NIBRS,
6695059,25287,11,2014,U,,,N,F,,C,2014_11_PA0581900_NIBRS,
6717509,25287,12,2014,U,,,N,F,,C,2014_12_PA0581900_NIBRS,
6470560,25288,1,2014,U,,,N,F,,C,2014_01_PA0570400_NIBRS,
6493010,25288,2,2014,U,,,N,F,,C,2014_02_PA0570400_NIBRS,
6515460,25288,3,2014,U,,,N,F,,C,2014_03_PA0570400_NIBRS,
6537910,25288,4,2014,U,,,N,F,,C,2014_04_PA0570400_NIBRS,
6560360,25288,5,2014,U,,,N,F,,C,2014_05_PA0570400_NIBRS,
6582810,25288,6,2014,U,,,N,F,,C,2014_06_PA0570400_NIBRS,
6605260,25288,7,2014,U,,,N,F,,C,2014_07_PA0570400_NIBRS,
6627710,25288,8,2014,U,,,N,F,,C,2014_08_PA0570400_NIBRS,
6650160,25288,9,2014,U,,,N,F,,C,2014_09_PA0570400_NIBRS,
6672610,25288,10,2014,U,,,N,F,,C,2014_10_PA0570400_NIBRS,
6695060,25288,11,2014,U,,,N,F,,C,2014_11_PA0570400_NIBRS,
6717510,25288,12,2014,U,,,N,F,,C,2014_12_PA0570400_NIBRS,
6470561,25289,1,2014,U,,,N,F,,C,2014_01_PA0520700_NIBRS,
6493011,25289,2,2014,U,,,N,F,,C,2014_02_PA0520700_NIBRS,
6515461,25289,3,2014,U,,,N,F,,C,2014_03_PA0520700_NIBRS,
6537911,25289,4,2014,U,,,N,F,,C,2014_04_PA0520700_NIBRS,
6560361,25289,5,2014,U,,,N,F,,C,2014_05_PA0520700_NIBRS,
6582811,25289,6,2014,U,,,N,F,,C,2014_06_PA0520700_NIBRS,
6605261,25289,7,2014,U,,,N,F,,C,2014_07_PA0520700_NIBRS,
6627711,25289,8,2014,U,,,N,F,,C,2014_08_PA0520700_NIBRS,
6650161,25289,9,2014,U,,,N,F,,C,2014_09_PA0520700_NIBRS,
6672611,25289,10,2014,U,,,N,F,,C,2014_10_PA0520700_NIBRS,
6695061,25289,11,2014,U,,,N,F,,C,2014_11_PA0520700_NIBRS,
6717511,25289,12,2014,U,,,N,F,,C,2014_12_PA0520700_NIBRS,
6470562,25290,1,2014,U,,,N,F,,C,2014_01_PA0451200_NIBRS,
6493012,25290,2,2014,U,,,N,F,,C,2014_02_PA0451200_NIBRS,
6515462,25290,3,2014,U,,,N,F,,C,2014_03_PA0451200_NIBRS,
6537912,25290,4,2014,U,,,N,F,,C,2014_04_PA0451200_NIBRS,
6560362,25290,5,2014,U,,,N,F,,C,2014_05_PA0451200_NIBRS,
6582812,25290,6,2014,U,,,N,F,,C,2014_06_PA0451200_NIBRS,
6605262,25290,7,2014,U,,,N,F,,C,2014_07_PA0451200_NIBRS,
6627712,25290,8,2014,U,,,N,F,,C,2014_08_PA0451200_NIBRS,
6650162,25290,9,2014,U,,,N,F,,C,2014_09_PA0451200_NIBRS,
6672612,25290,10,2014,U,,,N,F,,C,2014_10_PA0451200_NIBRS,
6695062,25290,11,2014,U,,,N,F,,C,2014_11_PA0451200_NIBRS,
6717512,25290,12,2014,U,,,N,F,,C,2014_12_PA0451200_NIBRS,
6470563,25291,1,2014,U,,,N,F,,C,2014_01_PA0671100_NIBRS,
6493013,25291,2,2014,U,,,N,F,,C,2014_02_PA0671100_NIBRS,
6515463,25291,3,2014,U,,,N,F,,C,2014_03_PA0671100_NIBRS,
6537913,25291,4,2014,U,,,N,F,,C,2014_04_PA0671100_NIBRS,
6560363,25291,5,2014,U,,,N,F,,C,2014_05_PA0671100_NIBRS,
6582813,25291,6,2014,U,,,N,F,,C,2014_06_PA0671100_NIBRS,
6605263,25291,7,2014,U,,,N,F,,C,2014_07_PA0671100_NIBRS,
6627713,25291,8,2014,U,,,N,F,,C,2014_08_PA0671100_NIBRS,
6650163,25291,9,2014,U,,,N,F,,C,2014_09_PA0671100_NIBRS,
6672613,25291,10,2014,U,,,N,F,,C,2014_10_PA0671100_NIBRS,
6695063,25291,11,2014,U,,,N,F,,C,2014_11_PA0671100_NIBRS,
6717513,25291,12,2014,U,,,N,F,,C,2014_12_PA0671100_NIBRS,
6470564,25292,1,2014,U,,,N,F,,C,2014_01_PA0403000_NIBRS,
6493014,25292,2,2014,U,,,N,F,,C,2014_02_PA0403000_NIBRS,
6515464,25292,3,2014,U,,,N,F,,C,2014_03_PA0403000_NIBRS,
6537914,25292,4,2014,U,,,N,F,,C,2014_04_PA0403000_NIBRS,
6560364,25292,5,2014,U,,,N,F,,C,2014_05_PA0403000_NIBRS,
6582814,25292,6,2014,U,,,N,F,,C,2014_06_PA0403000_NIBRS,
6605264,25292,7,2014,U,,,N,F,,C,2014_07_PA0403000_NIBRS,
6627714,25292,8,2014,U,,,N,F,,C,2014_08_PA0403000_NIBRS,
6650164,25292,9,2014,U,,,N,F,,C,2014_09_PA0403000_NIBRS,
6672614,25292,10,2014,U,,,N,F,,C,2014_10_PA0403000_NIBRS,
6695064,25292,11,2014,U,,,N,F,,C,2014_11_PA0403000_NIBRS,
6717514,25292,12,2014,U,,,N,F,,C,2014_12_PA0403000_NIBRS,
6470565,25293,1,2014,U,,,N,F,,C,2014_01_PA0656100_NIBRS,
6493015,25293,2,2014,U,,,N,F,,C,2014_02_PA0656100_NIBRS,
6515465,25293,3,2014,U,,,N,F,,C,2014_03_PA0656100_NIBRS,
6537915,25293,4,2014,U,,,N,F,,C,2014_04_PA0656100_NIBRS,
6560365,25293,5,2014,U,,,N,F,,C,2014_05_PA0656100_NIBRS,
6582815,25293,6,2014,U,,,N,F,,C,2014_06_PA0656100_NIBRS,
6605265,25293,7,2014,U,,,N,F,,C,2014_07_PA0656100_NIBRS,
6627715,25293,8,2014,U,,,N,F,,C,2014_08_PA0656100_NIBRS,
6650165,25293,9,2014,U,,,N,F,,C,2014_09_PA0656100_NIBRS,
6672615,25293,10,2014,U,,,N,F,,C,2014_10_PA0656100_NIBRS,
6695065,25293,11,2014,U,,,N,F,,C,2014_11_PA0656100_NIBRS,
6717515,25293,12,2014,U,,,N,F,,C,2014_12_PA0656100_NIBRS,
6470566,25294,1,2014,U,,,N,F,,C,2014_01_PA0656000_NIBRS,
6493016,25294,2,2014,U,,,N,F,,C,2014_02_PA0656000_NIBRS,
6515466,25294,3,2014,U,,,N,F,,C,2014_03_PA0656000_NIBRS,
6537916,25294,4,2014,U,,,N,F,,C,2014_04_PA0656000_NIBRS,
6560366,25294,5,2014,U,,,N,F,,C,2014_05_PA0656000_NIBRS,
6582816,25294,6,2014,U,,,N,F,,C,2014_06_PA0656000_NIBRS,
6605266,25294,7,2014,U,,,N,F,,C,2014_07_PA0656000_NIBRS,
6627716,25294,8,2014,U,,,N,F,,C,2014_08_PA0656000_NIBRS,
6650166,25294,9,2014,U,,,N,F,,C,2014_09_PA0656000_NIBRS,
6672616,25294,10,2014,U,,,N,F,,C,2014_10_PA0656000_NIBRS,
6695066,25294,11,2014,U,,,N,F,,C,2014_11_PA0656000_NIBRS,
6717516,25294,12,2014,U,,,N,F,,C,2014_12_PA0656000_NIBRS,
6470567,25295,1,2014,U,,,N,F,,C,2014_01_PA0213500_NIBRS,
6493017,25295,2,2014,U,,,N,F,,C,2014_02_PA0213500_NIBRS,
6515467,25295,3,2014,U,,,N,F,,C,2014_03_PA0213500_NIBRS,
6537917,25295,4,2014,U,,,N,F,,C,2014_04_PA0213500_NIBRS,
6560367,25295,5,2014,U,,,N,F,,C,2014_05_PA0213500_NIBRS,
6582817,25295,6,2014,U,,,N,F,,C,2014_06_PA0213500_NIBRS,
6605267,25295,7,2014,U,,,N,F,,C,2014_07_PA0213500_NIBRS,
6627717,25295,8,2014,U,,,N,F,,C,2014_08_PA0213500_NIBRS,
6650167,25295,9,2014,U,,,N,F,,C,2014_09_PA0213500_NIBRS,
6672617,25295,10,2014,U,,,N,F,,C,2014_10_PA0213500_NIBRS,
6695067,25295,11,2014,U,,,N,F,,C,2014_11_PA0213500_NIBRS,
6717517,25295,12,2014,U,,,N,F,,C,2014_12_PA0213500_NIBRS,
6470568,25296,1,2014,U,,,N,F,,C,2014_01_PA0011300_NIBRS,
6493018,25296,2,2014,U,,,N,F,,C,2014_02_PA0011300_NIBRS,
6515468,25296,3,2014,U,,,N,F,,C,2014_03_PA0011300_NIBRS,
6537918,25296,4,2014,U,,,N,F,,C,2014_04_PA0011300_NIBRS,
6560368,25296,5,2014,U,,,N,F,,C,2014_05_PA0011300_NIBRS,
6582818,25296,6,2014,U,,,N,F,,C,2014_06_PA0011300_NIBRS,
6605268,25296,7,2014,U,,,N,F,,C,2014_07_PA0011300_NIBRS,
6627718,25296,8,2014,U,,,N,F,,C,2014_08_PA0011300_NIBRS,
6650168,25296,9,2014,U,,,N,F,,C,2014_09_PA0011300_NIBRS,
6672618,25296,10,2014,U,,,N,F,,C,2014_10_PA0011300_NIBRS,
6695068,25296,11,2014,U,,,N,F,,C,2014_11_PA0011300_NIBRS,
6717518,25296,12,2014,U,,,N,F,,C,2014_12_PA0011300_NIBRS,
6470569,25297,1,2014,U,,,N,F,,C,2014_01_PA0132100_NIBRS,
6493019,25297,2,2014,U,,,N,F,,C,2014_02_PA0132100_NIBRS,
6515469,25297,3,2014,U,,,N,F,,C,2014_03_PA0132100_NIBRS,
6537919,25297,4,2014,U,,,N,F,,C,2014_04_PA0132100_NIBRS,
6560369,25297,5,2014,U,,,N,F,,C,2014_05_PA0132100_NIBRS,
6582819,25297,6,2014,U,,,N,F,,C,2014_06_PA0132100_NIBRS,
6605269,25297,7,2014,U,,,N,F,,C,2014_07_PA0132100_NIBRS,
6627719,25297,8,2014,U,,,N,F,,C,2014_08_PA0132100_NIBRS,
6650169,25297,9,2014,U,,,N,F,,C,2014_09_PA0132100_NIBRS,
6672619,25297,10,2014,U,,,N,F,,C,2014_10_PA0132100_NIBRS,
6695069,25297,11,2014,U,,,N,F,,C,2014_11_PA0132100_NIBRS,
6717519,25297,12,2014,U,,,N,F,,C,2014_12_PA0132100_NIBRS,
6465476,17159,1,2014,U,,,N,F,,C,2014_01_PA0632000_NIBRS,
6487926,17159,2,2014,U,,,N,F,,C,2014_02_PA0632000_NIBRS,
6510376,17159,3,2014,U,,,N,F,,C,2014_03_PA0632000_NIBRS,
6532826,17159,4,2014,U,,,N,F,,C,2014_04_PA0632000_NIBRS,
6555276,17159,5,2014,U,,,N,F,,C,2014_05_PA0632000_NIBRS,
6577726,17159,6,2014,U,,,N,F,,C,2014_06_PA0632000_NIBRS,
6600176,17159,7,2014,U,,,N,F,,C,2014_07_PA0632000_NIBRS,
6622626,17159,8,2014,U,,,N,F,,C,2014_08_PA0632000_NIBRS,
6645076,17159,9,2014,U,,,N,F,,C,2014_09_PA0632000_NIBRS,
6667526,17159,10,2014,U,,,N,F,,C,2014_10_PA0632000_NIBRS,
6689976,17159,11,2014,U,,,N,F,,C,2014_11_PA0632000_NIBRS,
6712426,17159,12,2014,U,,,N,F,,C,2014_12_PA0632000_NIBRS,
6465477,17160,1,2014,U,,,N,F,,C,2014_01_PA0632100_NIBRS,
6487927,17160,2,2014,U,,,N,F,,C,2014_02_PA0632100_NIBRS,
6510377,17160,3,2014,U,,,N,F,,C,2014_03_PA0632100_NIBRS,
6532827,17160,4,2014,U,,,N,F,,C,2014_04_PA0632100_NIBRS,
6555277,17160,5,2014,U,,,N,F,,C,2014_05_PA0632100_NIBRS,
6577727,17160,6,2014,U,,,N,F,,C,2014_06_PA0632100_NIBRS,
6600177,17160,7,2014,U,,,N,F,,C,2014_07_PA0632100_NIBRS,
6622627,17160,8,2014,U,,,N,F,,C,2014_08_PA0632100_NIBRS,
6645077,17160,9,2014,U,,,N,F,,C,2014_09_PA0632100_NIBRS,
6667527,17160,10,2014,U,,,N,F,,C,2014_10_PA0632100_NIBRS,
6689977,17160,11,2014,U,,,N,F,,C,2014_11_PA0632100_NIBRS,
6712427,17160,12,2014,U,,,N,F,,C,2014_12_PA0632100_NIBRS,
6465478,17161,1,2014,U,,,N,F,,C,2014_01_PA0632200_NIBRS,
6487928,17161,2,2014,U,,,N,F,,C,2014_02_PA0632200_NIBRS,
6510378,17161,3,2014,U,,,N,F,,C,2014_03_PA0632200_NIBRS,
6532828,17161,4,2014,U,,,N,F,,C,2014_04_PA0632200_NIBRS,
6555278,17161,5,2014,U,,,N,F,,C,2014_05_PA0632200_NIBRS,
6577728,17161,6,2014,U,,,N,F,,C,2014_06_PA0632200_NIBRS,
6600178,17161,7,2014,U,,,N,F,,C,2014_07_PA0632200_NIBRS,
6622628,17161,8,2014,U,,,N,F,,C,2014_08_PA0632200_NIBRS,
6645078,17161,9,2014,U,,,N,F,,C,2014_09_PA0632200_NIBRS,
6667528,17161,10,2014,U,,,N,F,,C,2014_10_PA0632200_NIBRS,
6689978,17161,11,2014,U,,,N,F,,C,2014_11_PA0632200_NIBRS,
6712428,17161,12,2014,U,,,N,F,,C,2014_12_PA0632200_NIBRS,
6465479,17162,1,2014,U,,,N,F,,C,2014_01_PA0632300_NIBRS,
6487929,17162,2,2014,U,,,N,F,,C,2014_02_PA0632300_NIBRS,
6510379,17162,3,2014,U,,,N,F,,C,2014_03_PA0632300_NIBRS,
6532829,17162,4,2014,U,,,N,F,,C,2014_04_PA0632300_NIBRS,
6555279,17162,5,2014,U,,,N,F,,C,2014_05_PA0632300_NIBRS,
6577729,17162,6,2014,U,,,N,F,,C,2014_06_PA0632300_NIBRS,
6600179,17162,7,2014,U,,,N,F,,C,2014_07_PA0632300_NIBRS,
6622629,17162,8,2014,U,,,N,F,,C,2014_08_PA0632300_NIBRS,
6645079,17162,9,2014,U,,,N,F,,C,2014_09_PA0632300_NIBRS,
6667529,17162,10,2014,U,,,N,F,,C,2014_10_PA0632300_NIBRS,
6689979,17162,11,2014,U,,,N,F,,C,2014_11_PA0632300_NIBRS,
6712429,17162,12,2014,U,,,N,F,,C,2014_12_PA0632300_NIBRS,
6465660,17343,1,2014,U,,,N,F,,C,2014_01_PA36BCI0X_NIBRS,
6488110,17343,2,2014,U,,,N,F,,C,2014_02_PA36BCI0X_NIBRS,
6510560,17343,3,2014,U,,,N,F,,C,2014_03_PA36BCI0X_NIBRS,
6533010,17343,4,2014,U,,,N,F,,C,2014_04_PA36BCI0X_NIBRS,
6555460,17343,5,2014,U,,,N,F,,C,2014_05_PA36BCI0X_NIBRS,
6577910,17343,6,2014,U,,,N,F,,C,2014_06_PA36BCI0X_NIBRS,
6600360,17343,7,2014,U,,,N,F,,C,2014_07_PA36BCI0X_NIBRS,
6622810,17343,8,2014,U,,,N,F,,C,2014_08_PA36BCI0X_NIBRS,
6645260,17343,9,2014,U,,,N,F,,C,2014_09_PA36BCI0X_NIBRS,
6667710,17343,10,2014,U,,,N,F,,C,2014_10_PA36BCI0X_NIBRS,
6690160,17343,11,2014,U,,,N,F,,C,2014_11_PA36BCI0X_NIBRS,
6712610,17343,12,2014,U,,,N,F,,C,2014_12_PA36BCI0X_NIBRS,
6465661,17344,1,2014,U,,,N,F,,C,2014_01_PA37BCI0X_NIBRS,
6488111,17344,2,2014,U,,,N,F,,C,2014_02_PA37BCI0X_NIBRS,
6510561,17344,3,2014,U,,,N,F,,C,2014_03_PA37BCI0X_NIBRS,
6533011,17344,4,2014,U,,,N,F,,C,2014_04_PA37BCI0X_NIBRS,
6555461,17344,5,2014,U,,,N,F,,C,2014_05_PA37BCI0X_NIBRS,
6577911,17344,6,2014,U,,,N,F,,C,2014_06_PA37BCI0X_NIBRS,
6600361,17344,7,2014,U,,,N,F,,C,2014_07_PA37BCI0X_NIBRS,
6622811,17344,8,2014,U,,,N,F,,C,2014_08_PA37BCI0X_NIBRS,
6645261,17344,9,2014,U,,,N,F,,C,2014_09_PA37BCI0X_NIBRS,
6667711,17344,10,2014,U,,,N,F,,C,2014_10_PA37BCI0X_NIBRS,
6690161,17344,11,2014,U,,,N,F,,C,2014_11_PA37BCI0X_NIBRS,
6712611,17344,12,2014,U,,,N,F,,C,2014_12_PA37BCI0X_NIBRS,
6465662,17345,1,2014,U,,,N,F,,C,2014_01_PA38BCI0X_NIBRS,
6488112,17345,2,2014,U,,,N,F,,C,2014_02_PA38BCI0X_NIBRS,
6510562,17345,3,2014,U,,,N,F,,C,2014_03_PA38BCI0X_NIBRS,
6533012,17345,4,2014,U,,,N,F,,C,2014_04_PA38BCI0X_NIBRS,
6555462,17345,5,2014,U,,,N,F,,C,2014_05_PA38BCI0X_NIBRS,
6577912,17345,6,2014,U,,,N,F,,C,2014_06_PA38BCI0X_NIBRS,
6600362,17345,7,2014,U,,,N,F,,C,2014_07_PA38BCI0X_NIBRS,
6622812,17345,8,2014,U,,,N,F,,C,2014_08_PA38BCI0X_NIBRS,
6645262,17345,9,2014,U,,,N,F,,C,2014_09_PA38BCI0X_NIBRS,
6667712,17345,10,2014,U,,,N,F,,C,2014_10_PA38BCI0X_NIBRS,
6690162,17345,11,2014,U,,,N,F,,C,2014_11_PA38BCI0X_NIBRS,
6712612,17345,12,2014,U,,,N,F,,C,2014_12_PA38BCI0X_NIBRS,
6465663,17346,1,2014,U,,,N,F,,C,2014_01_PA39BCI0X_NIBRS,
6488113,17346,2,2014,U,,,N,F,,C,2014_02_PA39BCI0X_NIBRS,
6510563,17346,3,2014,U,,,N,F,,C,2014_03_PA39BCI0X_NIBRS,
6533013,17346,4,2014,U,,,N,F,,C,2014_04_PA39BCI0X_NIBRS,
6555463,17346,5,2014,U,,,N,F,,C,2014_05_PA39BCI0X_NIBRS,
6577913,17346,6,2014,U,,,N,F,,C,2014_06_PA39BCI0X_NIBRS,
6600363,17346,7,2014,U,,,N,F,,C,2014_07_PA39BCI0X_NIBRS,
6622813,17346,8,2014,U,,,N,F,,C,2014_08_PA39BCI0X_NIBRS,
6645263,17346,9,2014,U,,,N,F,,C,2014_09_PA39BCI0X_NIBRS,
6667713,17346,10,2014,U,,,N,F,,C,2014_10_PA39BCI0X_NIBRS,
6690163,17346,11,2014,U,,,N,F,,C,2014_11_PA39BCI0X_NIBRS,
6712613,17346,12,2014,U,,,N,F,,C,2014_12_PA39BCI0X_NIBRS,
6465664,17347,1,2014,U,,,N,F,,C,2014_01_PA40BCI0X_NIBRS,
6488114,17347,2,2014,U,,,N,F,,C,2014_02_PA40BCI0X_NIBRS,
6510564,17347,3,2014,U,,,N,F,,C,2014_03_PA40BCI0X_NIBRS,
6533014,17347,4,2014,U,,,N,F,,C,2014_04_PA40BCI0X_NIBRS,
6555464,17347,5,2014,U,,,N,F,,C,2014_05_PA40BCI0X_NIBRS,
6577914,17347,6,2014,U,,,N,F,,C,2014_06_PA40BCI0X_NIBRS,
6600364,17347,7,2014,U,,,N,F,,C,2014_07_PA40BCI0X_NIBRS,
6622814,17347,8,2014,U,,,N,F,,C,2014_08_PA40BCI0X_NIBRS,
6645264,17347,9,2014,U,,,N,F,,C,2014_09_PA40BCI0X_NIBRS,
6667714,17347,10,2014,U,,,N,F,,C,2014_10_PA40BCI0X_NIBRS,
6690164,17347,11,2014,U,,,N,F,,C,2014_11_PA40BCI0X_NIBRS,
6712614,17347,12,2014,U,,,N,F,,C,2014_12_PA40BCI0X_NIBRS,
6465452,17135,1,2014,U,,,N,F,,C,2014_01_PA0620800_NIBRS,
6487902,17135,2,2014,U,,,N,F,,C,2014_02_PA0620800_NIBRS,
6510352,17135,3,2014,U,,,N,F,,C,2014_03_PA0620800_NIBRS,
6532802,17135,4,2014,U,,,N,F,,C,2014_04_PA0620800_NIBRS,
6555252,17135,5,2014,U,,,N,F,,C,2014_05_PA0620800_NIBRS,
6577702,17135,6,2014,U,,,N,F,,C,2014_06_PA0620800_NIBRS,
6600152,17135,7,2014,U,,,N,F,,C,2014_07_PA0620800_NIBRS,
6622602,17135,8,2014,U,,,N,F,,C,2014_08_PA0620800_NIBRS,
6645052,17135,9,2014,U,,,N,F,,C,2014_09_PA0620800_NIBRS,
6667502,17135,10,2014,U,,,N,F,,C,2014_10_PA0620800_NIBRS,
6689952,17135,11,2014,U,,,N,F,,C,2014_11_PA0620800_NIBRS,
6712402,17135,12,2014,U,,,N,F,,C,2014_12_PA0620800_NIBRS,
6464092,15775,1,2014,U,,,N,F,,C,2014_01_PA0026800_NIBRS,
6486542,15775,2,2014,U,,,N,F,,C,2014_02_PA0026800_NIBRS,
6508992,15775,3,2014,U,,,N,F,,C,2014_03_PA0026800_NIBRS,
6531442,15775,4,2014,U,,,N,F,,C,2014_04_PA0026800_NIBRS,
6553892,15775,5,2014,U,,,N,F,,C,2014_05_PA0026800_NIBRS,
6576342,15775,6,2014,U,,,N,F,,C,2014_06_PA0026800_NIBRS,
6598792,15775,7,2014,U,,,N,F,,C,2014_07_PA0026800_NIBRS,
6621242,15775,8,2014,U,,,N,F,,C,2014_08_PA0026800_NIBRS,
6643692,15775,9,2014,U,,,N,F,,C,2014_09_PA0026800_NIBRS,
6666142,15775,10,2014,U,,,N,F,,C,2014_10_PA0026800_NIBRS,
6688592,15775,11,2014,U,,,N,F,,C,2014_11_PA0026800_NIBRS,
6711042,15775,12,2014,U,,,N,F,,C,2014_12_PA0026800_NIBRS,
6465453,17136,1,2014,U,,,N,F,,C,2014_01_PA0620900_NIBRS,
6487903,17136,2,2014,U,,,N,F,,C,2014_02_PA0620900_NIBRS,
6510353,17136,3,2014,U,,,N,F,,C,2014_03_PA0620900_NIBRS,
6532803,17136,4,2014,U,,,N,F,,C,2014_04_PA0620900_NIBRS,
6555253,17136,5,2014,U,,,N,F,,C,2014_05_PA0620900_NIBRS,
6577703,17136,6,2014,U,,,N,F,,C,2014_06_PA0620900_NIBRS,
6600153,17136,7,2014,U,,,N,F,,C,2014_07_PA0620900_NIBRS,
6622603,17136,8,2014,U,,,N,F,,C,2014_08_PA0620900_NIBRS,
6645053,17136,9,2014,U,,,N,F,,C,2014_09_PA0620900_NIBRS,
6667503,17136,10,2014,U,,,N,F,,C,2014_10_PA0620900_NIBRS,
6689953,17136,11,2014,U,,,N,F,,C,2014_11_PA0620900_NIBRS,
6712403,17136,12,2014,U,,,N,F,,C,2014_12_PA0620900_NIBRS,
6465454,17137,1,2014,U,,,N,F,,C,2014_01_PA062BF00_NIBRS,
6487904,17137,2,2014,U,,,N,F,,C,2014_02_PA062BF00_NIBRS,
6510354,17137,3,2014,U,,,N,F,,C,2014_03_PA062BF00_NIBRS,
6532804,17137,4,2014,U,,,N,F,,C,2014_04_PA062BF00_NIBRS,
6555254,17137,5,2014,U,,,N,F,,C,2014_05_PA062BF00_NIBRS,
6577704,17137,6,2014,U,,,N,F,,C,2014_06_PA062BF00_NIBRS,
6600154,17137,7,2014,U,,,N,F,,C,2014_07_PA062BF00_NIBRS,
6622604,17137,8,2014,U,,,N,F,,C,2014_08_PA062BF00_NIBRS,
6645054,17137,9,2014,U,,,N,F,,C,2014_09_PA062BF00_NIBRS,
6667504,17137,10,2014,U,,,N,F,,C,2014_10_PA062BF00_NIBRS,
6689954,17137,11,2014,U,,,N,F,,C,2014_11_PA062BF00_NIBRS,
6712404,17137,12,2014,U,,,N,F,,C,2014_12_PA062BF00_NIBRS,
6465455,17138,1,2014,U,,,N,F,,C,2014_01_PA062DE00_NIBRS,
6487905,17138,2,2014,U,,,N,F,,C,2014_02_PA062DE00_NIBRS,
6510355,17138,3,2014,U,,,N,F,,C,2014_03_PA062DE00_NIBRS,
6532805,17138,4,2014,U,,,N,F,,C,2014_04_PA062DE00_NIBRS,
6555255,17138,5,2014,U,,,N,F,,C,2014_05_PA062DE00_NIBRS,
6577705,17138,6,2014,U,,,N,F,,C,2014_06_PA062DE00_NIBRS,
6600155,17138,7,2014,U,,,N,F,,C,2014_07_PA062DE00_NIBRS,
6622605,17138,8,2014,U,,,N,F,,C,2014_08_PA062DE00_NIBRS,
6645055,17138,9,2014,U,,,N,F,,C,2014_09_PA062DE00_NIBRS,
6667505,17138,10,2014,U,,,N,F,,C,2014_10_PA062DE00_NIBRS,
6689955,17138,11,2014,U,,,N,F,,C,2014_11_PA062DE00_NIBRS,
6712405,17138,12,2014,U,,,N,F,,C,2014_12_PA062DE00_NIBRS,
6465456,17139,1,2014,U,,,N,F,,C,2014_01_PA062SP00_NIBRS,
6487906,17139,2,2014,U,,,N,F,,C,2014_02_PA062SP00_NIBRS,
6510356,17139,3,2014,U,,,N,F,,C,2014_03_PA062SP00_NIBRS,
6532806,17139,4,2014,U,,,N,F,,C,2014_04_PA062SP00_NIBRS,
6555256,17139,5,2014,U,,,N,F,,C,2014_05_PA062SP00_NIBRS,
6577706,17139,6,2014,U,,,N,F,,C,2014_06_PA062SP00_NIBRS,
6600156,17139,7,2014,U,,,N,F,,C,2014_07_PA062SP00_NIBRS,
6622606,17139,8,2014,U,,,N,F,,C,2014_08_PA062SP00_NIBRS,
6645056,17139,9,2014,U,,,N,F,,C,2014_09_PA062SP00_NIBRS,
6667506,17139,10,2014,U,,,N,F,,C,2014_10_PA062SP00_NIBRS,
6689956,17139,11,2014,U,,,N,F,,C,2014_11_PA062SP00_NIBRS,
6712406,17139,12,2014,U,,,N,F,,C,2014_12_PA062SP00_NIBRS,
6465457,17140,1,2014,U,,,N,F,,C,2014_01_PA0630000_NIBRS,
6487907,17140,2,2014,U,,,N,F,,C,2014_02_PA0630000_NIBRS,
6510357,17140,3,2014,U,,,N,F,,C,2014_03_PA0630000_NIBRS,
6532807,17140,4,2014,U,,,N,F,,C,2014_04_PA0630000_NIBRS,
6555257,17140,5,2014,U,,,N,F,,C,2014_05_PA0630000_NIBRS,
6577707,17140,6,2014,U,,,N,F,,C,2014_06_PA0630000_NIBRS,
6600157,17140,7,2014,U,,,N,F,,C,2014_07_PA0630000_NIBRS,
6622607,17140,8,2014,U,,,N,F,,C,2014_08_PA0630000_NIBRS,
6645057,17140,9,2014,U,,,N,F,,C,2014_09_PA0630000_NIBRS,
6667507,17140,10,2014,U,,,N,F,,C,2014_10_PA0630000_NIBRS,
6689957,17140,11,2014,U,,,N,F,,C,2014_11_PA0630000_NIBRS,
6712407,17140,12,2014,U,,,N,F,,C,2014_12_PA0630000_NIBRS,
6465458,17141,1,2014,U,,,N,F,,C,2014_01_PA0630100_NIBRS,
6487908,17141,2,2014,U,,,N,F,,C,2014_02_PA0630100_NIBRS,
6510358,17141,3,2014,U,,,N,F,,C,2014_03_PA0630100_NIBRS,
6532808,17141,4,2014,U,,,N,F,,C,2014_04_PA0630100_NIBRS,
6555258,17141,5,2014,U,,,N,F,,C,2014_05_PA0630100_NIBRS,
6577708,17141,6,2014,U,,,N,F,,C,2014_06_PA0630100_NIBRS,
6600158,17141,7,2014,U,,,N,F,,C,2014_07_PA0630100_NIBRS,
6622608,17141,8,2014,U,,,N,F,,C,2014_08_PA0630100_NIBRS,
6645058,17141,9,2014,U,,,N,F,,C,2014_09_PA0630100_NIBRS,
6667508,17141,10,2014,U,,,N,F,,C,2014_10_PA0630100_NIBRS,
6689958,17141,11,2014,U,,,N,F,,C,2014_11_PA0630100_NIBRS,
6712408,17141,12,2014,U,,,N,F,,C,2014_12_PA0630100_NIBRS,
6465459,17142,1,2014,U,,,N,F,,C,2014_01_PA0630200_NIBRS,
6487909,17142,2,2014,U,,,N,F,,C,2014_02_PA0630200_NIBRS,
6510359,17142,3,2014,U,,,N,F,,C,2014_03_PA0630200_NIBRS,
6532809,17142,4,2014,U,,,N,F,,C,2014_04_PA0630200_NIBRS,
6555259,17142,5,2014,U,,,N,F,,C,2014_05_PA0630200_NIBRS,
6577709,17142,6,2014,U,,,N,F,,C,2014_06_PA0630200_NIBRS,
6600159,17142,7,2014,U,,,N,F,,C,2014_07_PA0630200_NIBRS,
6622609,17142,8,2014,U,,,N,F,,C,2014_08_PA0630200_NIBRS,
6645059,17142,9,2014,U,,,N,F,,C,2014_09_PA0630200_NIBRS,
6667509,17142,10,2014,U,,,N,F,,C,2014_10_PA0630200_NIBRS,
6689959,17142,11,2014,U,,,N,F,,C,2014_11_PA0630200_NIBRS,
6712409,17142,12,2014,U,,,N,F,,C,2014_12_PA0630200_NIBRS,
6465460,17143,1,2014,U,,,N,F,,C,2014_01_PA0630300_NIBRS,
6487910,17143,2,2014,U,,,N,F,,C,2014_02_PA0630300_NIBRS,
6510360,17143,3,2014,U,,,N,F,,C,2014_03_PA0630300_NIBRS,
6532810,17143,4,2014,U,,,N,F,,C,2014_04_PA0630300_NIBRS,
6555260,17143,5,2014,U,,,N,F,,C,2014_05_PA0630300_NIBRS,
6577710,17143,6,2014,U,,,N,F,,C,2014_06_PA0630300_NIBRS,
6600160,17143,7,2014,U,,,N,F,,C,2014_07_PA0630300_NIBRS,
6622610,17143,8,2014,U,,,N,F,,C,2014_08_PA0630300_NIBRS,
6645060,17143,9,2014,U,,,N,F,,C,2014_09_PA0630300_NIBRS,
6667510,17143,10,2014,U,,,N,F,,C,2014_10_PA0630300_NIBRS,
6689960,17143,11,2014,U,,,N,F,,C,2014_11_PA0630300_NIBRS,
6712410,17143,12,2014,U,,,N,F,,C,2014_12_PA0630300_NIBRS,
6465461,17144,1,2014,U,,,N,F,,C,2014_01_PA0630400_NIBRS,
6487911,17144,2,2014,U,,,N,F,,C,2014_02_PA0630400_NIBRS,
6510361,17144,3,2014,U,,,N,F,,C,2014_03_PA0630400_NIBRS,
6532811,17144,4,2014,U,,,N,F,,C,2014_04_PA0630400_NIBRS,
6555261,17144,5,2014,U,,,N,F,,C,2014_05_PA0630400_NIBRS,
6577711,17144,6,2014,U,,,N,F,,C,2014_06_PA0630400_NIBRS,
6600161,17144,7,2014,U,,,N,F,,C,2014_07_PA0630400_NIBRS,
6622611,17144,8,2014,U,,,N,F,,C,2014_08_PA0630400_NIBRS,
6645061,17144,9,2014,U,,,N,F,,C,2014_09_PA0630400_NIBRS,
6667511,17144,10,2014,U,,,N,F,,C,2014_10_PA0630400_NIBRS,
6689961,17144,11,2014,U,,,N,F,,C,2014_11_PA0630400_NIBRS,
6712411,17144,12,2014,U,,,N,F,,C,2014_12_PA0630400_NIBRS,
6465462,17145,1,2014,U,,,N,F,,C,2014_01_PA0630500_NIBRS,
6487912,17145,2,2014,U,,,N,F,,C,2014_02_PA0630500_NIBRS,
6510362,17145,3,2014,U,,,N,F,,C,2014_03_PA0630500_NIBRS,
6532812,17145,4,2014,U,,,N,F,,C,2014_04_PA0630500_NIBRS,
6555262,17145,5,2014,U,,,N,F,,C,2014_05_PA0630500_NIBRS,
6577712,17145,6,2014,U,,,N,F,,C,2014_06_PA0630500_NIBRS,
6600162,17145,7,2014,U,,,N,F,,C,2014_07_PA0630500_NIBRS,
6622612,17145,8,2014,U,,,N,F,,C,2014_08_PA0630500_NIBRS,
6645062,17145,9,2014,U,,,N,F,,C,2014_09_PA0630500_NIBRS,
6667512,17145,10,2014,U,,,N,F,,C,2014_10_PA0630500_NIBRS,
6689962,17145,11,2014,U,,,N,F,,C,2014_11_PA0630500_NIBRS,
6712412,17145,12,2014,U,,,N,F,,C,2014_12_PA0630500_NIBRS,
6465463,17146,1,2014,U,,,N,F,,C,2014_01_PA0630600_NIBRS,
6487913,17146,2,2014,U,,,N,F,,C,2014_02_PA0630600_NIBRS,
6510363,17146,3,2014,U,,,N,F,,C,2014_03_PA0630600_NIBRS,
6532813,17146,4,2014,U,,,N,F,,C,2014_04_PA0630600_NIBRS,
6555263,17146,5,2014,U,,,N,F,,C,2014_05_PA0630600_NIBRS,
6577713,17146,6,2014,U,,,N,F,,C,2014_06_PA0630600_NIBRS,
6600163,17146,7,2014,U,,,N,F,,C,2014_07_PA0630600_NIBRS,
6622613,17146,8,2014,U,,,N,F,,C,2014_08_PA0630600_NIBRS,
6645063,17146,9,2014,U,,,N,F,,C,2014_09_PA0630600_NIBRS,
6667513,17146,10,2014,U,,,N,F,,C,2014_10_PA0630600_NIBRS,
6689963,17146,11,2014,U,,,N,F,,C,2014_11_PA0630600_NIBRS,
6712413,17146,12,2014,U,,,N,F,,C,2014_12_PA0630600_NIBRS,
6465464,17147,1,2014,U,,,N,F,,C,2014_01_PA0630700_NIBRS,
6487914,17147,2,2014,U,,,N,F,,C,2014_02_PA0630700_NIBRS,
6510364,17147,3,2014,U,,,N,F,,C,2014_03_PA0630700_NIBRS,
6532814,17147,4,2014,U,,,N,F,,C,2014_04_PA0630700_NIBRS,
6555264,17147,5,2014,U,,,N,F,,C,2014_05_PA0630700_NIBRS,
6577714,17147,6,2014,U,,,N,F,,C,2014_06_PA0630700_NIBRS,
6600164,17147,7,2014,U,,,N,F,,C,2014_07_PA0630700_NIBRS,
6622614,17147,8,2014,U,,,N,F,,C,2014_08_PA0630700_NIBRS,
6645064,17147,9,2014,U,,,N,F,,C,2014_09_PA0630700_NIBRS,
6667514,17147,10,2014,U,,,N,F,,C,2014_10_PA0630700_NIBRS,
6689964,17147,11,2014,U,,,N,F,,C,2014_11_PA0630700_NIBRS,
6712414,17147,12,2014,U,,,N,F,,C,2014_12_PA0630700_NIBRS,
6465465,17148,1,2014,U,,,N,F,,C,2014_01_PA0630800_NIBRS,
6487915,17148,2,2014,U,,,N,F,,C,2014_02_PA0630800_NIBRS,
6510365,17148,3,2014,U,,,N,F,,C,2014_03_PA0630800_NIBRS,
6532815,17148,4,2014,U,,,N,F,,C,2014_04_PA0630800_NIBRS,
6555265,17148,5,2014,U,,,N,F,,C,2014_05_PA0630800_NIBRS,
6577715,17148,6,2014,U,,,N,F,,C,2014_06_PA0630800_NIBRS,
6600165,17148,7,2014,U,,,N,F,,C,2014_07_PA0630800_NIBRS,
6622615,17148,8,2014,U,,,N,F,,C,2014_08_PA0630800_NIBRS,
6645065,17148,9,2014,U,,,N,F,,C,2014_09_PA0630800_NIBRS,
6667515,17148,10,2014,U,,,N,F,,C,2014_10_PA0630800_NIBRS,
6689965,17148,11,2014,U,,,N,F,,C,2014_11_PA0630800_NIBRS,
6712415,17148,12,2014,U,,,N,F,,C,2014_12_PA0630800_NIBRS,
6465466,17149,1,2014,U,,,N,F,,C,2014_01_PA0630900_NIBRS,
6487916,17149,2,2014,U,,,N,F,,C,2014_02_PA0630900_NIBRS,
6510366,17149,3,2014,U,,,N,F,,C,2014_03_PA0630900_NIBRS,
6532816,17149,4,2014,U,,,N,F,,C,2014_04_PA0630900_NIBRS,
6555266,17149,5,2014,U,,,N,F,,C,2014_05_PA0630900_NIBRS,
6577716,17149,6,2014,U,,,N,F,,C,2014_06_PA0630900_NIBRS,
6600166,17149,7,2014,U,,,N,F,,C,2014_07_PA0630900_NIBRS,
6622616,17149,8,2014,U,,,N,F,,C,2014_08_PA0630900_NIBRS,
6645066,17149,9,2014,U,,,N,F,,C,2014_09_PA0630900_NIBRS,
6667516,17149,10,2014,U,,,N,F,,C,2014_10_PA0630900_NIBRS,
6689966,17149,11,2014,U,,,N,F,,C,2014_11_PA0630900_NIBRS,
6712416,17149,12,2014,U,,,N,F,,C,2014_12_PA0630900_NIBRS,
6465467,17150,1,2014,U,,,N,F,,C,2014_01_PA0631000_NIBRS,
6487917,17150,2,2014,U,,,N,F,,C,2014_02_PA0631000_NIBRS,
6510367,17150,3,2014,U,,,N,F,,C,2014_03_PA0631000_NIBRS,
6532817,17150,4,2014,U,,,N,F,,C,2014_04_PA0631000_NIBRS,
6555267,17150,5,2014,U,,,N,F,,C,2014_05_PA0631000_NIBRS,
6577717,17150,6,2014,U,,,N,F,,C,2014_06_PA0631000_NIBRS,
6600167,17150,7,2014,U,,,N,F,,C,2014_07_PA0631000_NIBRS,
6622617,17150,8,2014,U,,,N,F,,C,2014_08_PA0631000_NIBRS,
6645067,17150,9,2014,U,,,N,F,,C,2014_09_PA0631000_NIBRS,
6667517,17150,10,2014,U,,,N,F,,C,2014_10_PA0631000_NIBRS,
6689967,17150,11,2014,U,,,N,F,,C,2014_11_PA0631000_NIBRS,
6712417,17150,12,2014,U,,,N,F,,C,2014_12_PA0631000_NIBRS,
6465468,17151,1,2014,U,,,N,F,,C,2014_01_PA0631100_NIBRS,
6487918,17151,2,2014,U,,,N,F,,C,2014_02_PA0631100_NIBRS,
6510368,17151,3,2014,U,,,N,F,,C,2014_03_PA0631100_NIBRS,
6532818,17151,4,2014,U,,,N,F,,C,2014_04_PA0631100_NIBRS,
6555268,17151,5,2014,U,,,N,F,,C,2014_05_PA0631100_NIBRS,
6577718,17151,6,2014,U,,,N,F,,C,2014_06_PA0631100_NIBRS,
6600168,17151,7,2014,U,,,N,F,,C,2014_07_PA0631100_NIBRS,
6622618,17151,8,2014,U,,,N,F,,C,2014_08_PA0631100_NIBRS,
6645068,17151,9,2014,U,,,N,F,,C,2014_09_PA0631100_NIBRS,
6667518,17151,10,2014,U,,,N,F,,C,2014_10_PA0631100_NIBRS,
6689968,17151,11,2014,U,,,N,F,,C,2014_11_PA0631100_NIBRS,
6712418,17151,12,2014,U,,,N,F,,C,2014_12_PA0631100_NIBRS,
6470321,23116,1,2014,U,,,N,F,,C,2014_01_PA0631200_NIBRS,
6492771,23116,2,2014,U,,,N,F,,C,2014_02_PA0631200_NIBRS,
6515221,23116,3,2014,U,,,N,F,,C,2014_03_PA0631200_NIBRS,
6537671,23116,4,2014,U,,,N,F,,C,2014_04_PA0631200_NIBRS,
6560121,23116,5,2014,U,,,N,F,,C,2014_05_PA0631200_NIBRS,
6582571,23116,6,2014,U,,,N,F,,C,2014_06_PA0631200_NIBRS,
6605021,23116,7,2014,U,,,N,F,,C,2014_07_PA0631200_NIBRS,
6627471,23116,8,2014,U,,,N,F,,C,2014_08_PA0631200_NIBRS,
6649921,23116,9,2014,U,,,N,F,,C,2014_09_PA0631200_NIBRS,
6672371,23116,10,2014,U,,,N,F,,C,2014_10_PA0631200_NIBRS,
6694821,23116,11,2014,U,,,N,F,,C,2014_11_PA0631200_NIBRS,
6717271,23116,12,2014,U,,,N,F,,C,2014_12_PA0631200_NIBRS,
6465469,17152,1,2014,U,,,N,F,,C,2014_01_PA0631300_NIBRS,
6487919,17152,2,2014,U,,,N,F,,C,2014_02_PA0631300_NIBRS,
6510369,17152,3,2014,U,,,N,F,,C,2014_03_PA0631300_NIBRS,
6532819,17152,4,2014,U,,,N,F,,C,2014_04_PA0631300_NIBRS,
6555269,17152,5,2014,U,,,N,F,,C,2014_05_PA0631300_NIBRS,
6577719,17152,6,2014,U,,,N,F,,C,2014_06_PA0631300_NIBRS,
6600169,17152,7,2014,U,,,N,F,,C,2014_07_PA0631300_NIBRS,
6622619,17152,8,2014,U,,,N,F,,C,2014_08_PA0631300_NIBRS,
6645069,17152,9,2014,U,,,N,F,,C,2014_09_PA0631300_NIBRS,
6667519,17152,10,2014,U,,,N,F,,C,2014_10_PA0631300_NIBRS,
6689969,17152,11,2014,U,,,N,F,,C,2014_11_PA0631300_NIBRS,
6712419,17152,12,2014,U,,,N,F,,C,2014_12_PA0631300_NIBRS,
6465470,17153,1,2014,U,,,N,F,,C,2014_01_PA0631400_NIBRS,
6487920,17153,2,2014,U,,,N,F,,C,2014_02_PA0631400_NIBRS,
6510370,17153,3,2014,U,,,N,F,,C,2014_03_PA0631400_NIBRS,
6532820,17153,4,2014,U,,,N,F,,C,2014_04_PA0631400_NIBRS,
6555270,17153,5,2014,U,,,N,F,,C,2014_05_PA0631400_NIBRS,
6577720,17153,6,2014,U,,,N,F,,C,2014_06_PA0631400_NIBRS,
6600170,17153,7,2014,U,,,N,F,,C,2014_07_PA0631400_NIBRS,
6622620,17153,8,2014,U,,,N,F,,C,2014_08_PA0631400_NIBRS,
6645070,17153,9,2014,U,,,N,F,,C,2014_09_PA0631400_NIBRS,
6667520,17153,10,2014,U,,,N,F,,C,2014_10_PA0631400_NIBRS,
6689970,17153,11,2014,U,,,N,F,,C,2014_11_PA0631400_NIBRS,
6712420,17153,12,2014,U,,,N,F,,C,2014_12_PA0631400_NIBRS,
6465471,17154,1,2014,U,,,N,F,,C,2014_01_PA0631500_NIBRS,
6487921,17154,2,2014,U,,,N,F,,C,2014_02_PA0631500_NIBRS,
6510371,17154,3,2014,U,,,N,F,,C,2014_03_PA0631500_NIBRS,
6532821,17154,4,2014,U,,,N,F,,C,2014_04_PA0631500_NIBRS,
6555271,17154,5,2014,U,,,N,F,,C,2014_05_PA0631500_NIBRS,
6577721,17154,6,2014,U,,,N,F,,C,2014_06_PA0631500_NIBRS,
6600171,17154,7,2014,U,,,N,F,,C,2014_07_PA0631500_NIBRS,
6622621,17154,8,2014,U,,,N,F,,C,2014_08_PA0631500_NIBRS,
6645071,17154,9,2014,U,,,N,F,,C,2014_09_PA0631500_NIBRS,
6667521,17154,10,2014,U,,,N,F,,C,2014_10_PA0631500_NIBRS,
6689971,17154,11,2014,U,,,N,F,,C,2014_11_PA0631500_NIBRS,
6712421,17154,12,2014,U,,,N,F,,C,2014_12_PA0631500_NIBRS,
6465472,17155,1,2014,U,,,N,F,,C,2014_01_PA0631600_NIBRS,
6487922,17155,2,2014,U,,,N,F,,C,2014_02_PA0631600_NIBRS,
6510372,17155,3,2014,U,,,N,F,,C,2014_03_PA0631600_NIBRS,
6532822,17155,4,2014,U,,,N,F,,C,2014_04_PA0631600_NIBRS,
6555272,17155,5,2014,U,,,N,F,,C,2014_05_PA0631600_NIBRS,
6577722,17155,6,2014,U,,,N,F,,C,2014_06_PA0631600_NIBRS,
6600172,17155,7,2014,U,,,N,F,,C,2014_07_PA0631600_NIBRS,
6622622,17155,8,2014,U,,,N,F,,C,2014_08_PA0631600_NIBRS,
6645072,17155,9,2014,U,,,N,F,,C,2014_09_PA0631600_NIBRS,
6667522,17155,10,2014,U,,,N,F,,C,2014_10_PA0631600_NIBRS,
6689972,17155,11,2014,U,,,N,F,,C,2014_11_PA0631600_NIBRS,
6712422,17155,12,2014,U,,,N,F,,C,2014_12_PA0631600_NIBRS,
6465473,17156,1,2014,U,,,N,F,,C,2014_01_PA0631700_NIBRS,
6487923,17156,2,2014,U,,,N,F,,C,2014_02_PA0631700_NIBRS,
6510373,17156,3,2014,U,,,N,F,,C,2014_03_PA0631700_NIBRS,
6532823,17156,4,2014,U,,,N,F,,C,2014_04_PA0631700_NIBRS,
6555273,17156,5,2014,U,,,N,F,,C,2014_05_PA0631700_NIBRS,
6577723,17156,6,2014,U,,,N,F,,C,2014_06_PA0631700_NIBRS,
6600173,17156,7,2014,U,,,N,F,,C,2014_07_PA0631700_NIBRS,
6622623,17156,8,2014,U,,,N,F,,C,2014_08_PA0631700_NIBRS,
6645073,17156,9,2014,U,,,N,F,,C,2014_09_PA0631700_NIBRS,
6667523,17156,10,2014,U,,,N,F,,C,2014_10_PA0631700_NIBRS,
6689973,17156,11,2014,U,,,N,F,,C,2014_11_PA0631700_NIBRS,
6712423,17156,12,2014,U,,,N,F,,C,2014_12_PA0631700_NIBRS,
6465474,17157,1,2014,U,,,N,F,,C,2014_01_PA0631800_NIBRS,
6487924,17157,2,2014,U,,,N,F,,C,2014_02_PA0631800_NIBRS,
6510374,17157,3,2014,U,,,N,F,,C,2014_03_PA0631800_NIBRS,
6532824,17157,4,2014,U,,,N,F,,C,2014_04_PA0631800_NIBRS,
6555274,17157,5,2014,U,,,N,F,,C,2014_05_PA0631800_NIBRS,
6577724,17157,6,2014,U,,,N,F,,C,2014_06_PA0631800_NIBRS,
6600174,17157,7,2014,U,,,N,F,,C,2014_07_PA0631800_NIBRS,
6622624,17157,8,2014,U,,,N,F,,C,2014_08_PA0631800_NIBRS,
6645074,17157,9,2014,U,,,N,F,,C,2014_09_PA0631800_NIBRS,
6667524,17157,10,2014,U,,,N,F,,C,2014_10_PA0631800_NIBRS,
6689974,17157,11,2014,U,,,N,F,,C,2014_11_PA0631800_NIBRS,
6712424,17157,12,2014,U,,,N,F,,C,2014_12_PA0631800_NIBRS,
6465475,17158,1,2014,U,,,N,F,,C,2014_01_PA0631900_NIBRS,
6487925,17158,2,2014,U,,,N,F,,C,2014_02_PA0631900_NIBRS,
6510375,17158,3,2014,U,,,N,F,,C,2014_03_PA0631900_NIBRS,
6532825,17158,4,2014,U,,,N,F,,C,2014_04_PA0631900_NIBRS,
6555275,17158,5,2014,U,,,N,F,,C,2014_05_PA0631900_NIBRS,
6577725,17158,6,2014,U,,,N,F,,C,2014_06_PA0631900_NIBRS,
6600175,17158,7,2014,U,,,N,F,,C,2014_07_PA0631900_NIBRS,
6622625,17158,8,2014,U,,,N,F,,C,2014_08_PA0631900_NIBRS,
6645075,17158,9,2014,U,,,N,F,,C,2014_09_PA0631900_NIBRS,
6667525,17158,10,2014,U,,,N,F,,C,2014_10_PA0631900_NIBRS,
6689975,17158,11,2014,U,,,N,F,,C,2014_11_PA0631900_NIBRS,
6712425,17158,12,2014,U,,,N,F,,C,2014_12_PA0631900_NIBRS,
6465480,17163,1,2014,U,,,N,F,,C,2014_01_PA0632400_NIBRS,
6487930,17163,2,2014,U,,,N,F,,C,2014_02_PA0632400_NIBRS,
6510380,17163,3,2014,U,,,N,F,,C,2014_03_PA0632400_NIBRS,
6532830,17163,4,2014,U,,,N,F,,C,2014_04_PA0632400_NIBRS,
6555280,17163,5,2014,U,,,N,F,,C,2014_05_PA0632400_NIBRS,
6577730,17163,6,2014,U,,,N,F,,C,2014_06_PA0632400_NIBRS,
6600180,17163,7,2014,U,,,N,F,,C,2014_07_PA0632400_NIBRS,
6622630,17163,8,2014,U,,,N,F,,C,2014_08_PA0632400_NIBRS,
6645080,17163,9,2014,U,,,N,F,,C,2014_09_PA0632400_NIBRS,
6667530,17163,10,2014,U,,,N,F,,C,2014_10_PA0632400_NIBRS,
6689980,17163,11,2014,U,,,N,F,,C,2014_11_PA0632400_NIBRS,
6712430,17163,12,2014,U,,,N,F,,C,2014_12_PA0632400_NIBRS,
6465481,17164,1,2014,U,,,N,F,,C,2014_01_PA0632600_NIBRS,
6487931,17164,2,2014,U,,,N,F,,C,2014_02_PA0632600_NIBRS,
6510381,17164,3,2014,U,,,N,F,,C,2014_03_PA0632600_NIBRS,
6532831,17164,4,2014,U,,,N,F,,C,2014_04_PA0632600_NIBRS,
6555281,17164,5,2014,U,,,N,F,,C,2014_05_PA0632600_NIBRS,
6577731,17164,6,2014,U,,,N,F,,C,2014_06_PA0632600_NIBRS,
6600181,17164,7,2014,U,,,N,F,,C,2014_07_PA0632600_NIBRS,
6622631,17164,8,2014,U,,,N,F,,C,2014_08_PA0632600_NIBRS,
6645081,17164,9,2014,U,,,N,F,,C,2014_09_PA0632600_NIBRS,
6667531,17164,10,2014,U,,,N,F,,C,2014_10_PA0632600_NIBRS,
6689981,17164,11,2014,U,,,N,F,,C,2014_11_PA0632600_NIBRS,
6712431,17164,12,2014,U,,,N,F,,C,2014_12_PA0632600_NIBRS,
6465482,17165,1,2014,U,,,N,F,,C,2014_01_PA0632700_NIBRS,
6487932,17165,2,2014,U,,,N,F,,C,2014_02_PA0632700_NIBRS,
6510382,17165,3,2014,U,,,N,F,,C,2014_03_PA0632700_NIBRS,
6532832,17165,4,2014,U,,,N,F,,C,2014_04_PA0632700_NIBRS,
6555282,17165,5,2014,U,,,N,F,,C,2014_05_PA0632700_NIBRS,
6577732,17165,6,2014,U,,,N,F,,C,2014_06_PA0632700_NIBRS,
6600182,17165,7,2014,U,,,N,F,,C,2014_07_PA0632700_NIBRS,
6622632,17165,8,2014,U,,,N,F,,C,2014_08_PA0632700_NIBRS,
6645082,17165,9,2014,U,,,N,F,,C,2014_09_PA0632700_NIBRS,
6667532,17165,10,2014,U,,,N,F,,C,2014_10_PA0632700_NIBRS,
6689982,17165,11,2014,U,,,N,F,,C,2014_11_PA0632700_NIBRS,
6712432,17165,12,2014,U,,,N,F,,C,2014_12_PA0632700_NIBRS,
6465483,17166,1,2014,U,,,N,F,,C,2014_01_PA0632800_NIBRS,
6487933,17166,2,2014,U,,,N,F,,C,2014_02_PA0632800_NIBRS,
6510383,17166,3,2014,U,,,N,F,,C,2014_03_PA0632800_NIBRS,
6532833,17166,4,2014,U,,,N,F,,C,2014_04_PA0632800_NIBRS,
6555283,17166,5,2014,U,,,N,F,,C,2014_05_PA0632800_NIBRS,
6577733,17166,6,2014,U,,,N,F,,C,2014_06_PA0632800_NIBRS,
6600183,17166,7,2014,U,,,N,F,,C,2014_07_PA0632800_NIBRS,
6622633,17166,8,2014,U,,,N,F,,C,2014_08_PA0632800_NIBRS,
6645083,17166,9,2014,U,,,N,F,,C,2014_09_PA0632800_NIBRS,
6667533,17166,10,2014,U,,,N,F,,C,2014_10_PA0632800_NIBRS,
6689983,17166,11,2014,U,,,N,F,,C,2014_11_PA0632800_NIBRS,
6712433,17166,12,2014,U,,,N,F,,C,2014_12_PA0632800_NIBRS,
6465627,17310,1,2014,U,,,N,F,,C,2014_01_PA067BF00_NIBRS,
6488077,17310,2,2014,U,,,N,F,,C,2014_02_PA067BF00_NIBRS,
6510527,17310,3,2014,U,,,N,F,,C,2014_03_PA067BF00_NIBRS,
6532977,17310,4,2014,U,,,N,F,,C,2014_04_PA067BF00_NIBRS,
6555427,17310,5,2014,U,,,N,F,,C,2014_05_PA067BF00_NIBRS,
6577877,17310,6,2014,U,,,N,F,,C,2014_06_PA067BF00_NIBRS,
6600327,17310,7,2014,U,,,N,F,,C,2014_07_PA067BF00_NIBRS,
6622777,17310,8,2014,U,,,N,F,,C,2014_08_PA067BF00_NIBRS,
6645227,17310,9,2014,U,,,N,F,,C,2014_09_PA067BF00_NIBRS,
6667677,17310,10,2014,U,,,N,F,,C,2014_10_PA067BF00_NIBRS,
6690127,17310,11,2014,U,,,N,F,,C,2014_11_PA067BF00_NIBRS,
6712577,17310,12,2014,U,,,N,F,,C,2014_12_PA067BF00_NIBRS,
6465628,17311,1,2014,U,,,N,F,,C,2014_01_PA067DE00_NIBRS,
6488078,17311,2,2014,U,,,N,F,,C,2014_02_PA067DE00_NIBRS,
6510528,17311,3,2014,U,,,N,F,,C,2014_03_PA067DE00_NIBRS,
6532978,17311,4,2014,U,,,N,F,,C,2014_04_PA067DE00_NIBRS,
6555428,17311,5,2014,U,,,N,F,,C,2014_05_PA067DE00_NIBRS,
6577878,17311,6,2014,U,,,N,F,,C,2014_06_PA067DE00_NIBRS,
6600328,17311,7,2014,U,,,N,F,,C,2014_07_PA067DE00_NIBRS,
6622778,17311,8,2014,U,,,N,F,,C,2014_08_PA067DE00_NIBRS,
6645228,17311,9,2014,U,,,N,F,,C,2014_09_PA067DE00_NIBRS,
6667678,17311,10,2014,U,,,N,F,,C,2014_10_PA067DE00_NIBRS,
6690128,17311,11,2014,U,,,N,F,,C,2014_11_PA067DE00_NIBRS,
6712578,17311,12,2014,U,,,N,F,,C,2014_12_PA067DE00_NIBRS,
6465629,17312,1,2014,U,,,N,F,,C,2014_01_PAPSP9400_NIBRS,
6488079,17312,2,2014,U,,,N,F,,C,2014_02_PAPSP9400_NIBRS,
6510529,17312,3,2014,U,,,N,F,,C,2014_03_PAPSP9400_NIBRS,
6532979,17312,4,2014,U,,,N,F,,C,2014_04_PAPSP9400_NIBRS,
6555429,17312,5,2014,U,,,N,F,,C,2014_05_PAPSP9400_NIBRS,
6577879,17312,6,2014,U,,,N,F,,C,2014_06_PAPSP9400_NIBRS,
6600329,17312,7,2014,U,,,N,F,,C,2014_07_PAPSP9400_NIBRS,
6622779,17312,8,2014,U,,,N,F,,C,2014_08_PAPSP9400_NIBRS,
6645229,17312,9,2014,U,,,N,F,,C,2014_09_PAPSP9400_NIBRS,
6667679,17312,10,2014,U,,,N,F,,C,2014_10_PAPSP9400_NIBRS,
6690129,17312,11,2014,U,,,N,F,,C,2014_11_PAPSP9400_NIBRS,
6712579,17312,12,2014,U,,,N,F,,C,2014_12_PAPSP9400_NIBRS,
6465630,17313,1,2014,U,,,N,F,,C,2014_01_PA06BCI0X_NIBRS,
6488080,17313,2,2014,U,,,N,F,,C,2014_02_PA06BCI0X_NIBRS,
6510530,17313,3,2014,U,,,N,F,,C,2014_03_PA06BCI0X_NIBRS,
6532980,17313,4,2014,U,,,N,F,,C,2014_04_PA06BCI0X_NIBRS,
6555430,17313,5,2014,U,,,N,F,,C,2014_05_PA06BCI0X_NIBRS,
6577880,17313,6,2014,U,,,N,F,,C,2014_06_PA06BCI0X_NIBRS,
6600330,17313,7,2014,U,,,N,F,,C,2014_07_PA06BCI0X_NIBRS,
6622780,17313,8,2014,U,,,N,F,,C,2014_08_PA06BCI0X_NIBRS,
6645230,17313,9,2014,U,,,N,F,,C,2014_09_PA06BCI0X_NIBRS,
6667680,17313,10,2014,U,,,N,F,,C,2014_10_PA06BCI0X_NIBRS,
6690130,17313,11,2014,U,,,N,F,,C,2014_11_PA06BCI0X_NIBRS,
6712580,17313,12,2014,U,,,N,F,,C,2014_12_PA06BCI0X_NIBRS,
6465631,17314,1,2014,U,,,N,F,,C,2014_01_PA07BCI0X_NIBRS,
6488081,17314,2,2014,U,,,N,F,,C,2014_02_PA07BCI0X_NIBRS,
6510531,17314,3,2014,U,,,N,F,,C,2014_03_PA07BCI0X_NIBRS,
6532981,17314,4,2014,U,,,N,F,,C,2014_04_PA07BCI0X_NIBRS,
6555431,17314,5,2014,U,,,N,F,,C,2014_05_PA07BCI0X_NIBRS,
6577881,17314,6,2014,U,,,N,F,,C,2014_06_PA07BCI0X_NIBRS,
6600331,17314,7,2014,U,,,N,F,,C,2014_07_PA07BCI0X_NIBRS,
6622781,17314,8,2014,U,,,N,F,,C,2014_08_PA07BCI0X_NIBRS,
6645231,17314,9,2014,U,,,N,F,,C,2014_09_PA07BCI0X_NIBRS,
6667681,17314,10,2014,U,,,N,F,,C,2014_10_PA07BCI0X_NIBRS,
6690131,17314,11,2014,U,,,N,F,,C,2014_11_PA07BCI0X_NIBRS,
6712581,17314,12,2014,U,,,N,F,,C,2014_12_PA07BCI0X_NIBRS,
6465632,17315,1,2014,U,,,N,F,,C,2014_01_PA08BCI0X_NIBRS,
6488082,17315,2,2014,U,,,N,F,,C,2014_02_PA08BCI0X_NIBRS,
6510532,17315,3,2014,U,,,N,F,,C,2014_03_PA08BCI0X_NIBRS,
6532982,17315,4,2014,U,,,N,F,,C,2014_04_PA08BCI0X_NIBRS,
6555432,17315,5,2014,U,,,N,F,,C,2014_05_PA08BCI0X_NIBRS,
6577882,17315,6,2014,U,,,N,F,,C,2014_06_PA08BCI0X_NIBRS,
6600332,17315,7,2014,U,,,N,F,,C,2014_07_PA08BCI0X_NIBRS,
6622782,17315,8,2014,U,,,N,F,,C,2014_08_PA08BCI0X_NIBRS,
6645232,17315,9,2014,U,,,N,F,,C,2014_09_PA08BCI0X_NIBRS,
6667682,17315,10,2014,U,,,N,F,,C,2014_10_PA08BCI0X_NIBRS,
6690132,17315,11,2014,U,,,N,F,,C,2014_11_PA08BCI0X_NIBRS,
6712582,17315,12,2014,U,,,N,F,,C,2014_12_PA08BCI0X_NIBRS,
6465633,17316,1,2014,U,,,N,F,,C,2014_01_PA09BCI0X_NIBRS,
6488083,17316,2,2014,U,,,N,F,,C,2014_02_PA09BCI0X_NIBRS,
6510533,17316,3,2014,U,,,N,F,,C,2014_03_PA09BCI0X_NIBRS,
6532983,17316,4,2014,U,,,N,F,,C,2014_04_PA09BCI0X_NIBRS,
6555433,17316,5,2014,U,,,N,F,,C,2014_05_PA09BCI0X_NIBRS,
6577883,17316,6,2014,U,,,N,F,,C,2014_06_PA09BCI0X_NIBRS,
6600333,17316,7,2014,U,,,N,F,,C,2014_07_PA09BCI0X_NIBRS,
6622783,17316,8,2014,U,,,N,F,,C,2014_08_PA09BCI0X_NIBRS,
6645233,17316,9,2014,U,,,N,F,,C,2014_09_PA09BCI0X_NIBRS,
6667683,17316,10,2014,U,,,N,F,,C,2014_10_PA09BCI0X_NIBRS,
6690133,17316,11,2014,U,,,N,F,,C,2014_11_PA09BCI0X_NIBRS,
6712583,17316,12,2014,U,,,N,F,,C,2014_12_PA09BCI0X_NIBRS,
6465634,17317,1,2014,U,,,N,F,,C,2014_01_PA10BCI0X_NIBRS,
6488084,17317,2,2014,U,,,N,F,,C,2014_02_PA10BCI0X_NIBRS,
6510534,17317,3,2014,U,,,N,F,,C,2014_03_PA10BCI0X_NIBRS,
6532984,17317,4,2014,U,,,N,F,,C,2014_04_PA10BCI0X_NIBRS,
6555434,17317,5,2014,U,,,N,F,,C,2014_05_PA10BCI0X_NIBRS,
6577884,17317,6,2014,U,,,N,F,,C,2014_06_PA10BCI0X_NIBRS,
6600334,17317,7,2014,U,,,N,F,,C,2014_07_PA10BCI0X_NIBRS,
6622784,17317,8,2014,U,,,N,F,,C,2014_08_PA10BCI0X_NIBRS,
6645234,17317,9,2014,U,,,N,F,,C,2014_09_PA10BCI0X_NIBRS,
6667684,17317,10,2014,U,,,N,F,,C,2014_10_PA10BCI0X_NIBRS,
6690134,17317,11,2014,U,,,N,F,,C,2014_11_PA10BCI0X_NIBRS,
6712584,17317,12,2014,U,,,N,F,,C,2014_12_PA10BCI0X_NIBRS,
6465635,17318,1,2014,U,,,N,F,,C,2014_01_PA11BCI0X_NIBRS,
6488085,17318,2,2014,U,,,N,F,,C,2014_02_PA11BCI0X_NIBRS,
6510535,17318,3,2014,U,,,N,F,,C,2014_03_PA11BCI0X_NIBRS,
6532985,17318,4,2014,U,,,N,F,,C,2014_04_PA11BCI0X_NIBRS,
6555435,17318,5,2014,U,,,N,F,,C,2014_05_PA11BCI0X_NIBRS,
6577885,17318,6,2014,U,,,N,F,,C,2014_06_PA11BCI0X_NIBRS,
6600335,17318,7,2014,U,,,N,F,,C,2014_07_PA11BCI0X_NIBRS,
6622785,17318,8,2014,U,,,N,F,,C,2014_08_PA11BCI0X_NIBRS,
6645235,17318,9,2014,U,,,N,F,,C,2014_09_PA11BCI0X_NIBRS,
6667685,17318,10,2014,U,,,N,F,,C,2014_10_PA11BCI0X_NIBRS,
6690135,17318,11,2014,U,,,N,F,,C,2014_11_PA11BCI0X_NIBRS,
6712585,17318,12,2014,U,,,N,F,,C,2014_12_PA11BCI0X_NIBRS,
6465636,17319,1,2014,U,,,N,F,,C,2014_01_PA12BCI0X_NIBRS,
6488086,17319,2,2014,U,,,N,F,,C,2014_02_PA12BCI0X_NIBRS,
6510536,17319,3,2014,U,,,N,F,,C,2014_03_PA12BCI0X_NIBRS,
6532986,17319,4,2014,U,,,N,F,,C,2014_04_PA12BCI0X_NIBRS,
6555436,17319,5,2014,U,,,N,F,,C,2014_05_PA12BCI0X_NIBRS,
6577886,17319,6,2014,U,,,N,F,,C,2014_06_PA12BCI0X_NIBRS,
6600336,17319,7,2014,U,,,N,F,,C,2014_07_PA12BCI0X_NIBRS,
6622786,17319,8,2014,U,,,N,F,,C,2014_08_PA12BCI0X_NIBRS,
6645236,17319,9,2014,U,,,N,F,,C,2014_09_PA12BCI0X_NIBRS,
6667686,17319,10,2014,U,,,N,F,,C,2014_10_PA12BCI0X_NIBRS,
6690136,17319,11,2014,U,,,N,F,,C,2014_11_PA12BCI0X_NIBRS,
6712586,17319,12,2014,U,,,N,F,,C,2014_12_PA12BCI0X_NIBRS,
6465637,17320,1,2014,U,,,N,F,,C,2014_01_PA13BCI0X_NIBRS,
6488087,17320,2,2014,U,,,N,F,,C,2014_02_PA13BCI0X_NIBRS,
6510537,17320,3,2014,U,,,N,F,,C,2014_03_PA13BCI0X_NIBRS,
6532987,17320,4,2014,U,,,N,F,,C,2014_04_PA13BCI0X_NIBRS,
6555437,17320,5,2014,U,,,N,F,,C,2014_05_PA13BCI0X_NIBRS,
6577887,17320,6,2014,U,,,N,F,,C,2014_06_PA13BCI0X_NIBRS,
6600337,17320,7,2014,U,,,N,F,,C,2014_07_PA13BCI0X_NIBRS,
6622787,17320,8,2014,U,,,N,F,,C,2014_08_PA13BCI0X_NIBRS,
6645237,17320,9,2014,U,,,N,F,,C,2014_09_PA13BCI0X_NIBRS,
6667687,17320,10,2014,U,,,N,F,,C,2014_10_PA13BCI0X_NIBRS,
6690137,17320,11,2014,U,,,N,F,,C,2014_11_PA13BCI0X_NIBRS,
6712587,17320,12,2014,U,,,N,F,,C,2014_12_PA13BCI0X_NIBRS,
6465638,17321,1,2014,U,,,N,F,,C,2014_01_PA14BCI0X_NIBRS,
6488088,17321,2,2014,U,,,N,F,,C,2014_02_PA14BCI0X_NIBRS,
6510538,17321,3,2014,U,,,N,F,,C,2014_03_PA14BCI0X_NIBRS,
6532988,17321,4,2014,U,,,N,F,,C,2014_04_PA14BCI0X_NIBRS,
6555438,17321,5,2014,U,,,N,F,,C,2014_05_PA14BCI0X_NIBRS,
6577888,17321,6,2014,U,,,N,F,,C,2014_06_PA14BCI0X_NIBRS,
6600338,17321,7,2014,U,,,N,F,,C,2014_07_PA14BCI0X_NIBRS,
6622788,17321,8,2014,U,,,N,F,,C,2014_08_PA14BCI0X_NIBRS,
6645238,17321,9,2014,U,,,N,F,,C,2014_09_PA14BCI0X_NIBRS,
6667688,17321,10,2014,U,,,N,F,,C,2014_10_PA14BCI0X_NIBRS,
6690138,17321,11,2014,U,,,N,F,,C,2014_11_PA14BCI0X_NIBRS,
6712588,17321,12,2014,U,,,N,F,,C,2014_12_PA14BCI0X_NIBRS,
6465639,17322,1,2014,U,,,N,F,,C,2014_01_PA15BCI0X_NIBRS,
6488089,17322,2,2014,U,,,N,F,,C,2014_02_PA15BCI0X_NIBRS,
6510539,17322,3,2014,U,,,N,F,,C,2014_03_PA15BCI0X_NIBRS,
6532989,17322,4,2014,U,,,N,F,,C,2014_04_PA15BCI0X_NIBRS,
6555439,17322,5,2014,U,,,N,F,,C,2014_05_PA15BCI0X_NIBRS,
6577889,17322,6,2014,U,,,N,F,,C,2014_06_PA15BCI0X_NIBRS,
6600339,17322,7,2014,U,,,N,F,,C,2014_07_PA15BCI0X_NIBRS,
6622789,17322,8,2014,U,,,N,F,,C,2014_08_PA15BCI0X_NIBRS,
6645239,17322,9,2014,U,,,N,F,,C,2014_09_PA15BCI0X_NIBRS,
6667689,17322,10,2014,U,,,N,F,,C,2014_10_PA15BCI0X_NIBRS,
6690139,17322,11,2014,U,,,N,F,,C,2014_11_PA15BCI0X_NIBRS,
6712589,17322,12,2014,U,,,N,F,,C,2014_12_PA15BCI0X_NIBRS,
6465640,17323,1,2014,U,,,N,F,,C,2014_01_PA16BCI0X_NIBRS,
6488090,17323,2,2014,U,,,N,F,,C,2014_02_PA16BCI0X_NIBRS,
6510540,17323,3,2014,U,,,N,F,,C,2014_03_PA16BCI0X_NIBRS,
6532990,17323,4,2014,U,,,N,F,,C,2014_04_PA16BCI0X_NIBRS,
6555440,17323,5,2014,U,,,N,F,,C,2014_05_PA16BCI0X_NIBRS,
6577890,17323,6,2014,U,,,N,F,,C,2014_06_PA16BCI0X_NIBRS,
6600340,17323,7,2014,U,,,N,F,,C,2014_07_PA16BCI0X_NIBRS,
6622790,17323,8,2014,U,,,N,F,,C,2014_08_PA16BCI0X_NIBRS,
6645240,17323,9,2014,U,,,N,F,,C,2014_09_PA16BCI0X_NIBRS,
6667690,17323,10,2014,U,,,N,F,,C,2014_10_PA16BCI0X_NIBRS,
6690140,17323,11,2014,U,,,N,F,,C,2014_11_PA16BCI0X_NIBRS,
6712590,17323,12,2014,U,,,N,F,,C,2014_12_PA16BCI0X_NIBRS,
6465429,17112,1,2014,U,,,N,F,,C,2014_01_PA0600300_NIBRS,
6487879,17112,2,2014,U,,,N,F,,C,2014_02_PA0600300_NIBRS,
6510329,17112,3,2014,U,,,N,F,,C,2014_03_PA0600300_NIBRS,
6532779,17112,4,2014,U,,,N,F,,C,2014_04_PA0600300_NIBRS,
6555229,17112,5,2014,U,,,N,F,,C,2014_05_PA0600300_NIBRS,
6577679,17112,6,2014,U,,,N,F,,C,2014_06_PA0600300_NIBRS,
6600129,17112,7,2014,U,,,N,F,,C,2014_07_PA0600300_NIBRS,
6622579,17112,8,2014,U,,,N,F,,C,2014_08_PA0600300_NIBRS,
6645029,17112,9,2014,U,,,N,F,,C,2014_09_PA0600300_NIBRS,
6667479,17112,10,2014,U,,,N,F,,C,2014_10_PA0600300_NIBRS,
6689929,17112,11,2014,U,,,N,F,,C,2014_11_PA0600300_NIBRS,
6712379,17112,12,2014,U,,,N,F,,C,2014_12_PA0600300_NIBRS,
6465430,17113,1,2014,U,,,N,F,,C,2014_01_PA0600600_NIBRS,
6487880,17113,2,2014,U,,,N,F,,C,2014_02_PA0600600_NIBRS,
6510330,17113,3,2014,U,,,N,F,,C,2014_03_PA0600600_NIBRS,
6532780,17113,4,2014,U,,,N,F,,C,2014_04_PA0600600_NIBRS,
6555230,17113,5,2014,U,,,N,F,,C,2014_05_PA0600600_NIBRS,
6577680,17113,6,2014,U,,,N,F,,C,2014_06_PA0600600_NIBRS,
6600130,17113,7,2014,U,,,N,F,,C,2014_07_PA0600600_NIBRS,
6622580,17113,8,2014,U,,,N,F,,C,2014_08_PA0600600_NIBRS,
6645030,17113,9,2014,U,,,N,F,,C,2014_09_PA0600600_NIBRS,
6667480,17113,10,2014,U,,,N,F,,C,2014_10_PA0600600_NIBRS,
6689930,17113,11,2014,U,,,N,F,,C,2014_11_PA0600600_NIBRS,
6712380,17113,12,2014,U,,,N,F,,C,2014_12_PA0600600_NIBRS,
6465431,17114,1,2014,U,,,N,F,,C,2014_01_PA060070X_NIBRS,
6487881,17114,2,2014,U,,,N,F,,C,2014_02_PA060070X_NIBRS,
6510331,17114,3,2014,U,,,N,F,,C,2014_03_PA060070X_NIBRS,
6532781,17114,4,2014,U,,,N,F,,C,2014_04_PA060070X_NIBRS,
6555231,17114,5,2014,U,,,N,F,,C,2014_05_PA060070X_NIBRS,
6577681,17114,6,2014,U,,,N,F,,C,2014_06_PA060070X_NIBRS,
6600131,17114,7,2014,U,,,N,F,,C,2014_07_PA060070X_NIBRS,
6622581,17114,8,2014,U,,,N,F,,C,2014_08_PA060070X_NIBRS,
6645031,17114,9,2014,U,,,N,F,,C,2014_09_PA060070X_NIBRS,
6667481,17114,10,2014,U,,,N,F,,C,2014_10_PA060070X_NIBRS,
6689931,17114,11,2014,U,,,N,F,,C,2014_11_PA060070X_NIBRS,
6712381,17114,12,2014,U,,,N,F,,C,2014_12_PA060070X_NIBRS,
6465432,17115,1,2014,U,,,N,F,,C,2014_01_PA0600800_NIBRS,
6487882,17115,2,2014,U,,,N,F,,C,2014_02_PA0600800_NIBRS,
6510332,17115,3,2014,U,,,N,F,,C,2014_03_PA0600800_NIBRS,
6532782,17115,4,2014,U,,,N,F,,C,2014_04_PA0600800_NIBRS,
6555232,17115,5,2014,U,,,N,F,,C,2014_05_PA0600800_NIBRS,
6577682,17115,6,2014,U,,,N,F,,C,2014_06_PA0600800_NIBRS,
6600132,17115,7,2014,U,,,N,F,,C,2014_07_PA0600800_NIBRS,
6622582,17115,8,2014,U,,,N,F,,C,2014_08_PA0600800_NIBRS,
6645032,17115,9,2014,U,,,N,F,,C,2014_09_PA0600800_NIBRS,
6667482,17115,10,2014,U,,,N,F,,C,2014_10_PA0600800_NIBRS,
6689932,17115,11,2014,U,,,N,F,,C,2014_11_PA0600800_NIBRS,
6712382,17115,12,2014,U,,,N,F,,C,2014_12_PA0600800_NIBRS,
6470392,23187,1,2014,U,,,N,F,,C,2014_01_PA0601100_NIBRS,
6492842,23187,2,2014,U,,,N,F,,C,2014_02_PA0601100_NIBRS,
6515292,23187,3,2014,U,,,N,F,,C,2014_03_PA0601100_NIBRS,
6537742,23187,4,2014,U,,,N,F,,C,2014_04_PA0601100_NIBRS,
6560192,23187,5,2014,U,,,N,F,,C,2014_05_PA0601100_NIBRS,
6582642,23187,6,2014,U,,,N,F,,C,2014_06_PA0601100_NIBRS,
6605092,23187,7,2014,U,,,N,F,,C,2014_07_PA0601100_NIBRS,
6627542,23187,8,2014,U,,,N,F,,C,2014_08_PA0601100_NIBRS,
6649992,23187,9,2014,U,,,N,F,,C,2014_09_PA0601100_NIBRS,
6672442,23187,10,2014,U,,,N,F,,C,2014_10_PA0601100_NIBRS,
6694892,23187,11,2014,U,,,N,F,,C,2014_11_PA0601100_NIBRS,
6717342,23187,12,2014,U,,,N,F,,C,2014_12_PA0601100_NIBRS,
6465579,17262,1,2014,U,,,N,F,,C,2014_01_PA0661100_NIBRS,
6488029,17262,2,2014,U,,,N,F,,C,2014_02_PA0661100_NIBRS,
6510479,17262,3,2014,U,,,N,F,,C,2014_03_PA0661100_NIBRS,
6532929,17262,4,2014,U,,,N,F,,C,2014_04_PA0661100_NIBRS,
6555379,17262,5,2014,U,,,N,F,,C,2014_05_PA0661100_NIBRS,
6577829,17262,6,2014,U,,,N,F,,C,2014_06_PA0661100_NIBRS,
6600279,17262,7,2014,U,,,N,F,,C,2014_07_PA0661100_NIBRS,
6622729,17262,8,2014,U,,,N,F,,C,2014_08_PA0661100_NIBRS,
6645179,17262,9,2014,U,,,N,F,,C,2014_09_PA0661100_NIBRS,
6667629,17262,10,2014,U,,,N,F,,C,2014_10_PA0661100_NIBRS,
6690079,17262,11,2014,U,,,N,F,,C,2014_11_PA0661100_NIBRS,
6712529,17262,12,2014,U,,,N,F,,C,2014_12_PA0661100_NIBRS,
6465580,17263,1,2014,U,,,N,F,,C,2014_01_PA0661200_NIBRS,
6488030,17263,2,2014,U,,,N,F,,C,2014_02_PA0661200_NIBRS,
6510480,17263,3,2014,U,,,N,F,,C,2014_03_PA0661200_NIBRS,
6532930,17263,4,2014,U,,,N,F,,C,2014_04_PA0661200_NIBRS,
6555380,17263,5,2014,U,,,N,F,,C,2014_05_PA0661200_NIBRS,
6577830,17263,6,2014,U,,,N,F,,C,2014_06_PA0661200_NIBRS,
6600280,17263,7,2014,U,,,N,F,,C,2014_07_PA0661200_NIBRS,
6622730,17263,8,2014,U,,,N,F,,C,2014_08_PA0661200_NIBRS,
6645180,17263,9,2014,U,,,N,F,,C,2014_09_PA0661200_NIBRS,
6667630,17263,10,2014,U,,,N,F,,C,2014_10_PA0661200_NIBRS,
6690080,17263,11,2014,U,,,N,F,,C,2014_11_PA0661200_NIBRS,
6712530,17263,12,2014,U,,,N,F,,C,2014_12_PA0661200_NIBRS,
6465581,17264,1,2014,U,,,N,F,,C,2014_01_PA066BF00_NIBRS,
6488031,17264,2,2014,U,,,N,F,,C,2014_02_PA066BF00_NIBRS,
6510481,17264,3,2014,U,,,N,F,,C,2014_03_PA066BF00_NIBRS,
6532931,17264,4,2014,U,,,N,F,,C,2014_04_PA066BF00_NIBRS,
6555381,17264,5,2014,U,,,N,F,,C,2014_05_PA066BF00_NIBRS,
6577831,17264,6,2014,U,,,N,F,,C,2014_06_PA066BF00_NIBRS,
6600281,17264,7,2014,U,,,N,F,,C,2014_07_PA066BF00_NIBRS,
6622731,17264,8,2014,U,,,N,F,,C,2014_08_PA066BF00_NIBRS,
6645181,17264,9,2014,U,,,N,F,,C,2014_09_PA066BF00_NIBRS,
6667631,17264,10,2014,U,,,N,F,,C,2014_10_PA066BF00_NIBRS,
6690081,17264,11,2014,U,,,N,F,,C,2014_11_PA066BF00_NIBRS,
6712531,17264,12,2014,U,,,N,F,,C,2014_12_PA066BF00_NIBRS,
6465582,17265,1,2014,U,,,N,F,,C,2014_01_PA066DE00_NIBRS,
6488032,17265,2,2014,U,,,N,F,,C,2014_02_PA066DE00_NIBRS,
6510482,17265,3,2014,U,,,N,F,,C,2014_03_PA066DE00_NIBRS,
6532932,17265,4,2014,U,,,N,F,,C,2014_04_PA066DE00_NIBRS,
6555382,17265,5,2014,U,,,N,F,,C,2014_05_PA066DE00_NIBRS,
6577832,17265,6,2014,U,,,N,F,,C,2014_06_PA066DE00_NIBRS,
6600282,17265,7,2014,U,,,N,F,,C,2014_07_PA066DE00_NIBRS,
6622732,17265,8,2014,U,,,N,F,,C,2014_08_PA066DE00_NIBRS,
6645182,17265,9,2014,U,,,N,F,,C,2014_09_PA066DE00_NIBRS,
6667632,17265,10,2014,U,,,N,F,,C,2014_10_PA066DE00_NIBRS,
6690082,17265,11,2014,U,,,N,F,,C,2014_11_PA066DE00_NIBRS,
6712532,17265,12,2014,U,,,N,F,,C,2014_12_PA066DE00_NIBRS,
6465583,17266,1,2014,U,,,N,F,,C,2014_01_PA066SP00_NIBRS,
6488033,17266,2,2014,U,,,N,F,,C,2014_02_PA066SP00_NIBRS,
6510483,17266,3,2014,U,,,N,F,,C,2014_03_PA066SP00_NIBRS,
6532933,17266,4,2014,U,,,N,F,,C,2014_04_PA066SP00_NIBRS,
6555383,17266,5,2014,U,,,N,F,,C,2014_05_PA066SP00_NIBRS,
6577833,17266,6,2014,U,,,N,F,,C,2014_06_PA066SP00_NIBRS,
6600283,17266,7,2014,U,,,N,F,,C,2014_07_PA066SP00_NIBRS,
6622733,17266,8,2014,U,,,N,F,,C,2014_08_PA066SP00_NIBRS,
6645183,17266,9,2014,U,,,N,F,,C,2014_09_PA066SP00_NIBRS,
6667633,17266,10,2014,U,,,N,F,,C,2014_10_PA066SP00_NIBRS,
6690083,17266,11,2014,U,,,N,F,,C,2014_11_PA066SP00_NIBRS,
6712533,17266,12,2014,U,,,N,F,,C,2014_12_PA066SP00_NIBRS,
6465584,17267,1,2014,U,,,N,F,,C,2014_01_PA0670000_NIBRS,
6488034,17267,2,2014,U,,,N,F,,C,2014_02_PA0670000_NIBRS,
6510484,17267,3,2014,U,,,N,F,,C,2014_03_PA0670000_NIBRS,
6532934,17267,4,2014,U,,,N,F,,C,2014_04_PA0670000_NIBRS,
6555384,17267,5,2014,U,,,N,F,,C,2014_05_PA0670000_NIBRS,
6577834,17267,6,2014,U,,,N,F,,C,2014_06_PA0670000_NIBRS,
6600284,17267,7,2014,U,,,N,F,,C,2014_07_PA0670000_NIBRS,
6622734,17267,8,2014,U,,,N,F,,C,2014_08_PA0670000_NIBRS,
6645184,17267,9,2014,U,,,N,F,,C,2014_09_PA0670000_NIBRS,
6667634,17267,10,2014,U,,,N,F,,C,2014_10_PA0670000_NIBRS,
6690084,17267,11,2014,U,,,N,F,,C,2014_11_PA0670000_NIBRS,
6712534,17267,12,2014,U,,,N,F,,C,2014_12_PA0670000_NIBRS,
6465585,17268,1,2014,U,,,N,F,,C,2014_01_PA0670100_NIBRS,
6488035,17268,2,2014,U,,,N,F,,C,2014_02_PA0670100_NIBRS,
6510485,17268,3,2014,U,,,N,F,,C,2014_03_PA0670100_NIBRS,
6532935,17268,4,2014,U,,,N,F,,C,2014_04_PA0670100_NIBRS,
6555385,17268,5,2014,U,,,N,F,,C,2014_05_PA0670100_NIBRS,
6577835,17268,6,2014,U,,,N,F,,C,2014_06_PA0670100_NIBRS,
6600285,17268,7,2014,U,,,N,F,,C,2014_07_PA0670100_NIBRS,
6622735,17268,8,2014,U,,,N,F,,C,2014_08_PA0670100_NIBRS,
6645185,17268,9,2014,U,,,N,F,,C,2014_09_PA0670100_NIBRS,
6667635,17268,10,2014,U,,,N,F,,C,2014_10_PA0670100_NIBRS,
6690085,17268,11,2014,U,,,N,F,,C,2014_11_PA0670100_NIBRS,
6712535,17268,12,2014,U,,,N,F,,C,2014_12_PA0670100_NIBRS,
6465586,17269,1,2014,U,,,N,F,,C,2014_01_PA0670200_NIBRS,
6488036,17269,2,2014,U,,,N,F,,C,2014_02_PA0670200_NIBRS,
6510486,17269,3,2014,U,,,N,F,,C,2014_03_PA0670200_NIBRS,
6532936,17269,4,2014,U,,,N,F,,C,2014_04_PA0670200_NIBRS,
6555386,17269,5,2014,U,,,N,F,,C,2014_05_PA0670200_NIBRS,
6577836,17269,6,2014,U,,,N,F,,C,2014_06_PA0670200_NIBRS,
6600286,17269,7,2014,U,,,N,F,,C,2014_07_PA0670200_NIBRS,
6622736,17269,8,2014,U,,,N,F,,C,2014_08_PA0670200_NIBRS,
6645186,17269,9,2014,U,,,N,F,,C,2014_09_PA0670200_NIBRS,
6667636,17269,10,2014,U,,,N,F,,C,2014_10_PA0670200_NIBRS,
6690086,17269,11,2014,U,,,N,F,,C,2014_11_PA0670200_NIBRS,
6712536,17269,12,2014,U,,,N,F,,C,2014_12_PA0670200_NIBRS,
6465587,17270,1,2014,U,,,N,F,,C,2014_01_PA0670300_NIBRS,
6488037,17270,2,2014,U,,,N,F,,C,2014_02_PA0670300_NIBRS,
6510487,17270,3,2014,U,,,N,F,,C,2014_03_PA0670300_NIBRS,
6532937,17270,4,2014,U,,,N,F,,C,2014_04_PA0670300_NIBRS,
6555387,17270,5,2014,U,,,N,F,,C,2014_05_PA0670300_NIBRS,
6577837,17270,6,2014,U,,,N,F,,C,2014_06_PA0670300_NIBRS,
6600287,17270,7,2014,U,,,N,F,,C,2014_07_PA0670300_NIBRS,
6622737,17270,8,2014,U,,,N,F,,C,2014_08_PA0670300_NIBRS,
6645187,17270,9,2014,U,,,N,F,,C,2014_09_PA0670300_NIBRS,
6667637,17270,10,2014,U,,,N,F,,C,2014_10_PA0670300_NIBRS,
6690087,17270,11,2014,U,,,N,F,,C,2014_11_PA0670300_NIBRS,
6712537,17270,12,2014,U,,,N,F,,C,2014_12_PA0670300_NIBRS,
6465588,17271,1,2014,U,,,N,F,,C,2014_01_PA0670400_NIBRS,
6488038,17271,2,2014,U,,,N,F,,C,2014_02_PA0670400_NIBRS,
6510488,17271,3,2014,U,,,N,F,,C,2014_03_PA0670400_NIBRS,
6532938,17271,4,2014,U,,,N,F,,C,2014_04_PA0670400_NIBRS,
6555388,17271,5,2014,U,,,N,F,,C,2014_05_PA0670400_NIBRS,
6577838,17271,6,2014,U,,,N,F,,C,2014_06_PA0670400_NIBRS,
6600288,17271,7,2014,U,,,N,F,,C,2014_07_PA0670400_NIBRS,
6622738,17271,8,2014,U,,,N,F,,C,2014_08_PA0670400_NIBRS,
6645188,17271,9,2014,U,,,N,F,,C,2014_09_PA0670400_NIBRS,
6667638,17271,10,2014,U,,,N,F,,C,2014_10_PA0670400_NIBRS,
6690088,17271,11,2014,U,,,N,F,,C,2014_11_PA0670400_NIBRS,
6712538,17271,12,2014,U,,,N,F,,C,2014_12_PA0670400_NIBRS,
6465589,17272,1,2014,U,,,N,F,,C,2014_01_PA0670500_NIBRS,
6488039,17272,2,2014,U,,,N,F,,C,2014_02_PA0670500_NIBRS,
6510489,17272,3,2014,U,,,N,F,,C,2014_03_PA0670500_NIBRS,
6532939,17272,4,2014,U,,,N,F,,C,2014_04_PA0670500_NIBRS,
6555389,17272,5,2014,U,,,N,F,,C,2014_05_PA0670500_NIBRS,
6577839,17272,6,2014,U,,,N,F,,C,2014_06_PA0670500_NIBRS,
6600289,17272,7,2014,U,,,N,F,,C,2014_07_PA0670500_NIBRS,
6622739,17272,8,2014,U,,,N,F,,C,2014_08_PA0670500_NIBRS,
6645189,17272,9,2014,U,,,N,F,,C,2014_09_PA0670500_NIBRS,
6667639,17272,10,2014,U,,,N,F,,C,2014_10_PA0670500_NIBRS,
6690089,17272,11,2014,U,,,N,F,,C,2014_11_PA0670500_NIBRS,
6712539,17272,12,2014,U,,,N,F,,C,2014_12_PA0670500_NIBRS,
6465590,17273,1,2014,U,,,N,F,,C,2014_01_PA0670600_NIBRS,
6488040,17273,2,2014,U,,,N,F,,C,2014_02_PA0670600_NIBRS,
6510490,17273,3,2014,U,,,N,F,,C,2014_03_PA0670600_NIBRS,
6532940,17273,4,2014,U,,,N,F,,C,2014_04_PA0670600_NIBRS,
6555390,17273,5,2014,U,,,N,F,,C,2014_05_PA0670600_NIBRS,
6577840,17273,6,2014,U,,,N,F,,C,2014_06_PA0670600_NIBRS,
6600290,17273,7,2014,U,,,N,F,,C,2014_07_PA0670600_NIBRS,
6622740,17273,8,2014,U,,,N,F,,C,2014_08_PA0670600_NIBRS,
6645190,17273,9,2014,U,,,N,F,,C,2014_09_PA0670600_NIBRS,
6667640,17273,10,2014,U,,,N,F,,C,2014_10_PA0670600_NIBRS,
6690090,17273,11,2014,U,,,N,F,,C,2014_11_PA0670600_NIBRS,
6712540,17273,12,2014,U,,,N,F,,C,2014_12_PA0670600_NIBRS,
6470261,22492,1,2014,U,,,N,F,,C,2014_01_PA0670700_NIBRS,
6492711,22492,2,2014,U,,,N,F,,C,2014_02_PA0670700_NIBRS,
6515161,22492,3,2014,U,,,N,F,,C,2014_03_PA0670700_NIBRS,
6537611,22492,4,2014,U,,,N,F,,C,2014_04_PA0670700_NIBRS,
6560061,22492,5,2014,U,,,N,F,,C,2014_05_PA0670700_NIBRS,
6582511,22492,6,2014,U,,,N,F,,C,2014_06_PA0670700_NIBRS,
6604961,22492,7,2014,U,,,N,F,,C,2014_07_PA0670700_NIBRS,
6627411,22492,8,2014,U,,,N,F,,C,2014_08_PA0670700_NIBRS,
6649861,22492,9,2014,U,,,N,F,,C,2014_09_PA0670700_NIBRS,
6672311,22492,10,2014,U,,,N,F,,C,2014_10_PA0670700_NIBRS,
6694761,22492,11,2014,U,,,N,F,,C,2014_11_PA0670700_NIBRS,
6717211,22492,12,2014,U,,,N,F,,C,2014_12_PA0670700_NIBRS,
6465591,17274,1,2014,U,,,N,F,,C,2014_01_PA0670800_NIBRS,
6488041,17274,2,2014,U,,,N,F,,C,2014_02_PA0670800_NIBRS,
6510491,17274,3,2014,U,,,N,F,,C,2014_03_PA0670800_NIBRS,
6532941,17274,4,2014,U,,,N,F,,C,2014_04_PA0670800_NIBRS,
6555391,17274,5,2014,U,,,N,F,,C,2014_05_PA0670800_NIBRS,
6577841,17274,6,2014,U,,,N,F,,C,2014_06_PA0670800_NIBRS,
6600291,17274,7,2014,U,,,N,F,,C,2014_07_PA0670800_NIBRS,
6622741,17274,8,2014,U,,,N,F,,C,2014_08_PA0670800_NIBRS,
6645191,17274,9,2014,U,,,N,F,,C,2014_09_PA0670800_NIBRS,
6667641,17274,10,2014,U,,,N,F,,C,2014_10_PA0670800_NIBRS,
6690091,17274,11,2014,U,,,N,F,,C,2014_11_PA0670800_NIBRS,
6712541,17274,12,2014,U,,,N,F,,C,2014_12_PA0670800_NIBRS,
6465592,17275,1,2014,U,,,N,F,,C,2014_01_PA0670900_NIBRS,
6488042,17275,2,2014,U,,,N,F,,C,2014_02_PA0670900_NIBRS,
6510492,17275,3,2014,U,,,N,F,,C,2014_03_PA0670900_NIBRS,
6532942,17275,4,2014,U,,,N,F,,C,2014_04_PA0670900_NIBRS,
6555392,17275,5,2014,U,,,N,F,,C,2014_05_PA0670900_NIBRS,
6577842,17275,6,2014,U,,,N,F,,C,2014_06_PA0670900_NIBRS,
6600292,17275,7,2014,U,,,N,F,,C,2014_07_PA0670900_NIBRS,
6622742,17275,8,2014,U,,,N,F,,C,2014_08_PA0670900_NIBRS,
6645192,17275,9,2014,U,,,N,F,,C,2014_09_PA0670900_NIBRS,
6667642,17275,10,2014,U,,,N,F,,C,2014_10_PA0670900_NIBRS,
6690092,17275,11,2014,U,,,N,F,,C,2014_11_PA0670900_NIBRS,
6712542,17275,12,2014,U,,,N,F,,C,2014_12_PA0670900_NIBRS,
6465593,17276,1,2014,U,,,N,F,,C,2014_01_PA0671000_NIBRS,
6488043,17276,2,2014,U,,,N,F,,C,2014_02_PA0671000_NIBRS,
6510493,17276,3,2014,U,,,N,F,,C,2014_03_PA0671000_NIBRS,
6532943,17276,4,2014,U,,,N,F,,C,2014_04_PA0671000_NIBRS,
6555393,17276,5,2014,U,,,N,F,,C,2014_05_PA0671000_NIBRS,
6577843,17276,6,2014,U,,,N,F,,C,2014_06_PA0671000_NIBRS,
6600293,17276,7,2014,U,,,N,F,,C,2014_07_PA0671000_NIBRS,
6622743,17276,8,2014,U,,,N,F,,C,2014_08_PA0671000_NIBRS,
6645193,17276,9,2014,U,,,N,F,,C,2014_09_PA0671000_NIBRS,
6667643,17276,10,2014,U,,,N,F,,C,2014_10_PA0671000_NIBRS,
6690093,17276,11,2014,U,,,N,F,,C,2014_11_PA0671000_NIBRS,
6712543,17276,12,2014,U,,,N,F,,C,2014_12_PA0671000_NIBRS,
6465594,17277,1,2014,U,,,N,F,,C,2014_01_PA0671200_NIBRS,
6488044,17277,2,2014,U,,,N,F,,C,2014_02_PA0671200_NIBRS,
6510494,17277,3,2014,U,,,N,F,,C,2014_03_PA0671200_NIBRS,
6532944,17277,4,2014,U,,,N,F,,C,2014_04_PA0671200_NIBRS,
6555394,17277,5,2014,U,,,N,F,,C,2014_05_PA0671200_NIBRS,
6577844,17277,6,2014,U,,,N,F,,C,2014_06_PA0671200_NIBRS,
6600294,17277,7,2014,U,,,N,F,,C,2014_07_PA0671200_NIBRS,
6622744,17277,8,2014,U,,,N,F,,C,2014_08_PA0671200_NIBRS,
6645194,17277,9,2014,U,,,N,F,,C,2014_09_PA0671200_NIBRS,
6667644,17277,10,2014,U,,,N,F,,C,2014_10_PA0671200_NIBRS,
6690094,17277,11,2014,U,,,N,F,,C,2014_11_PA0671200_NIBRS,
6712544,17277,12,2014,U,,,N,F,,C,2014_12_PA0671200_NIBRS,
6465595,17278,1,2014,U,,,N,F,,C,2014_01_PA0671400_NIBRS,
6488045,17278,2,2014,U,,,N,F,,C,2014_02_PA0671400_NIBRS,
6510495,17278,3,2014,U,,,N,F,,C,2014_03_PA0671400_NIBRS,
6532945,17278,4,2014,U,,,N,F,,C,2014_04_PA0671400_NIBRS,
6555395,17278,5,2014,U,,,N,F,,C,2014_05_PA0671400_NIBRS,
6577845,17278,6,2014,U,,,N,F,,C,2014_06_PA0671400_NIBRS,
6600295,17278,7,2014,U,,,N,F,,C,2014_07_PA0671400_NIBRS,
6622745,17278,8,2014,U,,,N,F,,C,2014_08_PA0671400_NIBRS,
6645195,17278,9,2014,U,,,N,F,,C,2014_09_PA0671400_NIBRS,
6667645,17278,10,2014,U,,,N,F,,C,2014_10_PA0671400_NIBRS,
6690095,17278,11,2014,U,,,N,F,,C,2014_11_PA0671400_NIBRS,
6712545,17278,12,2014,U,,,N,F,,C,2014_12_PA0671400_NIBRS,
6464028,15711,1,2014,U,,,N,F,,C,2014_01_PA0021800_NIBRS,
6486478,15711,2,2014,U,,,N,F,,C,2014_02_PA0021800_NIBRS,
6508928,15711,3,2014,U,,,N,F,,C,2014_03_PA0021800_NIBRS,
6531378,15711,4,2014,U,,,N,F,,C,2014_04_PA0021800_NIBRS,
6553828,15711,5,2014,U,,,N,F,,C,2014_05_PA0021800_NIBRS,
6576278,15711,6,2014,U,,,N,F,,C,2014_06_PA0021800_NIBRS,
6598728,15711,7,2014,U,,,N,F,,C,2014_07_PA0021800_NIBRS,
6621178,15711,8,2014,U,,,N,F,,C,2014_08_PA0021800_NIBRS,
6643628,15711,9,2014,U,,,N,F,,C,2014_09_PA0021800_NIBRS,
6666078,15711,10,2014,U,,,N,F,,C,2014_10_PA0021800_NIBRS,
6688528,15711,11,2014,U,,,N,F,,C,2014_11_PA0021800_NIBRS,
6710978,15711,12,2014,U,,,N,F,,C,2014_12_PA0021800_NIBRS,
6464029,15712,1,2014,U,,,N,F,,C,2014_01_PA0021900_NIBRS,
6486479,15712,2,2014,U,,,N,F,,C,2014_02_PA0021900_NIBRS,
6508929,15712,3,2014,U,,,N,F,,C,2014_03_PA0021900_NIBRS,
6531379,15712,4,2014,U,,,N,F,,C,2014_04_PA0021900_NIBRS,
6553829,15712,5,2014,U,,,N,F,,C,2014_05_PA0021900_NIBRS,
6576279,15712,6,2014,U,,,N,F,,C,2014_06_PA0021900_NIBRS,
6598729,15712,7,2014,U,,,N,F,,C,2014_07_PA0021900_NIBRS,
6621179,15712,8,2014,U,,,N,F,,C,2014_08_PA0021900_NIBRS,
6643629,15712,9,2014,U,,,N,F,,C,2014_09_PA0021900_NIBRS,
6666079,15712,10,2014,U,,,N,F,,C,2014_10_PA0021900_NIBRS,
6688529,15712,11,2014,U,,,N,F,,C,2014_11_PA0021900_NIBRS,
6710979,15712,12,2014,U,,,N,F,,C,2014_12_PA0021900_NIBRS,
6464030,15713,1,2014,U,,,N,F,,C,2014_01_PA0021A00_NIBRS,
6486480,15713,2,2014,U,,,N,F,,C,2014_02_PA0021A00_NIBRS,
6508930,15713,3,2014,U,,,N,F,,C,2014_03_PA0021A00_NIBRS,
6531380,15713,4,2014,U,,,N,F,,C,2014_04_PA0021A00_NIBRS,
6553830,15713,5,2014,U,,,N,F,,C,2014_05_PA0021A00_NIBRS,
6576280,15713,6,2014,U,,,N,F,,C,2014_06_PA0021A00_NIBRS,
6598730,15713,7,2014,U,,,N,F,,C,2014_07_PA0021A00_NIBRS,
6621180,15713,8,2014,U,,,N,F,,C,2014_08_PA0021A00_NIBRS,
6643630,15713,9,2014,U,,,N,F,,C,2014_09_PA0021A00_NIBRS,
6666080,15713,10,2014,U,,,N,F,,C,2014_10_PA0021A00_NIBRS,
6688530,15713,11,2014,U,,,N,F,,C,2014_11_PA0021A00_NIBRS,
6710980,15713,12,2014,U,,,N,F,,C,2014_12_PA0021A00_NIBRS,
6464031,15714,1,2014,U,,,N,F,,C,2014_01_PA0021B00_NIBRS,
6486481,15714,2,2014,U,,,N,F,,C,2014_02_PA0021B00_NIBRS,
6508931,15714,3,2014,U,,,N,F,,C,2014_03_PA0021B00_NIBRS,
6531381,15714,4,2014,U,,,N,F,,C,2014_04_PA0021B00_NIBRS,
6553831,15714,5,2014,U,,,N,F,,C,2014_05_PA0021B00_NIBRS,
6576281,15714,6,2014,U,,,N,F,,C,2014_06_PA0021B00_NIBRS,
6598731,15714,7,2014,U,,,N,F,,C,2014_07_PA0021B00_NIBRS,
6621181,15714,8,2014,U,,,N,F,,C,2014_08_PA0021B00_NIBRS,
6643631,15714,9,2014,U,,,N,F,,C,2014_09_PA0021B00_NIBRS,
6666081,15714,10,2014,U,,,N,F,,C,2014_10_PA0021B00_NIBRS,
6688531,15714,11,2014,U,,,N,F,,C,2014_11_PA0021B00_NIBRS,
6710981,15714,12,2014,U,,,N,F,,C,2014_12_PA0021B00_NIBRS,
6464032,15715,1,2014,U,,,N,F,,C,2014_01_PA0021C00_NIBRS,
6486482,15715,2,2014,U,,,N,F,,C,2014_02_PA0021C00_NIBRS,
6508932,15715,3,2014,U,,,N,F,,C,2014_03_PA0021C00_NIBRS,
6531382,15715,4,2014,U,,,N,F,,C,2014_04_PA0021C00_NIBRS,
6553832,15715,5,2014,U,,,N,F,,C,2014_05_PA0021C00_NIBRS,
6576282,15715,6,2014,U,,,N,F,,C,2014_06_PA0021C00_NIBRS,
6598732,15715,7,2014,U,,,N,F,,C,2014_07_PA0021C00_NIBRS,
6621182,15715,8,2014,U,,,N,F,,C,2014_08_PA0021C00_NIBRS,
6643632,15715,9,2014,U,,,N,F,,C,2014_09_PA0021C00_NIBRS,
6666082,15715,10,2014,U,,,N,F,,C,2014_10_PA0021C00_NIBRS,
6688532,15715,11,2014,U,,,N,F,,C,2014_11_PA0021C00_NIBRS,
6710982,15715,12,2014,U,,,N,F,,C,2014_12_PA0021C00_NIBRS,
6464033,15716,1,2014,U,,,N,F,,C,2014_01_PA0021D00_NIBRS,
6486483,15716,2,2014,U,,,N,F,,C,2014_02_PA0021D00_NIBRS,
6508933,15716,3,2014,U,,,N,F,,C,2014_03_PA0021D00_NIBRS,
6531383,15716,4,2014,U,,,N,F,,C,2014_04_PA0021D00_NIBRS,
6553833,15716,5,2014,U,,,N,F,,C,2014_05_PA0021D00_NIBRS,
6576283,15716,6,2014,U,,,N,F,,C,2014_06_PA0021D00_NIBRS,
6598733,15716,7,2014,U,,,N,F,,C,2014_07_PA0021D00_NIBRS,
6621183,15716,8,2014,U,,,N,F,,C,2014_08_PA0021D00_NIBRS,
6643633,15716,9,2014,U,,,N,F,,C,2014_09_PA0021D00_NIBRS,
6666083,15716,10,2014,U,,,N,F,,C,2014_10_PA0021D00_NIBRS,
6688533,15716,11,2014,U,,,N,F,,C,2014_11_PA0021D00_NIBRS,
6710983,15716,12,2014,U,,,N,F,,C,2014_12_PA0021D00_NIBRS,
6464034,15717,1,2014,U,,,N,F,,C,2014_01_PA0021E00_NIBRS,
6486484,15717,2,2014,U,,,N,F,,C,2014_02_PA0021E00_NIBRS,
6508934,15717,3,2014,U,,,N,F,,C,2014_03_PA0021E00_NIBRS,
6531384,15717,4,2014,U,,,N,F,,C,2014_04_PA0021E00_NIBRS,
6553834,15717,5,2014,U,,,N,F,,C,2014_05_PA0021E00_NIBRS,
6576284,15717,6,2014,U,,,N,F,,C,2014_06_PA0021E00_NIBRS,
6598734,15717,7,2014,U,,,N,F,,C,2014_07_PA0021E00_NIBRS,
6621184,15717,8,2014,U,,,N,F,,C,2014_08_PA0021E00_NIBRS,
6643634,15717,9,2014,U,,,N,F,,C,2014_09_PA0021E00_NIBRS,
6666084,15717,10,2014,U,,,N,F,,C,2014_10_PA0021E00_NIBRS,
6688534,15717,11,2014,U,,,N,F,,C,2014_11_PA0021E00_NIBRS,
6710984,15717,12,2014,U,,,N,F,,C,2014_12_PA0021E00_NIBRS,
6464035,15718,1,2014,U,,,N,F,,C,2014_01_PA0021G00_NIBRS,
6486485,15718,2,2014,U,,,N,F,,C,2014_02_PA0021G00_NIBRS,
6508935,15718,3,2014,U,,,N,F,,C,2014_03_PA0021G00_NIBRS,
6531385,15718,4,2014,U,,,N,F,,C,2014_04_PA0021G00_NIBRS,
6553835,15718,5,2014,U,,,N,F,,C,2014_05_PA0021G00_NIBRS,
6576285,15718,6,2014,U,,,N,F,,C,2014_06_PA0021G00_NIBRS,
6598735,15718,7,2014,U,,,N,F,,C,2014_07_PA0021G00_NIBRS,
6621185,15718,8,2014,U,,,N,F,,C,2014_08_PA0021G00_NIBRS,
6643635,15718,9,2014,U,,,N,F,,C,2014_09_PA0021G00_NIBRS,
6666085,15718,10,2014,U,,,N,F,,C,2014_10_PA0021G00_NIBRS,
6688535,15718,11,2014,U,,,N,F,,C,2014_11_PA0021G00_NIBRS,
6710985,15718,12,2014,U,,,N,F,,C,2014_12_PA0021G00_NIBRS,
6464036,15719,1,2014,U,,,N,F,,C,2014_01_PA0021H00_NIBRS,
6486486,15719,2,2014,U,,,N,F,,C,2014_02_PA0021H00_NIBRS,
6508936,15719,3,2014,U,,,N,F,,C,2014_03_PA0021H00_NIBRS,
6531386,15719,4,2014,U,,,N,F,,C,2014_04_PA0021H00_NIBRS,
6553836,15719,5,2014,U,,,N,F,,C,2014_05_PA0021H00_NIBRS,
6576286,15719,6,2014,U,,,N,F,,C,2014_06_PA0021H00_NIBRS,
6598736,15719,7,2014,U,,,N,F,,C,2014_07_PA0021H00_NIBRS,
6621186,15719,8,2014,U,,,N,F,,C,2014_08_PA0021H00_NIBRS,
6643636,15719,9,2014,U,,,N,F,,C,2014_09_PA0021H00_NIBRS,
6666086,15719,10,2014,U,,,N,F,,C,2014_10_PA0021H00_NIBRS,
6688536,15719,11,2014,U,,,N,F,,C,2014_11_PA0021H00_NIBRS,
6710986,15719,12,2014,U,,,N,F,,C,2014_12_PA0021H00_NIBRS,
6464037,15720,1,2014,U,,,N,F,,C,2014_01_PA0021I00_NIBRS,
6486487,15720,2,2014,U,,,N,F,,C,2014_02_PA0021I00_NIBRS,
6508937,15720,3,2014,U,,,N,F,,C,2014_03_PA0021I00_NIBRS,
6531387,15720,4,2014,U,,,N,F,,C,2014_04_PA0021I00_NIBRS,
6553837,15720,5,2014,U,,,N,F,,C,2014_05_PA0021I00_NIBRS,
6576287,15720,6,2014,U,,,N,F,,C,2014_06_PA0021I00_NIBRS,
6598737,15720,7,2014,U,,,N,F,,C,2014_07_PA0021I00_NIBRS,
6621187,15720,8,2014,U,,,N,F,,C,2014_08_PA0021I00_NIBRS,
6643637,15720,9,2014,U,,,N,F,,C,2014_09_PA0021I00_NIBRS,
6666087,15720,10,2014,U,,,N,F,,C,2014_10_PA0021I00_NIBRS,
6688537,15720,11,2014,U,,,N,F,,C,2014_11_PA0021I00_NIBRS,
6710987,15720,12,2014,U,,,N,F,,C,2014_12_PA0021I00_NIBRS,
6464038,15721,1,2014,U,,,N,F,,C,2014_01_PA0021J00_NIBRS,
6486488,15721,2,2014,U,,,N,F,,C,2014_02_PA0021J00_NIBRS,
6508938,15721,3,2014,U,,,N,F,,C,2014_03_PA0021J00_NIBRS,
6531388,15721,4,2014,U,,,N,F,,C,2014_04_PA0021J00_NIBRS,
6553838,15721,5,2014,U,,,N,F,,C,2014_05_PA0021J00_NIBRS,
6576288,15721,6,2014,U,,,N,F,,C,2014_06_PA0021J00_NIBRS,
6598738,15721,7,2014,U,,,N,F,,C,2014_07_PA0021J00_NIBRS,
6621188,15721,8,2014,U,,,N,F,,C,2014_08_PA0021J00_NIBRS,
6643638,15721,9,2014,U,,,N,F,,C,2014_09_PA0021J00_NIBRS,
6666088,15721,10,2014,U,,,N,F,,C,2014_10_PA0021J00_NIBRS,
6688538,15721,11,2014,U,,,N,F,,C,2014_11_PA0021J00_NIBRS,
6710988,15721,12,2014,U,,,N,F,,C,2014_12_PA0021J00_NIBRS,
6464039,15722,1,2014,U,,,N,F,,C,2014_01_PA0021N00_NIBRS,
6486489,15722,2,2014,U,,,N,F,,C,2014_02_PA0021N00_NIBRS,
6508939,15722,3,2014,U,,,N,F,,C,2014_03_PA0021N00_NIBRS,
6531389,15722,4,2014,U,,,N,F,,C,2014_04_PA0021N00_NIBRS,
6553839,15722,5,2014,U,,,N,F,,C,2014_05_PA0021N00_NIBRS,
6576289,15722,6,2014,U,,,N,F,,C,2014_06_PA0021N00_NIBRS,
6598739,15722,7,2014,U,,,N,F,,C,2014_07_PA0021N00_NIBRS,
6621189,15722,8,2014,U,,,N,F,,C,2014_08_PA0021N00_NIBRS,
6643639,15722,9,2014,U,,,N,F,,C,2014_09_PA0021N00_NIBRS,
6666089,15722,10,2014,U,,,N,F,,C,2014_10_PA0021N00_NIBRS,
6688539,15722,11,2014,U,,,N,F,,C,2014_11_PA0021N00_NIBRS,
6710989,15722,12,2014,U,,,N,F,,C,2014_12_PA0021N00_NIBRS,
6464040,15723,1,2014,U,,,N,F,,C,2014_01_PA0021P00_NIBRS,
6486490,15723,2,2014,U,,,N,F,,C,2014_02_PA0021P00_NIBRS,
6508940,15723,3,2014,U,,,N,F,,C,2014_03_PA0021P00_NIBRS,
6531390,15723,4,2014,U,,,N,F,,C,2014_04_PA0021P00_NIBRS,
6553840,15723,5,2014,U,,,N,F,,C,2014_05_PA0021P00_NIBRS,
6576290,15723,6,2014,U,,,N,F,,C,2014_06_PA0021P00_NIBRS,
6598740,15723,7,2014,U,,,N,F,,C,2014_07_PA0021P00_NIBRS,
6621190,15723,8,2014,U,,,N,F,,C,2014_08_PA0021P00_NIBRS,
6643640,15723,9,2014,U,,,N,F,,C,2014_09_PA0021P00_NIBRS,
6666090,15723,10,2014,U,,,N,F,,C,2014_10_PA0021P00_NIBRS,
6688540,15723,11,2014,U,,,N,F,,C,2014_11_PA0021P00_NIBRS,
6710990,15723,12,2014,U,,,N,F,,C,2014_12_PA0021P00_NIBRS,
6464041,15724,1,2014,U,,,N,F,,C,2014_01_PA0021R00_NIBRS,
6486491,15724,2,2014,U,,,N,F,,C,2014_02_PA0021R00_NIBRS,
6508941,15724,3,2014,U,,,N,F,,C,2014_03_PA0021R00_NIBRS,
6531391,15724,4,2014,U,,,N,F,,C,2014_04_PA0021R00_NIBRS,
6553841,15724,5,2014,U,,,N,F,,C,2014_05_PA0021R00_NIBRS,
6576291,15724,6,2014,U,,,N,F,,C,2014_06_PA0021R00_NIBRS,
6598741,15724,7,2014,U,,,N,F,,C,2014_07_PA0021R00_NIBRS,
6621191,15724,8,2014,U,,,N,F,,C,2014_08_PA0021R00_NIBRS,
6643641,15724,9,2014,U,,,N,F,,C,2014_09_PA0021R00_NIBRS,
6666091,15724,10,2014,U,,,N,F,,C,2014_10_PA0021R00_NIBRS,
6688541,15724,11,2014,U,,,N,F,,C,2014_11_PA0021R00_NIBRS,
6710991,15724,12,2014,U,,,N,F,,C,2014_12_PA0021R00_NIBRS,
6464042,15725,1,2014,U,,,N,F,,C,2014_01_PA0021S00_NIBRS,
6486492,15725,2,2014,U,,,N,F,,C,2014_02_PA0021S00_NIBRS,
6508942,15725,3,2014,U,,,N,F,,C,2014_03_PA0021S00_NIBRS,
6531392,15725,4,2014,U,,,N,F,,C,2014_04_PA0021S00_NIBRS,
6553842,15725,5,2014,U,,,N,F,,C,2014_05_PA0021S00_NIBRS,
6576292,15725,6,2014,U,,,N,F,,C,2014_06_PA0021S00_NIBRS,
6598742,15725,7,2014,U,,,N,F,,C,2014_07_PA0021S00_NIBRS,
6621192,15725,8,2014,U,,,N,F,,C,2014_08_PA0021S00_NIBRS,
6643642,15725,9,2014,U,,,N,F,,C,2014_09_PA0021S00_NIBRS,
6666092,15725,10,2014,U,,,N,F,,C,2014_10_PA0021S00_NIBRS,
6688542,15725,11,2014,U,,,N,F,,C,2014_11_PA0021S00_NIBRS,
6710992,15725,12,2014,U,,,N,F,,C,2014_12_PA0021S00_NIBRS,
6464043,15726,1,2014,U,,,N,F,,C,2014_01_PA0022000_NIBRS,
6486493,15726,2,2014,U,,,N,F,,C,2014_02_PA0022000_NIBRS,
6508943,15726,3,2014,U,,,N,F,,C,2014_03_PA0022000_NIBRS,
6531393,15726,4,2014,U,,,N,F,,C,2014_04_PA0022000_NIBRS,
6553843,15726,5,2014,U,,,N,F,,C,2014_05_PA0022000_NIBRS,
6576293,15726,6,2014,U,,,N,F,,C,2014_06_PA0022000_NIBRS,
6598743,15726,7,2014,U,,,N,F,,C,2014_07_PA0022000_NIBRS,
6621193,15726,8,2014,U,,,N,F,,C,2014_08_PA0022000_NIBRS,
6643643,15726,9,2014,U,,,N,F,,C,2014_09_PA0022000_NIBRS,
6666093,15726,10,2014,U,,,N,F,,C,2014_10_PA0022000_NIBRS,
6688543,15726,11,2014,U,,,N,F,,C,2014_11_PA0022000_NIBRS,
6710993,15726,12,2014,U,,,N,F,,C,2014_12_PA0022000_NIBRS,
6464044,15727,1,2014,U,,,N,F,,C,2014_01_PA0022100_NIBRS,
6486494,15727,2,2014,U,,,N,F,,C,2014_02_PA0022100_NIBRS,
6508944,15727,3,2014,U,,,N,F,,C,2014_03_PA0022100_NIBRS,
6531394,15727,4,2014,U,,,N,F,,C,2014_04_PA0022100_NIBRS,
6553844,15727,5,2014,U,,,N,F,,C,2014_05_PA0022100_NIBRS,
6576294,15727,6,2014,U,,,N,F,,C,2014_06_PA0022100_NIBRS,
6598744,15727,7,2014,U,,,N,F,,C,2014_07_PA0022100_NIBRS,
6621194,15727,8,2014,U,,,N,F,,C,2014_08_PA0022100_NIBRS,
6643644,15727,9,2014,U,,,N,F,,C,2014_09_PA0022100_NIBRS,
6666094,15727,10,2014,U,,,N,F,,C,2014_10_PA0022100_NIBRS,
6688544,15727,11,2014,U,,,N,F,,C,2014_11_PA0022100_NIBRS,
6710994,15727,12,2014,U,,,N,F,,C,2014_12_PA0022100_NIBRS,
6464045,15728,1,2014,U,,,N,F,,C,2014_01_PA0022200_NIBRS,
6486495,15728,2,2014,U,,,N,F,,C,2014_02_PA0022200_NIBRS,
6508945,15728,3,2014,U,,,N,F,,C,2014_03_PA0022200_NIBRS,
6531395,15728,4,2014,U,,,N,F,,C,2014_04_PA0022200_NIBRS,
6553845,15728,5,2014,U,,,N,F,,C,2014_05_PA0022200_NIBRS,
6576295,15728,6,2014,U,,,N,F,,C,2014_06_PA0022200_NIBRS,
6598745,15728,7,2014,U,,,N,F,,C,2014_07_PA0022200_NIBRS,
6621195,15728,8,2014,U,,,N,F,,C,2014_08_PA0022200_NIBRS,
6643645,15728,9,2014,U,,,N,F,,C,2014_09_PA0022200_NIBRS,
6666095,15728,10,2014,U,,,N,F,,C,2014_10_PA0022200_NIBRS,
6688545,15728,11,2014,U,,,N,F,,C,2014_11_PA0022200_NIBRS,
6710995,15728,12,2014,U,,,N,F,,C,2014_12_PA0022200_NIBRS,
6464046,15729,1,2014,U,,,N,F,,C,2014_01_PA0022300_NIBRS,
6486496,15729,2,2014,U,,,N,F,,C,2014_02_PA0022300_NIBRS,
6508946,15729,3,2014,U,,,N,F,,C,2014_03_PA0022300_NIBRS,
6531396,15729,4,2014,U,,,N,F,,C,2014_04_PA0022300_NIBRS,
6553846,15729,5,2014,U,,,N,F,,C,2014_05_PA0022300_NIBRS,
6576296,15729,6,2014,U,,,N,F,,C,2014_06_PA0022300_NIBRS,
6598746,15729,7,2014,U,,,N,F,,C,2014_07_PA0022300_NIBRS,
6621196,15729,8,2014,U,,,N,F,,C,2014_08_PA0022300_NIBRS,
6643646,15729,9,2014,U,,,N,F,,C,2014_09_PA0022300_NIBRS,
6666096,15729,10,2014,U,,,N,F,,C,2014_10_PA0022300_NIBRS,
6688546,15729,11,2014,U,,,N,F,,C,2014_11_PA0022300_NIBRS,
6710996,15729,12,2014,U,,,N,F,,C,2014_12_PA0022300_NIBRS,
6464047,15730,1,2014,U,,,N,F,,C,2014_01_PA0022400_NIBRS,
6486497,15730,2,2014,U,,,N,F,,C,2014_02_PA0022400_NIBRS,
6508947,15730,3,2014,U,,,N,F,,C,2014_03_PA0022400_NIBRS,
6531397,15730,4,2014,U,,,N,F,,C,2014_04_PA0022400_NIBRS,
6553847,15730,5,2014,U,,,N,F,,C,2014_05_PA0022400_NIBRS,
6576297,15730,6,2014,U,,,N,F,,C,2014_06_PA0022400_NIBRS,
6598747,15730,7,2014,U,,,N,F,,C,2014_07_PA0022400_NIBRS,
6621197,15730,8,2014,U,,,N,F,,C,2014_08_PA0022400_NIBRS,
6643647,15730,9,2014,U,,,N,F,,C,2014_09_PA0022400_NIBRS,
6666097,15730,10,2014,U,,,N,F,,C,2014_10_PA0022400_NIBRS,
6688547,15730,11,2014,U,,,N,F,,C,2014_11_PA0022400_NIBRS,
6710997,15730,12,2014,U,,,N,F,,C,2014_12_PA0022400_NIBRS,
6464048,15731,1,2014,U,,,N,F,,C,2014_01_PA0022500_NIBRS,
6486498,15731,2,2014,U,,,N,F,,C,2014_02_PA0022500_NIBRS,
6508948,15731,3,2014,U,,,N,F,,C,2014_03_PA0022500_NIBRS,
6531398,15731,4,2014,U,,,N,F,,C,2014_04_PA0022500_NIBRS,
6553848,15731,5,2014,U,,,N,F,,C,2014_05_PA0022500_NIBRS,
6576298,15731,6,2014,U,,,N,F,,C,2014_06_PA0022500_NIBRS,
6598748,15731,7,2014,U,,,N,F,,C,2014_07_PA0022500_NIBRS,
6621198,15731,8,2014,U,,,N,F,,C,2014_08_PA0022500_NIBRS,
6643648,15731,9,2014,U,,,N,F,,C,2014_09_PA0022500_NIBRS,
6666098,15731,10,2014,U,,,N,F,,C,2014_10_PA0022500_NIBRS,
6688548,15731,11,2014,U,,,N,F,,C,2014_11_PA0022500_NIBRS,
6710998,15731,12,2014,U,,,N,F,,C,2014_12_PA0022500_NIBRS,
6464049,15732,1,2014,U,,,N,F,,C,2014_01_PA0022600_NIBRS,
6486499,15732,2,2014,U,,,N,F,,C,2014_02_PA0022600_NIBRS,
6508949,15732,3,2014,U,,,N,F,,C,2014_03_PA0022600_NIBRS,
6531399,15732,4,2014,U,,,N,F,,C,2014_04_PA0022600_NIBRS,
6553849,15732,5,2014,U,,,N,F,,C,2014_05_PA0022600_NIBRS,
6576299,15732,6,2014,U,,,N,F,,C,2014_06_PA0022600_NIBRS,
6598749,15732,7,2014,U,,,N,F,,C,2014_07_PA0022600_NIBRS,
6621199,15732,8,2014,U,,,N,F,,C,2014_08_PA0022600_NIBRS,
6643649,15732,9,2014,U,,,N,F,,C,2014_09_PA0022600_NIBRS,
6666099,15732,10,2014,U,,,N,F,,C,2014_10_PA0022600_NIBRS,
6688549,15732,11,2014,U,,,N,F,,C,2014_11_PA0022600_NIBRS,
6710999,15732,12,2014,U,,,N,F,,C,2014_12_PA0022600_NIBRS,
6464050,15733,1,2014,U,,,N,F,,C,2014_01_PA0022700_NIBRS,
6486500,15733,2,2014,U,,,N,F,,C,2014_02_PA0022700_NIBRS,
6508950,15733,3,2014,U,,,N,F,,C,2014_03_PA0022700_NIBRS,
6531400,15733,4,2014,U,,,N,F,,C,2014_04_PA0022700_NIBRS,
6553850,15733,5,2014,U,,,N,F,,C,2014_05_PA0022700_NIBRS,
6576300,15733,6,2014,U,,,N,F,,C,2014_06_PA0022700_NIBRS,
6598750,15733,7,2014,U,,,N,F,,C,2014_07_PA0022700_NIBRS,
6621200,15733,8,2014,U,,,N,F,,C,2014_08_PA0022700_NIBRS,
6643650,15733,9,2014,U,,,N,F,,C,2014_09_PA0022700_NIBRS,
6666100,15733,10,2014,U,,,N,F,,C,2014_10_PA0022700_NIBRS,
6688550,15733,11,2014,U,,,N,F,,C,2014_11_PA0022700_NIBRS,
6711000,15733,12,2014,U,,,N,F,,C,2014_12_PA0022700_NIBRS,
6464051,15734,1,2014,U,,,N,F,,C,2014_01_PA0022800_NIBRS,
6486501,15734,2,2014,U,,,N,F,,C,2014_02_PA0022800_NIBRS,
6508951,15734,3,2014,U,,,N,F,,C,2014_03_PA0022800_NIBRS,
6531401,15734,4,2014,U,,,N,F,,C,2014_04_PA0022800_NIBRS,
6553851,15734,5,2014,U,,,N,F,,C,2014_05_PA0022800_NIBRS,
6576301,15734,6,2014,U,,,N,F,,C,2014_06_PA0022800_NIBRS,
6598751,15734,7,2014,U,,,N,F,,C,2014_07_PA0022800_NIBRS,
6621201,15734,8,2014,U,,,N,F,,C,2014_08_PA0022800_NIBRS,
6643651,15734,9,2014,U,,,N,F,,C,2014_09_PA0022800_NIBRS,
6666101,15734,10,2014,U,,,N,F,,C,2014_10_PA0022800_NIBRS,
6688551,15734,11,2014,U,,,N,F,,C,2014_11_PA0022800_NIBRS,
6711001,15734,12,2014,U,,,N,F,,C,2014_12_PA0022800_NIBRS,
6464052,15735,1,2014,U,,,N,F,,C,2014_01_PA0022900_NIBRS,
6486502,15735,2,2014,U,,,N,F,,C,2014_02_PA0022900_NIBRS,
6508952,15735,3,2014,U,,,N,F,,C,2014_03_PA0022900_NIBRS,
6531402,15735,4,2014,U,,,N,F,,C,2014_04_PA0022900_NIBRS,
6553852,15735,5,2014,U,,,N,F,,C,2014_05_PA0022900_NIBRS,
6576302,15735,6,2014,U,,,N,F,,C,2014_06_PA0022900_NIBRS,
6598752,15735,7,2014,U,,,N,F,,C,2014_07_PA0022900_NIBRS,
6621202,15735,8,2014,U,,,N,F,,C,2014_08_PA0022900_NIBRS,
6643652,15735,9,2014,U,,,N,F,,C,2014_09_PA0022900_NIBRS,
6666102,15735,10,2014,U,,,N,F,,C,2014_10_PA0022900_NIBRS,
6688552,15735,11,2014,U,,,N,F,,C,2014_11_PA0022900_NIBRS,
6711002,15735,12,2014,U,,,N,F,,C,2014_12_PA0022900_NIBRS,
6464053,15736,1,2014,U,,,N,F,,C,2014_01_PA0022A00_NIBRS,
6486503,15736,2,2014,U,,,N,F,,C,2014_02_PA0022A00_NIBRS,
6508953,15736,3,2014,U,,,N,F,,C,2014_03_PA0022A00_NIBRS,
6531403,15736,4,2014,U,,,N,F,,C,2014_04_PA0022A00_NIBRS,
6553853,15736,5,2014,U,,,N,F,,C,2014_05_PA0022A00_NIBRS,
6576303,15736,6,2014,U,,,N,F,,C,2014_06_PA0022A00_NIBRS,
6598753,15736,7,2014,U,,,N,F,,C,2014_07_PA0022A00_NIBRS,
6621203,15736,8,2014,U,,,N,F,,C,2014_08_PA0022A00_NIBRS,
6643653,15736,9,2014,U,,,N,F,,C,2014_09_PA0022A00_NIBRS,
6666103,15736,10,2014,U,,,N,F,,C,2014_10_PA0022A00_NIBRS,
6688553,15736,11,2014,U,,,N,F,,C,2014_11_PA0022A00_NIBRS,
6711003,15736,12,2014,U,,,N,F,,C,2014_12_PA0022A00_NIBRS,
6464019,15702,1,2014,U,,,N,F,,C,2014_01_PA0020Z00_NIBRS,
6486469,15702,2,2014,U,,,N,F,,C,2014_02_PA0020Z00_NIBRS,
6508919,15702,3,2014,U,,,N,F,,C,2014_03_PA0020Z00_NIBRS,
6531369,15702,4,2014,U,,,N,F,,C,2014_04_PA0020Z00_NIBRS,
6553819,15702,5,2014,U,,,N,F,,C,2014_05_PA0020Z00_NIBRS,
6576269,15702,6,2014,U,,,N,F,,C,2014_06_PA0020Z00_NIBRS,
6598719,15702,7,2014,U,,,N,F,,C,2014_07_PA0020Z00_NIBRS,
6621169,15702,8,2014,U,,,N,F,,C,2014_08_PA0020Z00_NIBRS,
6643619,15702,9,2014,U,,,N,F,,C,2014_09_PA0020Z00_NIBRS,
6666069,15702,10,2014,U,,,N,F,,C,2014_10_PA0020Z00_NIBRS,
6688519,15702,11,2014,U,,,N,F,,C,2014_11_PA0020Z00_NIBRS,
6710969,15702,12,2014,U,,,N,F,,C,2014_12_PA0020Z00_NIBRS,
6464020,15703,1,2014,U,,,N,F,,C,2014_01_PA0021000_NIBRS,
6486470,15703,2,2014,U,,,N,F,,C,2014_02_PA0021000_NIBRS,
6508920,15703,3,2014,U,,,N,F,,C,2014_03_PA0021000_NIBRS,
6531370,15703,4,2014,U,,,N,F,,C,2014_04_PA0021000_NIBRS,
6553820,15703,5,2014,U,,,N,F,,C,2014_05_PA0021000_NIBRS,
6576270,15703,6,2014,U,,,N,F,,C,2014_06_PA0021000_NIBRS,
6598720,15703,7,2014,U,,,N,F,,C,2014_07_PA0021000_NIBRS,
6621170,15703,8,2014,U,,,N,F,,C,2014_08_PA0021000_NIBRS,
6643620,15703,9,2014,U,,,N,F,,C,2014_09_PA0021000_NIBRS,
6666070,15703,10,2014,U,,,N,F,,C,2014_10_PA0021000_NIBRS,
6688520,15703,11,2014,U,,,N,F,,C,2014_11_PA0021000_NIBRS,
6710970,15703,12,2014,U,,,N,F,,C,2014_12_PA0021000_NIBRS,
6464021,15704,1,2014,U,,,N,F,,C,2014_01_PA0021100_NIBRS,
6486471,15704,2,2014,U,,,N,F,,C,2014_02_PA0021100_NIBRS,
6508921,15704,3,2014,U,,,N,F,,C,2014_03_PA0021100_NIBRS,
6531371,15704,4,2014,U,,,N,F,,C,2014_04_PA0021100_NIBRS,
6553821,15704,5,2014,U,,,N,F,,C,2014_05_PA0021100_NIBRS,
6576271,15704,6,2014,U,,,N,F,,C,2014_06_PA0021100_NIBRS,
6598721,15704,7,2014,U,,,N,F,,C,2014_07_PA0021100_NIBRS,
6621171,15704,8,2014,U,,,N,F,,C,2014_08_PA0021100_NIBRS,
6643621,15704,9,2014,U,,,N,F,,C,2014_09_PA0021100_NIBRS,
6666071,15704,10,2014,U,,,N,F,,C,2014_10_PA0021100_NIBRS,
6688521,15704,11,2014,U,,,N,F,,C,2014_11_PA0021100_NIBRS,
6710971,15704,12,2014,U,,,N,F,,C,2014_12_PA0021100_NIBRS,
6464022,15705,1,2014,U,,,N,F,,C,2014_01_PA0021200_NIBRS,
6486472,15705,2,2014,U,,,N,F,,C,2014_02_PA0021200_NIBRS,
6508922,15705,3,2014,U,,,N,F,,C,2014_03_PA0021200_NIBRS,
6531372,15705,4,2014,U,,,N,F,,C,2014_04_PA0021200_NIBRS,
6553822,15705,5,2014,U,,,N,F,,C,2014_05_PA0021200_NIBRS,
6576272,15705,6,2014,U,,,N,F,,C,2014_06_PA0021200_NIBRS,
6598722,15705,7,2014,U,,,N,F,,C,2014_07_PA0021200_NIBRS,
6621172,15705,8,2014,U,,,N,F,,C,2014_08_PA0021200_NIBRS,
6643622,15705,9,2014,U,,,N,F,,C,2014_09_PA0021200_NIBRS,
6666072,15705,10,2014,U,,,N,F,,C,2014_10_PA0021200_NIBRS,
6688522,15705,11,2014,U,,,N,F,,C,2014_11_PA0021200_NIBRS,
6710972,15705,12,2014,U,,,N,F,,C,2014_12_PA0021200_NIBRS,
6464023,15706,1,2014,U,,,N,F,,C,2014_01_PA0021300_NIBRS,
6486473,15706,2,2014,U,,,N,F,,C,2014_02_PA0021300_NIBRS,
6508923,15706,3,2014,U,,,N,F,,C,2014_03_PA0021300_NIBRS,
6531373,15706,4,2014,U,,,N,F,,C,2014_04_PA0021300_NIBRS,
6553823,15706,5,2014,U,,,N,F,,C,2014_05_PA0021300_NIBRS,
6576273,15706,6,2014,U,,,N,F,,C,2014_06_PA0021300_NIBRS,
6598723,15706,7,2014,U,,,N,F,,C,2014_07_PA0021300_NIBRS,
6621173,15706,8,2014,U,,,N,F,,C,2014_08_PA0021300_NIBRS,
6643623,15706,9,2014,U,,,N,F,,C,2014_09_PA0021300_NIBRS,
6666073,15706,10,2014,U,,,N,F,,C,2014_10_PA0021300_NIBRS,
6688523,15706,11,2014,U,,,N,F,,C,2014_11_PA0021300_NIBRS,
6710973,15706,12,2014,U,,,N,F,,C,2014_12_PA0021300_NIBRS,
6464024,15707,1,2014,U,,,N,F,,C,2014_01_PA0021400_NIBRS,
6486474,15707,2,2014,U,,,N,F,,C,2014_02_PA0021400_NIBRS,
6508924,15707,3,2014,U,,,N,F,,C,2014_03_PA0021400_NIBRS,
6531374,15707,4,2014,U,,,N,F,,C,2014_04_PA0021400_NIBRS,
6553824,15707,5,2014,U,,,N,F,,C,2014_05_PA0021400_NIBRS,
6576274,15707,6,2014,U,,,N,F,,C,2014_06_PA0021400_NIBRS,
6598724,15707,7,2014,U,,,N,F,,C,2014_07_PA0021400_NIBRS,
6621174,15707,8,2014,U,,,N,F,,C,2014_08_PA0021400_NIBRS,
6643624,15707,9,2014,U,,,N,F,,C,2014_09_PA0021400_NIBRS,
6666074,15707,10,2014,U,,,N,F,,C,2014_10_PA0021400_NIBRS,
6688524,15707,11,2014,U,,,N,F,,C,2014_11_PA0021400_NIBRS,
6710974,15707,12,2014,U,,,N,F,,C,2014_12_PA0021400_NIBRS,
6464025,15708,1,2014,U,,,N,F,,C,2014_01_PA0021500_NIBRS,
6486475,15708,2,2014,U,,,N,F,,C,2014_02_PA0021500_NIBRS,
6508925,15708,3,2014,U,,,N,F,,C,2014_03_PA0021500_NIBRS,
6531375,15708,4,2014,U,,,N,F,,C,2014_04_PA0021500_NIBRS,
6553825,15708,5,2014,U,,,N,F,,C,2014_05_PA0021500_NIBRS,
6576275,15708,6,2014,U,,,N,F,,C,2014_06_PA0021500_NIBRS,
6598725,15708,7,2014,U,,,N,F,,C,2014_07_PA0021500_NIBRS,
6621175,15708,8,2014,U,,,N,F,,C,2014_08_PA0021500_NIBRS,
6643625,15708,9,2014,U,,,N,F,,C,2014_09_PA0021500_NIBRS,
6666075,15708,10,2014,U,,,N,F,,C,2014_10_PA0021500_NIBRS,
6688525,15708,11,2014,U,,,N,F,,C,2014_11_PA0021500_NIBRS,
6710975,15708,12,2014,U,,,N,F,,C,2014_12_PA0021500_NIBRS,
6464026,15709,1,2014,U,,,N,F,,C,2014_01_PA0021600_NIBRS,
6486476,15709,2,2014,U,,,N,F,,C,2014_02_PA0021600_NIBRS,
6508926,15709,3,2014,U,,,N,F,,C,2014_03_PA0021600_NIBRS,
6531376,15709,4,2014,U,,,N,F,,C,2014_04_PA0021600_NIBRS,
6553826,15709,5,2014,U,,,N,F,,C,2014_05_PA0021600_NIBRS,
6576276,15709,6,2014,U,,,N,F,,C,2014_06_PA0021600_NIBRS,
6598726,15709,7,2014,U,,,N,F,,C,2014_07_PA0021600_NIBRS,
6621176,15709,8,2014,U,,,N,F,,C,2014_08_PA0021600_NIBRS,
6643626,15709,9,2014,U,,,N,F,,C,2014_09_PA0021600_NIBRS,
6666076,15709,10,2014,U,,,N,F,,C,2014_10_PA0021600_NIBRS,
6688526,15709,11,2014,U,,,N,F,,C,2014_11_PA0021600_NIBRS,
6710976,15709,12,2014,U,,,N,F,,C,2014_12_PA0021600_NIBRS,
6464027,15710,1,2014,U,,,N,F,,C,2014_01_PA0021700_NIBRS,
6486477,15710,2,2014,U,,,N,F,,C,2014_02_PA0021700_NIBRS,
6508927,15710,3,2014,U,,,N,F,,C,2014_03_PA0021700_NIBRS,
6531377,15710,4,2014,U,,,N,F,,C,2014_04_PA0021700_NIBRS,
6553827,15710,5,2014,U,,,N,F,,C,2014_05_PA0021700_NIBRS,
6576277,15710,6,2014,U,,,N,F,,C,2014_06_PA0021700_NIBRS,
6598727,15710,7,2014,U,,,N,F,,C,2014_07_PA0021700_NIBRS,
6621177,15710,8,2014,U,,,N,F,,C,2014_08_PA0021700_NIBRS,
6643627,15710,9,2014,U,,,N,F,,C,2014_09_PA0021700_NIBRS,
6666077,15710,10,2014,U,,,N,F,,C,2014_10_PA0021700_NIBRS,
6688527,15710,11,2014,U,,,N,F,,C,2014_11_PA0021700_NIBRS,
6710977,15710,12,2014,U,,,N,F,,C,2014_12_PA0021700_NIBRS,
6464100,15783,1,2014,U,,,N,F,,C,2014_01_PA0027800_NIBRS,
6486550,15783,2,2014,U,,,N,F,,C,2014_02_PA0027800_NIBRS,
6509000,15783,3,2014,U,,,N,F,,C,2014_03_PA0027800_NIBRS,
6531450,15783,4,2014,U,,,N,F,,C,2014_04_PA0027800_NIBRS,
6553900,15783,5,2014,U,,,N,F,,C,2014_05_PA0027800_NIBRS,
6576350,15783,6,2014,U,,,N,F,,C,2014_06_PA0027800_NIBRS,
6598800,15783,7,2014,U,,,N,F,,C,2014_07_PA0027800_NIBRS,
6621250,15783,8,2014,U,,,N,F,,C,2014_08_PA0027800_NIBRS,
6643700,15783,9,2014,U,,,N,F,,C,2014_09_PA0027800_NIBRS,
6666150,15783,10,2014,U,,,N,F,,C,2014_10_PA0027800_NIBRS,
6688600,15783,11,2014,U,,,N,F,,C,2014_11_PA0027800_NIBRS,
6711050,15783,12,2014,U,,,N,F,,C,2014_12_PA0027800_NIBRS,
6464101,15784,1,2014,U,,,N,F,,C,2014_01_PA0027900_NIBRS,
6486551,15784,2,2014,U,,,N,F,,C,2014_02_PA0027900_NIBRS,
6509001,15784,3,2014,U,,,N,F,,C,2014_03_PA0027900_NIBRS,
6531451,15784,4,2014,U,,,N,F,,C,2014_04_PA0027900_NIBRS,
6553901,15784,5,2014,U,,,N,F,,C,2014_05_PA0027900_NIBRS,
6576351,15784,6,2014,U,,,N,F,,C,2014_06_PA0027900_NIBRS,
6598801,15784,7,2014,U,,,N,F,,C,2014_07_PA0027900_NIBRS,
6621251,15784,8,2014,U,,,N,F,,C,2014_08_PA0027900_NIBRS,
6643701,15784,9,2014,U,,,N,F,,C,2014_09_PA0027900_NIBRS,
6666151,15784,10,2014,U,,,N,F,,C,2014_10_PA0027900_NIBRS,
6688601,15784,11,2014,U,,,N,F,,C,2014_11_PA0027900_NIBRS,
6711051,15784,12,2014,U,,,N,F,,C,2014_12_PA0027900_NIBRS,
6464102,15785,1,2014,U,,,N,F,,C,2014_01_PA0028000_NIBRS,
6486552,15785,2,2014,U,,,N,F,,C,2014_02_PA0028000_NIBRS,
6509002,15785,3,2014,U,,,N,F,,C,2014_03_PA0028000_NIBRS,
6531452,15785,4,2014,U,,,N,F,,C,2014_04_PA0028000_NIBRS,
6553902,15785,5,2014,U,,,N,F,,C,2014_05_PA0028000_NIBRS,
6576352,15785,6,2014,U,,,N,F,,C,2014_06_PA0028000_NIBRS,
6598802,15785,7,2014,U,,,N,F,,C,2014_07_PA0028000_NIBRS,
6621252,15785,8,2014,U,,,N,F,,C,2014_08_PA0028000_NIBRS,
6643702,15785,9,2014,U,,,N,F,,C,2014_09_PA0028000_NIBRS,
6666152,15785,10,2014,U,,,N,F,,C,2014_10_PA0028000_NIBRS,
6688602,15785,11,2014,U,,,N,F,,C,2014_11_PA0028000_NIBRS,
6711052,15785,12,2014,U,,,N,F,,C,2014_12_PA0028000_NIBRS,
6464103,15786,1,2014,U,,,N,F,,C,2014_01_PA0028200_NIBRS,
6486553,15786,2,2014,U,,,N,F,,C,2014_02_PA0028200_NIBRS,
6509003,15786,3,2014,U,,,N,F,,C,2014_03_PA0028200_NIBRS,
6531453,15786,4,2014,U,,,N,F,,C,2014_04_PA0028200_NIBRS,
6553903,15786,5,2014,U,,,N,F,,C,2014_05_PA0028200_NIBRS,
6576353,15786,6,2014,U,,,N,F,,C,2014_06_PA0028200_NIBRS,
6598803,15786,7,2014,U,,,N,F,,C,2014_07_PA0028200_NIBRS,
6621253,15786,8,2014,U,,,N,F,,C,2014_08_PA0028200_NIBRS,
6643703,15786,9,2014,U,,,N,F,,C,2014_09_PA0028200_NIBRS,
6666153,15786,10,2014,U,,,N,F,,C,2014_10_PA0028200_NIBRS,
6688603,15786,11,2014,U,,,N,F,,C,2014_11_PA0028200_NIBRS,
6711053,15786,12,2014,U,,,N,F,,C,2014_12_PA0028200_NIBRS,
6464104,15787,1,2014,U,,,N,F,,C,2014_01_PA0028300_NIBRS,
6486554,15787,2,2014,U,,,N,F,,C,2014_02_PA0028300_NIBRS,
6509004,15787,3,2014,U,,,N,F,,C,2014_03_PA0028300_NIBRS,
6531454,15787,4,2014,U,,,N,F,,C,2014_04_PA0028300_NIBRS,
6553904,15787,5,2014,U,,,N,F,,C,2014_05_PA0028300_NIBRS,
6576354,15787,6,2014,U,,,N,F,,C,2014_06_PA0028300_NIBRS,
6598804,15787,7,2014,U,,,N,F,,C,2014_07_PA0028300_NIBRS,
6621254,15787,8,2014,U,,,N,F,,C,2014_08_PA0028300_NIBRS,
6643704,15787,9,2014,U,,,N,F,,C,2014_09_PA0028300_NIBRS,
6666154,15787,10,2014,U,,,N,F,,C,2014_10_PA0028300_NIBRS,
6688604,15787,11,2014,U,,,N,F,,C,2014_11_PA0028300_NIBRS,
6711054,15787,12,2014,U,,,N,F,,C,2014_12_PA0028300_NIBRS,
6464105,15788,1,2014,U,,,N,F,,C,2014_01_PA0028500_NIBRS,
6486555,15788,2,2014,U,,,N,F,,C,2014_02_PA0028500_NIBRS,
6509005,15788,3,2014,U,,,N,F,,C,2014_03_PA0028500_NIBRS,
6531455,15788,4,2014,U,,,N,F,,C,2014_04_PA0028500_NIBRS,
6553905,15788,5,2014,U,,,N,F,,C,2014_05_PA0028500_NIBRS,
6576355,15788,6,2014,U,,,N,F,,C,2014_06_PA0028500_NIBRS,
6598805,15788,7,2014,U,,,N,F,,C,2014_07_PA0028500_NIBRS,
6621255,15788,8,2014,U,,,N,F,,C,2014_08_PA0028500_NIBRS,
6643705,15788,9,2014,U,,,N,F,,C,2014_09_PA0028500_NIBRS,
6666155,15788,10,2014,U,,,N,F,,C,2014_10_PA0028500_NIBRS,
6688605,15788,11,2014,U,,,N,F,,C,2014_11_PA0028500_NIBRS,
6711055,15788,12,2014,U,,,N,F,,C,2014_12_PA0028500_NIBRS,
6464106,15789,1,2014,U,,,N,F,,C,2014_01_PA0028600_NIBRS,
6486556,15789,2,2014,U,,,N,F,,C,2014_02_PA0028600_NIBRS,
6509006,15789,3,2014,U,,,N,F,,C,2014_03_PA0028600_NIBRS,
6531456,15789,4,2014,U,,,N,F,,C,2014_04_PA0028600_NIBRS,
6553906,15789,5,2014,U,,,N,F,,C,2014_05_PA0028600_NIBRS,
6576356,15789,6,2014,U,,,N,F,,C,2014_06_PA0028600_NIBRS,
6598806,15789,7,2014,U,,,N,F,,C,2014_07_PA0028600_NIBRS,
6621256,15789,8,2014,U,,,N,F,,C,2014_08_PA0028600_NIBRS,
6643706,15789,9,2014,U,,,N,F,,C,2014_09_PA0028600_NIBRS,
6666156,15789,10,2014,U,,,N,F,,C,2014_10_PA0028600_NIBRS,
6688606,15789,11,2014,U,,,N,F,,C,2014_11_PA0028600_NIBRS,
6711056,15789,12,2014,U,,,N,F,,C,2014_12_PA0028600_NIBRS,
6464107,15790,1,2014,U,,,N,F,,C,2014_01_PA0028700_NIBRS,
6486557,15790,2,2014,U,,,N,F,,C,2014_02_PA0028700_NIBRS,
6509007,15790,3,2014,U,,,N,F,,C,2014_03_PA0028700_NIBRS,
6531457,15790,4,2014,U,,,N,F,,C,2014_04_PA0028700_NIBRS,
6553907,15790,5,2014,U,,,N,F,,C,2014_05_PA0028700_NIBRS,
6576357,15790,6,2014,U,,,N,F,,C,2014_06_PA0028700_NIBRS,
6598807,15790,7,2014,U,,,N,F,,C,2014_07_PA0028700_NIBRS,
6621257,15790,8,2014,U,,,N,F,,C,2014_08_PA0028700_NIBRS,
6643707,15790,9,2014,U,,,N,F,,C,2014_09_PA0028700_NIBRS,
6666157,15790,10,2014,U,,,N,F,,C,2014_10_PA0028700_NIBRS,
6688607,15790,11,2014,U,,,N,F,,C,2014_11_PA0028700_NIBRS,
6711057,15790,12,2014,U,,,N,F,,C,2014_12_PA0028700_NIBRS,
6464108,15791,1,2014,U,,,N,F,,C,2014_01_PA0028800_NIBRS,
6486558,15791,2,2014,U,,,N,F,,C,2014_02_PA0028800_NIBRS,
6509008,15791,3,2014,U,,,N,F,,C,2014_03_PA0028800_NIBRS,
6531458,15791,4,2014,U,,,N,F,,C,2014_04_PA0028800_NIBRS,
6553908,15791,5,2014,U,,,N,F,,C,2014_05_PA0028800_NIBRS,
6576358,15791,6,2014,U,,,N,F,,C,2014_06_PA0028800_NIBRS,
6598808,15791,7,2014,U,,,N,F,,C,2014_07_PA0028800_NIBRS,
6621258,15791,8,2014,U,,,N,F,,C,2014_08_PA0028800_NIBRS,
6643708,15791,9,2014,U,,,N,F,,C,2014_09_PA0028800_NIBRS,
6666158,15791,10,2014,U,,,N,F,,C,2014_10_PA0028800_NIBRS,
6688608,15791,11,2014,U,,,N,F,,C,2014_11_PA0028800_NIBRS,
6711058,15791,12,2014,U,,,N,F,,C,2014_12_PA0028800_NIBRS,
6464065,15748,1,2014,U,,,N,F,,C,2014_01_PA0024100_NIBRS,
6486515,15748,2,2014,U,,,N,F,,C,2014_02_PA0024100_NIBRS,
6508965,15748,3,2014,U,,,N,F,,C,2014_03_PA0024100_NIBRS,
6531415,15748,4,2014,U,,,N,F,,C,2014_04_PA0024100_NIBRS,
6553865,15748,5,2014,U,,,N,F,,C,2014_05_PA0024100_NIBRS,
6576315,15748,6,2014,U,,,N,F,,C,2014_06_PA0024100_NIBRS,
6598765,15748,7,2014,U,,,N,F,,C,2014_07_PA0024100_NIBRS,
6621215,15748,8,2014,U,,,N,F,,C,2014_08_PA0024100_NIBRS,
6643665,15748,9,2014,U,,,N,F,,C,2014_09_PA0024100_NIBRS,
6666115,15748,10,2014,U,,,N,F,,C,2014_10_PA0024100_NIBRS,
6688565,15748,11,2014,U,,,N,F,,C,2014_11_PA0024100_NIBRS,
6711015,15748,12,2014,U,,,N,F,,C,2014_12_PA0024100_NIBRS,
6464066,15749,1,2014,U,,,N,F,,C,2014_01_PA0024200_NIBRS,
6486516,15749,2,2014,U,,,N,F,,C,2014_02_PA0024200_NIBRS,
6508966,15749,3,2014,U,,,N,F,,C,2014_03_PA0024200_NIBRS,
6531416,15749,4,2014,U,,,N,F,,C,2014_04_PA0024200_NIBRS,
6553866,15749,5,2014,U,,,N,F,,C,2014_05_PA0024200_NIBRS,
6576316,15749,6,2014,U,,,N,F,,C,2014_06_PA0024200_NIBRS,
6598766,15749,7,2014,U,,,N,F,,C,2014_07_PA0024200_NIBRS,
6621216,15749,8,2014,U,,,N,F,,C,2014_08_PA0024200_NIBRS,
6643666,15749,9,2014,U,,,N,F,,C,2014_09_PA0024200_NIBRS,
6666116,15749,10,2014,U,,,N,F,,C,2014_10_PA0024200_NIBRS,
6688566,15749,11,2014,U,,,N,F,,C,2014_11_PA0024200_NIBRS,
6711016,15749,12,2014,U,,,N,F,,C,2014_12_PA0024200_NIBRS,
6464067,15750,1,2014,U,,,N,F,,C,2014_01_PA0024300_NIBRS,
6486517,15750,2,2014,U,,,N,F,,C,2014_02_PA0024300_NIBRS,
6508967,15750,3,2014,U,,,N,F,,C,2014_03_PA0024300_NIBRS,
6531417,15750,4,2014,U,,,N,F,,C,2014_04_PA0024300_NIBRS,
6553867,15750,5,2014,U,,,N,F,,C,2014_05_PA0024300_NIBRS,
6576317,15750,6,2014,U,,,N,F,,C,2014_06_PA0024300_NIBRS,
6598767,15750,7,2014,U,,,N,F,,C,2014_07_PA0024300_NIBRS,
6621217,15750,8,2014,U,,,N,F,,C,2014_08_PA0024300_NIBRS,
6643667,15750,9,2014,U,,,N,F,,C,2014_09_PA0024300_NIBRS,
6666117,15750,10,2014,U,,,N,F,,C,2014_10_PA0024300_NIBRS,
6688567,15750,11,2014,U,,,N,F,,C,2014_11_PA0024300_NIBRS,
6711017,15750,12,2014,U,,,N,F,,C,2014_12_PA0024300_NIBRS,
6464068,15751,1,2014,U,,,N,F,,C,2014_01_PA0024400_NIBRS,
6486518,15751,2,2014,U,,,N,F,,C,2014_02_PA0024400_NIBRS,
6508968,15751,3,2014,U,,,N,F,,C,2014_03_PA0024400_NIBRS,
6531418,15751,4,2014,U,,,N,F,,C,2014_04_PA0024400_NIBRS,
6553868,15751,5,2014,U,,,N,F,,C,2014_05_PA0024400_NIBRS,
6576318,15751,6,2014,U,,,N,F,,C,2014_06_PA0024400_NIBRS,
6598768,15751,7,2014,U,,,N,F,,C,2014_07_PA0024400_NIBRS,
6621218,15751,8,2014,U,,,N,F,,C,2014_08_PA0024400_NIBRS,
6643668,15751,9,2014,U,,,N,F,,C,2014_09_PA0024400_NIBRS,
6666118,15751,10,2014,U,,,N,F,,C,2014_10_PA0024400_NIBRS,
6688568,15751,11,2014,U,,,N,F,,C,2014_11_PA0024400_NIBRS,
6711018,15751,12,2014,U,,,N,F,,C,2014_12_PA0024400_NIBRS,
6464069,15752,1,2014,U,,,N,F,,C,2014_01_PA0024500_NIBRS,
6486519,15752,2,2014,U,,,N,F,,C,2014_02_PA0024500_NIBRS,
6508969,15752,3,2014,U,,,N,F,,C,2014_03_PA0024500_NIBRS,
6531419,15752,4,2014,U,,,N,F,,C,2014_04_PA0024500_NIBRS,
6553869,15752,5,2014,U,,,N,F,,C,2014_05_PA0024500_NIBRS,
6576319,15752,6,2014,U,,,N,F,,C,2014_06_PA0024500_NIBRS,
6598769,15752,7,2014,U,,,N,F,,C,2014_07_PA0024500_NIBRS,
6621219,15752,8,2014,U,,,N,F,,C,2014_08_PA0024500_NIBRS,
6643669,15752,9,2014,U,,,N,F,,C,2014_09_PA0024500_NIBRS,
6666119,15752,10,2014,U,,,N,F,,C,2014_10_PA0024500_NIBRS,
6688569,15752,11,2014,U,,,N,F,,C,2014_11_PA0024500_NIBRS,
6711019,15752,12,2014,U,,,N,F,,C,2014_12_PA0024500_NIBRS,
6464070,15753,1,2014,U,,,N,F,,C,2014_01_PA0024600_NIBRS,
6486520,15753,2,2014,U,,,N,F,,C,2014_02_PA0024600_NIBRS,
6508970,15753,3,2014,U,,,N,F,,C,2014_03_PA0024600_NIBRS,
6531420,15753,4,2014,U,,,N,F,,C,2014_04_PA0024600_NIBRS,
6553870,15753,5,2014,U,,,N,F,,C,2014_05_PA0024600_NIBRS,
6576320,15753,6,2014,U,,,N,F,,C,2014_06_PA0024600_NIBRS,
6598770,15753,7,2014,U,,,N,F,,C,2014_07_PA0024600_NIBRS,
6621220,15753,8,2014,U,,,N,F,,C,2014_08_PA0024600_NIBRS,
6643670,15753,9,2014,U,,,N,F,,C,2014_09_PA0024600_NIBRS,
6666120,15753,10,2014,U,,,N,F,,C,2014_10_PA0024600_NIBRS,
6688570,15753,11,2014,U,,,N,F,,C,2014_11_PA0024600_NIBRS,
6711020,15753,12,2014,U,,,N,F,,C,2014_12_PA0024600_NIBRS,
6464071,15754,1,2014,U,,,N,F,,C,2014_01_PA0024700_NIBRS,
6486521,15754,2,2014,U,,,N,F,,C,2014_02_PA0024700_NIBRS,
6508971,15754,3,2014,U,,,N,F,,C,2014_03_PA0024700_NIBRS,
6531421,15754,4,2014,U,,,N,F,,C,2014_04_PA0024700_NIBRS,
6553871,15754,5,2014,U,,,N,F,,C,2014_05_PA0024700_NIBRS,
6576321,15754,6,2014,U,,,N,F,,C,2014_06_PA0024700_NIBRS,
6598771,15754,7,2014,U,,,N,F,,C,2014_07_PA0024700_NIBRS,
6621221,15754,8,2014,U,,,N,F,,C,2014_08_PA0024700_NIBRS,
6643671,15754,9,2014,U,,,N,F,,C,2014_09_PA0024700_NIBRS,
6666121,15754,10,2014,U,,,N,F,,C,2014_10_PA0024700_NIBRS,
6688571,15754,11,2014,U,,,N,F,,C,2014_11_PA0024700_NIBRS,
6711021,15754,12,2014,U,,,N,F,,C,2014_12_PA0024700_NIBRS,
6464054,15737,1,2014,U,,,N,F,,C,2014_01_PA0022D00_NIBRS,
6486504,15737,2,2014,U,,,N,F,,C,2014_02_PA0022D00_NIBRS,
6508954,15737,3,2014,U,,,N,F,,C,2014_03_PA0022D00_NIBRS,
6531404,15737,4,2014,U,,,N,F,,C,2014_04_PA0022D00_NIBRS,
6553854,15737,5,2014,U,,,N,F,,C,2014_05_PA0022D00_NIBRS,
6576304,15737,6,2014,U,,,N,F,,C,2014_06_PA0022D00_NIBRS,
6598754,15737,7,2014,U,,,N,F,,C,2014_07_PA0022D00_NIBRS,
6621204,15737,8,2014,U,,,N,F,,C,2014_08_PA0022D00_NIBRS,
6643654,15737,9,2014,U,,,N,F,,C,2014_09_PA0022D00_NIBRS,
6666104,15737,10,2014,U,,,N,F,,C,2014_10_PA0022D00_NIBRS,
6688554,15737,11,2014,U,,,N,F,,C,2014_11_PA0022D00_NIBRS,
6711004,15737,12,2014,U,,,N,F,,C,2014_12_PA0022D00_NIBRS,
6464055,15738,1,2014,U,,,N,F,,C,2014_01_PA0023000_NIBRS,
6486505,15738,2,2014,U,,,N,F,,C,2014_02_PA0023000_NIBRS,
6508955,15738,3,2014,U,,,N,F,,C,2014_03_PA0023000_NIBRS,
6531405,15738,4,2014,U,,,N,F,,C,2014_04_PA0023000_NIBRS,
6553855,15738,5,2014,U,,,N,F,,C,2014_05_PA0023000_NIBRS,
6576305,15738,6,2014,U,,,N,F,,C,2014_06_PA0023000_NIBRS,
6598755,15738,7,2014,U,,,N,F,,C,2014_07_PA0023000_NIBRS,
6621205,15738,8,2014,U,,,N,F,,C,2014_08_PA0023000_NIBRS,
6643655,15738,9,2014,U,,,N,F,,C,2014_09_PA0023000_NIBRS,
6666105,15738,10,2014,U,,,N,F,,C,2014_10_PA0023000_NIBRS,
6688555,15738,11,2014,U,,,N,F,,C,2014_11_PA0023000_NIBRS,
6711005,15738,12,2014,U,,,N,F,,C,2014_12_PA0023000_NIBRS,
6464056,15739,1,2014,U,,,N,F,,C,2014_01_PA0023100_NIBRS,
6486506,15739,2,2014,U,,,N,F,,C,2014_02_PA0023100_NIBRS,
6508956,15739,3,2014,U,,,N,F,,C,2014_03_PA0023100_NIBRS,
6531406,15739,4,2014,U,,,N,F,,C,2014_04_PA0023100_NIBRS,
6553856,15739,5,2014,U,,,N,F,,C,2014_05_PA0023100_NIBRS,
6576306,15739,6,2014,U,,,N,F,,C,2014_06_PA0023100_NIBRS,
6598756,15739,7,2014,U,,,N,F,,C,2014_07_PA0023100_NIBRS,
6621206,15739,8,2014,U,,,N,F,,C,2014_08_PA0023100_NIBRS,
6643656,15739,9,2014,U,,,N,F,,C,2014_09_PA0023100_NIBRS,
6666106,15739,10,2014,U,,,N,F,,C,2014_10_PA0023100_NIBRS,
6688556,15739,11,2014,U,,,N,F,,C,2014_11_PA0023100_NIBRS,
6711006,15739,12,2014,U,,,N,F,,C,2014_12_PA0023100_NIBRS,
6464057,15740,1,2014,U,,,N,F,,C,2014_01_PA0023200_NIBRS,
6486507,15740,2,2014,U,,,N,F,,C,2014_02_PA0023200_NIBRS,
6508957,15740,3,2014,U,,,N,F,,C,2014_03_PA0023200_NIBRS,
6531407,15740,4,2014,U,,,N,F,,C,2014_04_PA0023200_NIBRS,
6553857,15740,5,2014,U,,,N,F,,C,2014_05_PA0023200_NIBRS,
6576307,15740,6,2014,U,,,N,F,,C,2014_06_PA0023200_NIBRS,
6598757,15740,7,2014,U,,,N,F,,C,2014_07_PA0023200_NIBRS,
6621207,15740,8,2014,U,,,N,F,,C,2014_08_PA0023200_NIBRS,
6643657,15740,9,2014,U,,,N,F,,C,2014_09_PA0023200_NIBRS,
6666107,15740,10,2014,U,,,N,F,,C,2014_10_PA0023200_NIBRS,
6688557,15740,11,2014,U,,,N,F,,C,2014_11_PA0023200_NIBRS,
6711007,15740,12,2014,U,,,N,F,,C,2014_12_PA0023200_NIBRS,
6464058,15741,1,2014,U,,,N,F,,C,2014_01_PA0023300_NIBRS,
6486508,15741,2,2014,U,,,N,F,,C,2014_02_PA0023300_NIBRS,
6508958,15741,3,2014,U,,,N,F,,C,2014_03_PA0023300_NIBRS,
6531408,15741,4,2014,U,,,N,F,,C,2014_04_PA0023300_NIBRS,
6553858,15741,5,2014,U,,,N,F,,C,2014_05_PA0023300_NIBRS,
6576308,15741,6,2014,U,,,N,F,,C,2014_06_PA0023300_NIBRS,
6598758,15741,7,2014,U,,,N,F,,C,2014_07_PA0023300_NIBRS,
6621208,15741,8,2014,U,,,N,F,,C,2014_08_PA0023300_NIBRS,
6643658,15741,9,2014,U,,,N,F,,C,2014_09_PA0023300_NIBRS,
6666108,15741,10,2014,U,,,N,F,,C,2014_10_PA0023300_NIBRS,
6688558,15741,11,2014,U,,,N,F,,C,2014_11_PA0023300_NIBRS,
6711008,15741,12,2014,U,,,N,F,,C,2014_12_PA0023300_NIBRS,
6464059,15742,1,2014,U,,,N,F,,C,2014_01_PA0023400_NIBRS,
6486509,15742,2,2014,U,,,N,F,,C,2014_02_PA0023400_NIBRS,
6508959,15742,3,2014,U,,,N,F,,C,2014_03_PA0023400_NIBRS,
6531409,15742,4,2014,U,,,N,F,,C,2014_04_PA0023400_NIBRS,
6553859,15742,5,2014,U,,,N,F,,C,2014_05_PA0023400_NIBRS,
6576309,15742,6,2014,U,,,N,F,,C,2014_06_PA0023400_NIBRS,
6598759,15742,7,2014,U,,,N,F,,C,2014_07_PA0023400_NIBRS,
6621209,15742,8,2014,U,,,N,F,,C,2014_08_PA0023400_NIBRS,
6643659,15742,9,2014,U,,,N,F,,C,2014_09_PA0023400_NIBRS,
6666109,15742,10,2014,U,,,N,F,,C,2014_10_PA0023400_NIBRS,
6688559,15742,11,2014,U,,,N,F,,C,2014_11_PA0023400_NIBRS,
6711009,15742,12,2014,U,,,N,F,,C,2014_12_PA0023400_NIBRS,
6464060,15743,1,2014,U,,,N,F,,C,2014_01_PA0023500_NIBRS,
6486510,15743,2,2014,U,,,N,F,,C,2014_02_PA0023500_NIBRS,
6508960,15743,3,2014,U,,,N,F,,C,2014_03_PA0023500_NIBRS,
6531410,15743,4,2014,U,,,N,F,,C,2014_04_PA0023500_NIBRS,
6553860,15743,5,2014,U,,,N,F,,C,2014_05_PA0023500_NIBRS,
6576310,15743,6,2014,U,,,N,F,,C,2014_06_PA0023500_NIBRS,
6598760,15743,7,2014,U,,,N,F,,C,2014_07_PA0023500_NIBRS,
6621210,15743,8,2014,U,,,N,F,,C,2014_08_PA0023500_NIBRS,
6643660,15743,9,2014,U,,,N,F,,C,2014_09_PA0023500_NIBRS,
6666110,15743,10,2014,U,,,N,F,,C,2014_10_PA0023500_NIBRS,
6688560,15743,11,2014,U,,,N,F,,C,2014_11_PA0023500_NIBRS,
6711010,15743,12,2014,U,,,N,F,,C,2014_12_PA0023500_NIBRS,
6464006,15689,1,2014,U,,,N,F,,C,2014_01_PA0020J00_NIBRS,
6486456,15689,2,2014,U,,,N,F,,C,2014_02_PA0020J00_NIBRS,
6508906,15689,3,2014,U,,,N,F,,C,2014_03_PA0020J00_NIBRS,
6531356,15689,4,2014,U,,,N,F,,C,2014_04_PA0020J00_NIBRS,
6553806,15689,5,2014,U,,,N,F,,C,2014_05_PA0020J00_NIBRS,
6576256,15689,6,2014,U,,,N,F,,C,2014_06_PA0020J00_NIBRS,
6598706,15689,7,2014,U,,,N,F,,C,2014_07_PA0020J00_NIBRS,
6621156,15689,8,2014,U,,,N,F,,C,2014_08_PA0020J00_NIBRS,
6643606,15689,9,2014,U,,,N,F,,C,2014_09_PA0020J00_NIBRS,
6666056,15689,10,2014,U,,,N,F,,C,2014_10_PA0020J00_NIBRS,
6688506,15689,11,2014,U,,,N,F,,C,2014_11_PA0020J00_NIBRS,
6710956,15689,12,2014,U,,,N,F,,C,2014_12_PA0020J00_NIBRS,
6464007,15690,1,2014,U,,,N,F,,C,2014_01_PA0020K00_NIBRS,
6486457,15690,2,2014,U,,,N,F,,C,2014_02_PA0020K00_NIBRS,
6508907,15690,3,2014,U,,,N,F,,C,2014_03_PA0020K00_NIBRS,
6531357,15690,4,2014,U,,,N,F,,C,2014_04_PA0020K00_NIBRS,
6553807,15690,5,2014,U,,,N,F,,C,2014_05_PA0020K00_NIBRS,
6576257,15690,6,2014,U,,,N,F,,C,2014_06_PA0020K00_NIBRS,
6598707,15690,7,2014,U,,,N,F,,C,2014_07_PA0020K00_NIBRS,
6621157,15690,8,2014,U,,,N,F,,C,2014_08_PA0020K00_NIBRS,
6643607,15690,9,2014,U,,,N,F,,C,2014_09_PA0020K00_NIBRS,
6666057,15690,10,2014,U,,,N,F,,C,2014_10_PA0020K00_NIBRS,
6688507,15690,11,2014,U,,,N,F,,C,2014_11_PA0020K00_NIBRS,
6710957,15690,12,2014,U,,,N,F,,C,2014_12_PA0020K00_NIBRS,
6464008,15691,1,2014,U,,,N,F,,C,2014_01_PA0020L00_NIBRS,
6486458,15691,2,2014,U,,,N,F,,C,2014_02_PA0020L00_NIBRS,
6508908,15691,3,2014,U,,,N,F,,C,2014_03_PA0020L00_NIBRS,
6531358,15691,4,2014,U,,,N,F,,C,2014_04_PA0020L00_NIBRS,
6553808,15691,5,2014,U,,,N,F,,C,2014_05_PA0020L00_NIBRS,
6576258,15691,6,2014,U,,,N,F,,C,2014_06_PA0020L00_NIBRS,
6598708,15691,7,2014,U,,,N,F,,C,2014_07_PA0020L00_NIBRS,
6621158,15691,8,2014,U,,,N,F,,C,2014_08_PA0020L00_NIBRS,
6643608,15691,9,2014,U,,,N,F,,C,2014_09_PA0020L00_NIBRS,
6666058,15691,10,2014,U,,,N,F,,C,2014_10_PA0020L00_NIBRS,
6688508,15691,11,2014,U,,,N,F,,C,2014_11_PA0020L00_NIBRS,
6710958,15691,12,2014,U,,,N,F,,C,2014_12_PA0020L00_NIBRS,
6464009,15692,1,2014,U,,,N,F,,C,2014_01_PA0020M00_NIBRS,
6486459,15692,2,2014,U,,,N,F,,C,2014_02_PA0020M00_NIBRS,
6508909,15692,3,2014,U,,,N,F,,C,2014_03_PA0020M00_NIBRS,
6531359,15692,4,2014,U,,,N,F,,C,2014_04_PA0020M00_NIBRS,
6553809,15692,5,2014,U,,,N,F,,C,2014_05_PA0020M00_NIBRS,
6576259,15692,6,2014,U,,,N,F,,C,2014_06_PA0020M00_NIBRS,
6598709,15692,7,2014,U,,,N,F,,C,2014_07_PA0020M00_NIBRS,
6621159,15692,8,2014,U,,,N,F,,C,2014_08_PA0020M00_NIBRS,
6643609,15692,9,2014,U,,,N,F,,C,2014_09_PA0020M00_NIBRS,
6666059,15692,10,2014,U,,,N,F,,C,2014_10_PA0020M00_NIBRS,
6688509,15692,11,2014,U,,,N,F,,C,2014_11_PA0020M00_NIBRS,
6710959,15692,12,2014,U,,,N,F,,C,2014_12_PA0020M00_NIBRS,
6464010,15693,1,2014,U,,,N,F,,C,2014_01_PA0020N00_NIBRS,
6486460,15693,2,2014,U,,,N,F,,C,2014_02_PA0020N00_NIBRS,
6508910,15693,3,2014,U,,,N,F,,C,2014_03_PA0020N00_NIBRS,
6531360,15693,4,2014,U,,,N,F,,C,2014_04_PA0020N00_NIBRS,
6553810,15693,5,2014,U,,,N,F,,C,2014_05_PA0020N00_NIBRS,
6576260,15693,6,2014,U,,,N,F,,C,2014_06_PA0020N00_NIBRS,
6598710,15693,7,2014,U,,,N,F,,C,2014_07_PA0020N00_NIBRS,
6621160,15693,8,2014,U,,,N,F,,C,2014_08_PA0020N00_NIBRS,
6643610,15693,9,2014,U,,,N,F,,C,2014_09_PA0020N00_NIBRS,
6666060,15693,10,2014,U,,,N,F,,C,2014_10_PA0020N00_NIBRS,
6688510,15693,11,2014,U,,,N,F,,C,2014_11_PA0020N00_NIBRS,
6710960,15693,12,2014,U,,,N,F,,C,2014_12_PA0020N00_NIBRS,
6464011,15694,1,2014,U,,,N,F,,C,2014_01_PA0020P00_NIBRS,
6486461,15694,2,2014,U,,,N,F,,C,2014_02_PA0020P00_NIBRS,
6508911,15694,3,2014,U,,,N,F,,C,2014_03_PA0020P00_NIBRS,
6531361,15694,4,2014,U,,,N,F,,C,2014_04_PA0020P00_NIBRS,
6553811,15694,5,2014,U,,,N,F,,C,2014_05_PA0020P00_NIBRS,
6576261,15694,6,2014,U,,,N,F,,C,2014_06_PA0020P00_NIBRS,
6598711,15694,7,2014,U,,,N,F,,C,2014_07_PA0020P00_NIBRS,
6621161,15694,8,2014,U,,,N,F,,C,2014_08_PA0020P00_NIBRS,
6643611,15694,9,2014,U,,,N,F,,C,2014_09_PA0020P00_NIBRS,
6666061,15694,10,2014,U,,,N,F,,C,2014_10_PA0020P00_NIBRS,
6688511,15694,11,2014,U,,,N,F,,C,2014_11_PA0020P00_NIBRS,
6710961,15694,12,2014,U,,,N,F,,C,2014_12_PA0020P00_NIBRS,
6464012,15695,1,2014,U,,,N,F,,C,2014_01_PA0020R00_NIBRS,
6486462,15695,2,2014,U,,,N,F,,C,2014_02_PA0020R00_NIBRS,
6508912,15695,3,2014,U,,,N,F,,C,2014_03_PA0020R00_NIBRS,
6531362,15695,4,2014,U,,,N,F,,C,2014_04_PA0020R00_NIBRS,
6553812,15695,5,2014,U,,,N,F,,C,2014_05_PA0020R00_NIBRS,
6576262,15695,6,2014,U,,,N,F,,C,2014_06_PA0020R00_NIBRS,
6598712,15695,7,2014,U,,,N,F,,C,2014_07_PA0020R00_NIBRS,
6621162,15695,8,2014,U,,,N,F,,C,2014_08_PA0020R00_NIBRS,
6643612,15695,9,2014,U,,,N,F,,C,2014_09_PA0020R00_NIBRS,
6666062,15695,10,2014,U,,,N,F,,C,2014_10_PA0020R00_NIBRS,
6688512,15695,11,2014,U,,,N,F,,C,2014_11_PA0020R00_NIBRS,
6710962,15695,12,2014,U,,,N,F,,C,2014_12_PA0020R00_NIBRS,
6464013,15696,1,2014,U,,,N,F,,C,2014_01_PA0020S00_NIBRS,
6486463,15696,2,2014,U,,,N,F,,C,2014_02_PA0020S00_NIBRS,
6508913,15696,3,2014,U,,,N,F,,C,2014_03_PA0020S00_NIBRS,
6531363,15696,4,2014,U,,,N,F,,C,2014_04_PA0020S00_NIBRS,
6553813,15696,5,2014,U,,,N,F,,C,2014_05_PA0020S00_NIBRS,
6576263,15696,6,2014,U,,,N,F,,C,2014_06_PA0020S00_NIBRS,
6598713,15696,7,2014,U,,,N,F,,C,2014_07_PA0020S00_NIBRS,
6621163,15696,8,2014,U,,,N,F,,C,2014_08_PA0020S00_NIBRS,
6643613,15696,9,2014,U,,,N,F,,C,2014_09_PA0020S00_NIBRS,
6666063,15696,10,2014,U,,,N,F,,C,2014_10_PA0020S00_NIBRS,
6688513,15696,11,2014,U,,,N,F,,C,2014_11_PA0020S00_NIBRS,
6710963,15696,12,2014,U,,,N,F,,C,2014_12_PA0020S00_NIBRS,
6464014,15697,1,2014,U,,,N,F,,C,2014_01_PA0020T00_NIBRS,
6486464,15697,2,2014,U,,,N,F,,C,2014_02_PA0020T00_NIBRS,
6508914,15697,3,2014,U,,,N,F,,C,2014_03_PA0020T00_NIBRS,
6531364,15697,4,2014,U,,,N,F,,C,2014_04_PA0020T00_NIBRS,
6553814,15697,5,2014,U,,,N,F,,C,2014_05_PA0020T00_NIBRS,
6576264,15697,6,2014,U,,,N,F,,C,2014_06_PA0020T00_NIBRS,
6598714,15697,7,2014,U,,,N,F,,C,2014_07_PA0020T00_NIBRS,
6621164,15697,8,2014,U,,,N,F,,C,2014_08_PA0020T00_NIBRS,
6643614,15697,9,2014,U,,,N,F,,C,2014_09_PA0020T00_NIBRS,
6666064,15697,10,2014,U,,,N,F,,C,2014_10_PA0020T00_NIBRS,
6688514,15697,11,2014,U,,,N,F,,C,2014_11_PA0020T00_NIBRS,
6710964,15697,12,2014,U,,,N,F,,C,2014_12_PA0020T00_NIBRS,
6464015,15698,1,2014,U,,,N,F,,C,2014_01_PA0020V00_NIBRS,
6486465,15698,2,2014,U,,,N,F,,C,2014_02_PA0020V00_NIBRS,
6508915,15698,3,2014,U,,,N,F,,C,2014_03_PA0020V00_NIBRS,
6531365,15698,4,2014,U,,,N,F,,C,2014_04_PA0020V00_NIBRS,
6553815,15698,5,2014,U,,,N,F,,C,2014_05_PA0020V00_NIBRS,
6576265,15698,6,2014,U,,,N,F,,C,2014_06_PA0020V00_NIBRS,
6598715,15698,7,2014,U,,,N,F,,C,2014_07_PA0020V00_NIBRS,
6621165,15698,8,2014,U,,,N,F,,C,2014_08_PA0020V00_NIBRS,
6643615,15698,9,2014,U,,,N,F,,C,2014_09_PA0020V00_NIBRS,
6666065,15698,10,2014,U,,,N,F,,C,2014_10_PA0020V00_NIBRS,
6688515,15698,11,2014,U,,,N,F,,C,2014_11_PA0020V00_NIBRS,
6710965,15698,12,2014,U,,,N,F,,C,2014_12_PA0020V00_NIBRS,
6464016,15699,1,2014,U,,,N,F,,C,2014_01_PA0020W00_NIBRS,
6486466,15699,2,2014,U,,,N,F,,C,2014_02_PA0020W00_NIBRS,
6508916,15699,3,2014,U,,,N,F,,C,2014_03_PA0020W00_NIBRS,
6531366,15699,4,2014,U,,,N,F,,C,2014_04_PA0020W00_NIBRS,
6553816,15699,5,2014,U,,,N,F,,C,2014_05_PA0020W00_NIBRS,
6576266,15699,6,2014,U,,,N,F,,C,2014_06_PA0020W00_NIBRS,
6598716,15699,7,2014,U,,,N,F,,C,2014_07_PA0020W00_NIBRS,
6621166,15699,8,2014,U,,,N,F,,C,2014_08_PA0020W00_NIBRS,
6643616,15699,9,2014,U,,,N,F,,C,2014_09_PA0020W00_NIBRS,
6666066,15699,10,2014,U,,,N,F,,C,2014_10_PA0020W00_NIBRS,
6688516,15699,11,2014,U,,,N,F,,C,2014_11_PA0020W00_NIBRS,
6710966,15699,12,2014,U,,,N,F,,C,2014_12_PA0020W00_NIBRS,
6464017,15700,1,2014,U,,,N,F,,C,2014_01_PA0020X00_NIBRS,
6486467,15700,2,2014,U,,,N,F,,C,2014_02_PA0020X00_NIBRS,
6508917,15700,3,2014,U,,,N,F,,C,2014_03_PA0020X00_NIBRS,
6531367,15700,4,2014,U,,,N,F,,C,2014_04_PA0020X00_NIBRS,
6553817,15700,5,2014,U,,,N,F,,C,2014_05_PA0020X00_NIBRS,
6576267,15700,6,2014,U,,,N,F,,C,2014_06_PA0020X00_NIBRS,
6598717,15700,7,2014,U,,,N,F,,C,2014_07_PA0020X00_NIBRS,
6621167,15700,8,2014,U,,,N,F,,C,2014_08_PA0020X00_NIBRS,
6643617,15700,9,2014,U,,,N,F,,C,2014_09_PA0020X00_NIBRS,
6666067,15700,10,2014,U,,,N,F,,C,2014_10_PA0020X00_NIBRS,
6688517,15700,11,2014,U,,,N,F,,C,2014_11_PA0020X00_NIBRS,
6710967,15700,12,2014,U,,,N,F,,C,2014_12_PA0020X00_NIBRS,
6464018,15701,1,2014,U,,,N,F,,C,2014_01_PA0020Y00_NIBRS,
6486468,15701,2,2014,U,,,N,F,,C,2014_02_PA0020Y00_NIBRS,
6508918,15701,3,2014,U,,,N,F,,C,2014_03_PA0020Y00_NIBRS,
6531368,15701,4,2014,U,,,N,F,,C,2014_04_PA0020Y00_NIBRS,
6553818,15701,5,2014,U,,,N,F,,C,2014_05_PA0020Y00_NIBRS,
6576268,15701,6,2014,U,,,N,F,,C,2014_06_PA0020Y00_NIBRS,
6598718,15701,7,2014,U,,,N,F,,C,2014_07_PA0020Y00_NIBRS,
6621168,15701,8,2014,U,,,N,F,,C,2014_08_PA0020Y00_NIBRS,
6643618,15701,9,2014,U,,,N,F,,C,2014_09_PA0020Y00_NIBRS,
6666068,15701,10,2014,U,,,N,F,,C,2014_10_PA0020Y00_NIBRS,
6688518,15701,11,2014,U,,,N,F,,C,2014_11_PA0020Y00_NIBRS,
6710968,15701,12,2014,U,,,N,F,,C,2014_12_PA0020Y00_NIBRS,
6464072,15755,1,2014,U,,,N,F,,C,2014_01_PA0024800_NIBRS,
6486522,15755,2,2014,U,,,N,F,,C,2014_02_PA0024800_NIBRS,
6508972,15755,3,2014,U,,,N,F,,C,2014_03_PA0024800_NIBRS,
6531422,15755,4,2014,U,,,N,F,,C,2014_04_PA0024800_NIBRS,
6553872,15755,5,2014,U,,,N,F,,C,2014_05_PA0024800_NIBRS,
6576322,15755,6,2014,U,,,N,F,,C,2014_06_PA0024800_NIBRS,
6598772,15755,7,2014,U,,,N,F,,C,2014_07_PA0024800_NIBRS,
6621222,15755,8,2014,U,,,N,F,,C,2014_08_PA0024800_NIBRS,
6643672,15755,9,2014,U,,,N,F,,C,2014_09_PA0024800_NIBRS,
6666122,15755,10,2014,U,,,N,F,,C,2014_10_PA0024800_NIBRS,
6688572,15755,11,2014,U,,,N,F,,C,2014_11_PA0024800_NIBRS,
6711022,15755,12,2014,U,,,N,F,,C,2014_12_PA0024800_NIBRS,
6464073,15756,1,2014,U,,,N,F,,C,2014_01_PA0024900_NIBRS,
6486523,15756,2,2014,U,,,N,F,,C,2014_02_PA0024900_NIBRS,
6508973,15756,3,2014,U,,,N,F,,C,2014_03_PA0024900_NIBRS,
6531423,15756,4,2014,U,,,N,F,,C,2014_04_PA0024900_NIBRS,
6553873,15756,5,2014,U,,,N,F,,C,2014_05_PA0024900_NIBRS,
6576323,15756,6,2014,U,,,N,F,,C,2014_06_PA0024900_NIBRS,
6598773,15756,7,2014,U,,,N,F,,C,2014_07_PA0024900_NIBRS,
6621223,15756,8,2014,U,,,N,F,,C,2014_08_PA0024900_NIBRS,
6643673,15756,9,2014,U,,,N,F,,C,2014_09_PA0024900_NIBRS,
6666123,15756,10,2014,U,,,N,F,,C,2014_10_PA0024900_NIBRS,
6688573,15756,11,2014,U,,,N,F,,C,2014_11_PA0024900_NIBRS,
6711023,15756,12,2014,U,,,N,F,,C,2014_12_PA0024900_NIBRS,
6464074,15757,1,2014,U,,,N,F,,C,2014_01_PA0025000_NIBRS,
6486524,15757,2,2014,U,,,N,F,,C,2014_02_PA0025000_NIBRS,
6508974,15757,3,2014,U,,,N,F,,C,2014_03_PA0025000_NIBRS,
6531424,15757,4,2014,U,,,N,F,,C,2014_04_PA0025000_NIBRS,
6553874,15757,5,2014,U,,,N,F,,C,2014_05_PA0025000_NIBRS,
6576324,15757,6,2014,U,,,N,F,,C,2014_06_PA0025000_NIBRS,
6598774,15757,7,2014,U,,,N,F,,C,2014_07_PA0025000_NIBRS,
6621224,15757,8,2014,U,,,N,F,,C,2014_08_PA0025000_NIBRS,
6643674,15757,9,2014,U,,,N,F,,C,2014_09_PA0025000_NIBRS,
6666124,15757,10,2014,U,,,N,F,,C,2014_10_PA0025000_NIBRS,
6688574,15757,11,2014,U,,,N,F,,C,2014_11_PA0025000_NIBRS,
6711024,15757,12,2014,U,,,N,F,,C,2014_12_PA0025000_NIBRS,
6464075,15758,1,2014,U,,,N,F,,C,2014_01_PA0025100_NIBRS,
6486525,15758,2,2014,U,,,N,F,,C,2014_02_PA0025100_NIBRS,
6508975,15758,3,2014,U,,,N,F,,C,2014_03_PA0025100_NIBRS,
6531425,15758,4,2014,U,,,N,F,,C,2014_04_PA0025100_NIBRS,
6553875,15758,5,2014,U,,,N,F,,C,2014_05_PA0025100_NIBRS,
6576325,15758,6,2014,U,,,N,F,,C,2014_06_PA0025100_NIBRS,
6598775,15758,7,2014,U,,,N,F,,C,2014_07_PA0025100_NIBRS,
6621225,15758,8,2014,U,,,N,F,,C,2014_08_PA0025100_NIBRS,
6643675,15758,9,2014,U,,,N,F,,C,2014_09_PA0025100_NIBRS,
6666125,15758,10,2014,U,,,N,F,,C,2014_10_PA0025100_NIBRS,
6688575,15758,11,2014,U,,,N,F,,C,2014_11_PA0025100_NIBRS,
6711025,15758,12,2014,U,,,N,F,,C,2014_12_PA0025100_NIBRS,
6464076,15759,1,2014,U,,,N,F,,C,2014_01_PA0025200_NIBRS,
6486526,15759,2,2014,U,,,N,F,,C,2014_02_PA0025200_NIBRS,
6508976,15759,3,2014,U,,,N,F,,C,2014_03_PA0025200_NIBRS,
6531426,15759,4,2014,U,,,N,F,,C,2014_04_PA0025200_NIBRS,
6553876,15759,5,2014,U,,,N,F,,C,2014_05_PA0025200_NIBRS,
6576326,15759,6,2014,U,,,N,F,,C,2014_06_PA0025200_NIBRS,
6598776,15759,7,2014,U,,,N,F,,C,2014_07_PA0025200_NIBRS,
6621226,15759,8,2014,U,,,N,F,,C,2014_08_PA0025200_NIBRS,
6643676,15759,9,2014,U,,,N,F,,C,2014_09_PA0025200_NIBRS,
6666126,15759,10,2014,U,,,N,F,,C,2014_10_PA0025200_NIBRS,
6688576,15759,11,2014,U,,,N,F,,C,2014_11_PA0025200_NIBRS,
6711026,15759,12,2014,U,,,N,F,,C,2014_12_PA0025200_NIBRS,
6464077,15760,1,2014,U,,,N,F,,C,2014_01_PA0025300_NIBRS,
6486527,15760,2,2014,U,,,N,F,,C,2014_02_PA0025300_NIBRS,
6508977,15760,3,2014,U,,,N,F,,C,2014_03_PA0025300_NIBRS,
6531427,15760,4,2014,U,,,N,F,,C,2014_04_PA0025300_NIBRS,
6553877,15760,5,2014,U,,,N,F,,C,2014_05_PA0025300_NIBRS,
6576327,15760,6,2014,U,,,N,F,,C,2014_06_PA0025300_NIBRS,
6598777,15760,7,2014,U,,,N,F,,C,2014_07_PA0025300_NIBRS,
6621227,15760,8,2014,U,,,N,F,,C,2014_08_PA0025300_NIBRS,
6643677,15760,9,2014,U,,,N,F,,C,2014_09_PA0025300_NIBRS,
6666127,15760,10,2014,U,,,N,F,,C,2014_10_PA0025300_NIBRS,
6688577,15760,11,2014,U,,,N,F,,C,2014_11_PA0025300_NIBRS,
6711027,15760,12,2014,U,,,N,F,,C,2014_12_PA0025300_NIBRS,
6464078,15761,1,2014,U,,,N,F,,C,2014_01_PA0025400_NIBRS,
6486528,15761,2,2014,U,,,N,F,,C,2014_02_PA0025400_NIBRS,
6508978,15761,3,2014,U,,,N,F,,C,2014_03_PA0025400_NIBRS,
6531428,15761,4,2014,U,,,N,F,,C,2014_04_PA0025400_NIBRS,
6553878,15761,5,2014,U,,,N,F,,C,2014_05_PA0025400_NIBRS,
6576328,15761,6,2014,U,,,N,F,,C,2014_06_PA0025400_NIBRS,
6598778,15761,7,2014,U,,,N,F,,C,2014_07_PA0025400_NIBRS,
6621228,15761,8,2014,U,,,N,F,,C,2014_08_PA0025400_NIBRS,
6643678,15761,9,2014,U,,,N,F,,C,2014_09_PA0025400_NIBRS,
6666128,15761,10,2014,U,,,N,F,,C,2014_10_PA0025400_NIBRS,
6688578,15761,11,2014,U,,,N,F,,C,2014_11_PA0025400_NIBRS,
6711028,15761,12,2014,U,,,N,F,,C,2014_12_PA0025400_NIBRS,
6464079,15762,1,2014,U,,,N,F,,C,2014_01_PA0025500_NIBRS,
6486529,15762,2,2014,U,,,N,F,,C,2014_02_PA0025500_NIBRS,
6508979,15762,3,2014,U,,,N,F,,C,2014_03_PA0025500_NIBRS,
6531429,15762,4,2014,U,,,N,F,,C,2014_04_PA0025500_NIBRS,
6553879,15762,5,2014,U,,,N,F,,C,2014_05_PA0025500_NIBRS,
6576329,15762,6,2014,U,,,N,F,,C,2014_06_PA0025500_NIBRS,
6598779,15762,7,2014,U,,,N,F,,C,2014_07_PA0025500_NIBRS,
6621229,15762,8,2014,U,,,N,F,,C,2014_08_PA0025500_NIBRS,
6643679,15762,9,2014,U,,,N,F,,C,2014_09_PA0025500_NIBRS,
6666129,15762,10,2014,U,,,N,F,,C,2014_10_PA0025500_NIBRS,
6688579,15762,11,2014,U,,,N,F,,C,2014_11_PA0025500_NIBRS,
6711029,15762,12,2014,U,,,N,F,,C,2014_12_PA0025500_NIBRS,
6464080,15763,1,2014,U,,,N,F,,C,2014_01_PA0025600_NIBRS,
6486530,15763,2,2014,U,,,N,F,,C,2014_02_PA0025600_NIBRS,
6508980,15763,3,2014,U,,,N,F,,C,2014_03_PA0025600_NIBRS,
6531430,15763,4,2014,U,,,N,F,,C,2014_04_PA0025600_NIBRS,
6553880,15763,5,2014,U,,,N,F,,C,2014_05_PA0025600_NIBRS,
6576330,15763,6,2014,U,,,N,F,,C,2014_06_PA0025600_NIBRS,
6598780,15763,7,2014,U,,,N,F,,C,2014_07_PA0025600_NIBRS,
6621230,15763,8,2014,U,,,N,F,,C,2014_08_PA0025600_NIBRS,
6643680,15763,9,2014,U,,,N,F,,C,2014_09_PA0025600_NIBRS,
6666130,15763,10,2014,U,,,N,F,,C,2014_10_PA0025600_NIBRS,
6688580,15763,11,2014,U,,,N,F,,C,2014_11_PA0025600_NIBRS,
6711030,15763,12,2014,U,,,N,F,,C,2014_12_PA0025600_NIBRS,
6464081,15764,1,2014,U,,,N,F,,C,2014_01_PA0025700_NIBRS,
6486531,15764,2,2014,U,,,N,F,,C,2014_02_PA0025700_NIBRS,
6508981,15764,3,2014,U,,,N,F,,C,2014_03_PA0025700_NIBRS,
6531431,15764,4,2014,U,,,N,F,,C,2014_04_PA0025700_NIBRS,
6553881,15764,5,2014,U,,,N,F,,C,2014_05_PA0025700_NIBRS,
6576331,15764,6,2014,U,,,N,F,,C,2014_06_PA0025700_NIBRS,
6598781,15764,7,2014,U,,,N,F,,C,2014_07_PA0025700_NIBRS,
6621231,15764,8,2014,U,,,N,F,,C,2014_08_PA0025700_NIBRS,
6643681,15764,9,2014,U,,,N,F,,C,2014_09_PA0025700_NIBRS,
6666131,15764,10,2014,U,,,N,F,,C,2014_10_PA0025700_NIBRS,
6688581,15764,11,2014,U,,,N,F,,C,2014_11_PA0025700_NIBRS,
6711031,15764,12,2014,U,,,N,F,,C,2014_12_PA0025700_NIBRS,
6464082,15765,1,2014,U,,,N,F,,C,2014_01_PA0025800_NIBRS,
6486532,15765,2,2014,U,,,N,F,,C,2014_02_PA0025800_NIBRS,
6508982,15765,3,2014,U,,,N,F,,C,2014_03_PA0025800_NIBRS,
6531432,15765,4,2014,U,,,N,F,,C,2014_04_PA0025800_NIBRS,
6553882,15765,5,2014,U,,,N,F,,C,2014_05_PA0025800_NIBRS,
6576332,15765,6,2014,U,,,N,F,,C,2014_06_PA0025800_NIBRS,
6598782,15765,7,2014,U,,,N,F,,C,2014_07_PA0025800_NIBRS,
6621232,15765,8,2014,U,,,N,F,,C,2014_08_PA0025800_NIBRS,
6643682,15765,9,2014,U,,,N,F,,C,2014_09_PA0025800_NIBRS,
6666132,15765,10,2014,U,,,N,F,,C,2014_10_PA0025800_NIBRS,
6688582,15765,11,2014,U,,,N,F,,C,2014_11_PA0025800_NIBRS,
6711032,15765,12,2014,U,,,N,F,,C,2014_12_PA0025800_NIBRS,
6464083,15766,1,2014,I,,,N,F,,C,2014_01_PA0025900_NIBRS,
6486533,15766,2,2014,I,,,N,F,,C,2014_02_PA0025900_NIBRS,
6508983,15766,3,2014,I,,,N,F,,C,2014_03_PA0025900_NIBRS,
6531433,15766,4,2014,I,,,N,F,,C,2014_04_PA0025900_NIBRS,
6553883,15766,5,2014,I,,,N,F,,C,2014_05_PA0025900_NIBRS,
6576333,15766,6,2014,I,,,N,F,,C,2014_06_PA0025900_NIBRS,
6598783,15766,7,2014,I,,,N,F,,C,2014_07_PA0025900_NIBRS,
6621233,15766,8,2014,I,,,N,F,,C,2014_08_PA0025900_NIBRS,
6643683,15766,9,2014,I,,,N,F,,C,2014_09_PA0025900_NIBRS,
6666133,15766,10,2014,I,,,N,F,,C,2014_10_PA0025900_NIBRS,
6688583,15766,11,2014,I,,,N,F,,C,2014_11_PA0025900_NIBRS,
6711033,15766,12,2014,I,,,N,F,,C,2014_12_PA0025900_NIBRS,
6464084,15767,1,2014,U,,,N,F,,C,2014_01_PA0026000_NIBRS,
6486534,15767,2,2014,U,,,N,F,,C,2014_02_PA0026000_NIBRS,
6508984,15767,3,2014,U,,,N,F,,C,2014_03_PA0026000_NIBRS,
6531434,15767,4,2014,U,,,N,F,,C,2014_04_PA0026000_NIBRS,
6553884,15767,5,2014,U,,,N,F,,C,2014_05_PA0026000_NIBRS,
6576334,15767,6,2014,U,,,N,F,,C,2014_06_PA0026000_NIBRS,
6598784,15767,7,2014,U,,,N,F,,C,2014_07_PA0026000_NIBRS,
6621234,15767,8,2014,U,,,N,F,,C,2014_08_PA0026000_NIBRS,
6643684,15767,9,2014,U,,,N,F,,C,2014_09_PA0026000_NIBRS,
6666134,15767,10,2014,U,,,N,F,,C,2014_10_PA0026000_NIBRS,
6688584,15767,11,2014,U,,,N,F,,C,2014_11_PA0026000_NIBRS,
6711034,15767,12,2014,U,,,N,F,,C,2014_12_PA0026000_NIBRS,
6464085,15768,1,2014,U,,,N,F,,C,2014_01_PA0026100_NIBRS,
6486535,15768,2,2014,U,,,N,F,,C,2014_02_PA0026100_NIBRS,
6508985,15768,3,2014,U,,,N,F,,C,2014_03_PA0026100_NIBRS,
6531435,15768,4,2014,U,,,N,F,,C,2014_04_PA0026100_NIBRS,
6553885,15768,5,2014,U,,,N,F,,C,2014_05_PA0026100_NIBRS,
6576335,15768,6,2014,U,,,N,F,,C,2014_06_PA0026100_NIBRS,
6598785,15768,7,2014,U,,,N,F,,C,2014_07_PA0026100_NIBRS,
6621235,15768,8,2014,U,,,N,F,,C,2014_08_PA0026100_NIBRS,
6643685,15768,9,2014,U,,,N,F,,C,2014_09_PA0026100_NIBRS,
6666135,15768,10,2014,U,,,N,F,,C,2014_10_PA0026100_NIBRS,
6688585,15768,11,2014,U,,,N,F,,C,2014_11_PA0026100_NIBRS,
6711035,15768,12,2014,U,,,N,F,,C,2014_12_PA0026100_NIBRS,
6464086,15769,1,2014,U,,,N,F,,C,2014_01_PA0026200_NIBRS,
6486536,15769,2,2014,U,,,N,F,,C,2014_02_PA0026200_NIBRS,
6508986,15769,3,2014,U,,,N,F,,C,2014_03_PA0026200_NIBRS,
6531436,15769,4,2014,U,,,N,F,,C,2014_04_PA0026200_NIBRS,
6553886,15769,5,2014,U,,,N,F,,C,2014_05_PA0026200_NIBRS,
6576336,15769,6,2014,U,,,N,F,,C,2014_06_PA0026200_NIBRS,
6598786,15769,7,2014,U,,,N,F,,C,2014_07_PA0026200_NIBRS,
6621236,15769,8,2014,U,,,N,F,,C,2014_08_PA0026200_NIBRS,
6643686,15769,9,2014,U,,,N,F,,C,2014_09_PA0026200_NIBRS,
6666136,15769,10,2014,U,,,N,F,,C,2014_10_PA0026200_NIBRS,
6688586,15769,11,2014,U,,,N,F,,C,2014_11_PA0026200_NIBRS,
6711036,15769,12,2014,U,,,N,F,,C,2014_12_PA0026200_NIBRS,
6465428,17111,1,2014,U,,,N,F,,C,2014_01_PA0600200_NIBRS,
6487878,17111,2,2014,U,,,N,F,,C,2014_02_PA0600200_NIBRS,
6510328,17111,3,2014,U,,,N,F,,C,2014_03_PA0600200_NIBRS,
6532778,17111,4,2014,U,,,N,F,,C,2014_04_PA0600200_NIBRS,
6555228,17111,5,2014,U,,,N,F,,C,2014_05_PA0600200_NIBRS,
6577678,17111,6,2014,U,,,N,F,,C,2014_06_PA0600200_NIBRS,
6600128,17111,7,2014,U,,,N,F,,C,2014_07_PA0600200_NIBRS,
6622578,17111,8,2014,U,,,N,F,,C,2014_08_PA0600200_NIBRS,
6645028,17111,9,2014,U,,,N,F,,C,2014_09_PA0600200_NIBRS,
6667478,17111,10,2014,U,,,N,F,,C,2014_10_PA0600200_NIBRS,
6689928,17111,11,2014,U,,,N,F,,C,2014_11_PA0600200_NIBRS,
6712378,17111,12,2014,U,,,N,F,,C,2014_12_PA0600200_NIBRS,
6464087,15770,1,2014,U,,,N,F,,C,2014_01_PA0026300_NIBRS,
6486537,15770,2,2014,U,,,N,F,,C,2014_02_PA0026300_NIBRS,
6508987,15770,3,2014,U,,,N,F,,C,2014_03_PA0026300_NIBRS,
6531437,15770,4,2014,U,,,N,F,,C,2014_04_PA0026300_NIBRS,
6553887,15770,5,2014,U,,,N,F,,C,2014_05_PA0026300_NIBRS,
6576337,15770,6,2014,U,,,N,F,,C,2014_06_PA0026300_NIBRS,
6598787,15770,7,2014,U,,,N,F,,C,2014_07_PA0026300_NIBRS,
6621237,15770,8,2014,U,,,N,F,,C,2014_08_PA0026300_NIBRS,
6643687,15770,9,2014,U,,,N,F,,C,2014_09_PA0026300_NIBRS,
6666137,15770,10,2014,U,,,N,F,,C,2014_10_PA0026300_NIBRS,
6688587,15770,11,2014,U,,,N,F,,C,2014_11_PA0026300_NIBRS,
6711037,15770,12,2014,U,,,N,F,,C,2014_12_PA0026300_NIBRS,
6464088,15771,1,2014,U,,,N,F,,C,2014_01_PA0026400_NIBRS,
6486538,15771,2,2014,U,,,N,F,,C,2014_02_PA0026400_NIBRS,
6508988,15771,3,2014,U,,,N,F,,C,2014_03_PA0026400_NIBRS,
6531438,15771,4,2014,U,,,N,F,,C,2014_04_PA0026400_NIBRS,
6553888,15771,5,2014,U,,,N,F,,C,2014_05_PA0026400_NIBRS,
6576338,15771,6,2014,U,,,N,F,,C,2014_06_PA0026400_NIBRS,
6598788,15771,7,2014,U,,,N,F,,C,2014_07_PA0026400_NIBRS,
6621238,15771,8,2014,U,,,N,F,,C,2014_08_PA0026400_NIBRS,
6643688,15771,9,2014,U,,,N,F,,C,2014_09_PA0026400_NIBRS,
6666138,15771,10,2014,U,,,N,F,,C,2014_10_PA0026400_NIBRS,
6688588,15771,11,2014,U,,,N,F,,C,2014_11_PA0026400_NIBRS,
6711038,15771,12,2014,U,,,N,F,,C,2014_12_PA0026400_NIBRS,
6464089,15772,1,2014,U,,,N,F,,C,2014_01_PA0026500_NIBRS,
6486539,15772,2,2014,U,,,N,F,,C,2014_02_PA0026500_NIBRS,
6508989,15772,3,2014,U,,,N,F,,C,2014_03_PA0026500_NIBRS,
6531439,15772,4,2014,U,,,N,F,,C,2014_04_PA0026500_NIBRS,
6553889,15772,5,2014,U,,,N,F,,C,2014_05_PA0026500_NIBRS,
6576339,15772,6,2014,U,,,N,F,,C,2014_06_PA0026500_NIBRS,
6598789,15772,7,2014,U,,,N,F,,C,2014_07_PA0026500_NIBRS,
6621239,15772,8,2014,U,,,N,F,,C,2014_08_PA0026500_NIBRS,
6643689,15772,9,2014,U,,,N,F,,C,2014_09_PA0026500_NIBRS,
6666139,15772,10,2014,U,,,N,F,,C,2014_10_PA0026500_NIBRS,
6688589,15772,11,2014,U,,,N,F,,C,2014_11_PA0026500_NIBRS,
6711039,15772,12,2014,U,,,N,F,,C,2014_12_PA0026500_NIBRS,
6464090,15773,1,2014,U,,,N,F,,C,2014_01_PA0026600_NIBRS,
6486540,15773,2,2014,U,,,N,F,,C,2014_02_PA0026600_NIBRS,
6508990,15773,3,2014,U,,,N,F,,C,2014_03_PA0026600_NIBRS,
6531440,15773,4,2014,U,,,N,F,,C,2014_04_PA0026600_NIBRS,
6553890,15773,5,2014,U,,,N,F,,C,2014_05_PA0026600_NIBRS,
6576340,15773,6,2014,U,,,N,F,,C,2014_06_PA0026600_NIBRS,
6598790,15773,7,2014,U,,,N,F,,C,2014_07_PA0026600_NIBRS,
6621240,15773,8,2014,U,,,N,F,,C,2014_08_PA0026600_NIBRS,
6643690,15773,9,2014,U,,,N,F,,C,2014_09_PA0026600_NIBRS,
6666140,15773,10,2014,U,,,N,F,,C,2014_10_PA0026600_NIBRS,
6688590,15773,11,2014,U,,,N,F,,C,2014_11_PA0026600_NIBRS,
6711040,15773,12,2014,U,,,N,F,,C,2014_12_PA0026600_NIBRS,
6464091,15774,1,2014,U,,,N,F,,C,2014_01_PA0026700_NIBRS,
6486541,15774,2,2014,U,,,N,F,,C,2014_02_PA0026700_NIBRS,
6508991,15774,3,2014,U,,,N,F,,C,2014_03_PA0026700_NIBRS,
6531441,15774,4,2014,U,,,N,F,,C,2014_04_PA0026700_NIBRS,
6553891,15774,5,2014,U,,,N,F,,C,2014_05_PA0026700_NIBRS,
6576341,15774,6,2014,U,,,N,F,,C,2014_06_PA0026700_NIBRS,
6598791,15774,7,2014,U,,,N,F,,C,2014_07_PA0026700_NIBRS,
6621241,15774,8,2014,U,,,N,F,,C,2014_08_PA0026700_NIBRS,
6643691,15774,9,2014,U,,,N,F,,C,2014_09_PA0026700_NIBRS,
6666141,15774,10,2014,U,,,N,F,,C,2014_10_PA0026700_NIBRS,
6688591,15774,11,2014,U,,,N,F,,C,2014_11_PA0026700_NIBRS,
6711041,15774,12,2014,U,,,N,F,,C,2014_12_PA0026700_NIBRS,
6464093,15776,1,2014,U,,,N,F,,C,2014_01_PA0026900_NIBRS,
6486543,15776,2,2014,U,,,N,F,,C,2014_02_PA0026900_NIBRS,
6508993,15776,3,2014,U,,,N,F,,C,2014_03_PA0026900_NIBRS,
6531443,15776,4,2014,U,,,N,F,,C,2014_04_PA0026900_NIBRS,
6553893,15776,5,2014,U,,,N,F,,C,2014_05_PA0026900_NIBRS,
6576343,15776,6,2014,U,,,N,F,,C,2014_06_PA0026900_NIBRS,
6598793,15776,7,2014,U,,,N,F,,C,2014_07_PA0026900_NIBRS,
6621243,15776,8,2014,U,,,N,F,,C,2014_08_PA0026900_NIBRS,
6643693,15776,9,2014,U,,,N,F,,C,2014_09_PA0026900_NIBRS,
6666143,15776,10,2014,U,,,N,F,,C,2014_10_PA0026900_NIBRS,
6688593,15776,11,2014,U,,,N,F,,C,2014_11_PA0026900_NIBRS,
6711043,15776,12,2014,U,,,N,F,,C,2014_12_PA0026900_NIBRS,
6464094,15777,1,2014,U,,,N,F,,C,2014_01_PA0027000_NIBRS,
6486544,15777,2,2014,U,,,N,F,,C,2014_02_PA0027000_NIBRS,
6508994,15777,3,2014,U,,,N,F,,C,2014_03_PA0027000_NIBRS,
6531444,15777,4,2014,U,,,N,F,,C,2014_04_PA0027000_NIBRS,
6553894,15777,5,2014,U,,,N,F,,C,2014_05_PA0027000_NIBRS,
6576344,15777,6,2014,U,,,N,F,,C,2014_06_PA0027000_NIBRS,
6598794,15777,7,2014,U,,,N,F,,C,2014_07_PA0027000_NIBRS,
6621244,15777,8,2014,U,,,N,F,,C,2014_08_PA0027000_NIBRS,
6643694,15777,9,2014,U,,,N,F,,C,2014_09_PA0027000_NIBRS,
6666144,15777,10,2014,U,,,N,F,,C,2014_10_PA0027000_NIBRS,
6688594,15777,11,2014,U,,,N,F,,C,2014_11_PA0027000_NIBRS,
6711044,15777,12,2014,U,,,N,F,,C,2014_12_PA0027000_NIBRS,
6464095,15778,1,2014,U,,,N,F,,C,2014_01_PA0027300_NIBRS,
6486545,15778,2,2014,U,,,N,F,,C,2014_02_PA0027300_NIBRS,
6508995,15778,3,2014,U,,,N,F,,C,2014_03_PA0027300_NIBRS,
6531445,15778,4,2014,U,,,N,F,,C,2014_04_PA0027300_NIBRS,
6553895,15778,5,2014,U,,,N,F,,C,2014_05_PA0027300_NIBRS,
6576345,15778,6,2014,U,,,N,F,,C,2014_06_PA0027300_NIBRS,
6598795,15778,7,2014,U,,,N,F,,C,2014_07_PA0027300_NIBRS,
6621245,15778,8,2014,U,,,N,F,,C,2014_08_PA0027300_NIBRS,
6643695,15778,9,2014,U,,,N,F,,C,2014_09_PA0027300_NIBRS,
6666145,15778,10,2014,U,,,N,F,,C,2014_10_PA0027300_NIBRS,
6688595,15778,11,2014,U,,,N,F,,C,2014_11_PA0027300_NIBRS,
6711045,15778,12,2014,U,,,N,F,,C,2014_12_PA0027300_NIBRS,
6464096,15779,1,2014,U,,,N,F,,C,2014_01_PA0027400_NIBRS,
6486546,15779,2,2014,U,,,N,F,,C,2014_02_PA0027400_NIBRS,
6508996,15779,3,2014,U,,,N,F,,C,2014_03_PA0027400_NIBRS,
6531446,15779,4,2014,U,,,N,F,,C,2014_04_PA0027400_NIBRS,
6553896,15779,5,2014,U,,,N,F,,C,2014_05_PA0027400_NIBRS,
6576346,15779,6,2014,U,,,N,F,,C,2014_06_PA0027400_NIBRS,
6598796,15779,7,2014,U,,,N,F,,C,2014_07_PA0027400_NIBRS,
6621246,15779,8,2014,U,,,N,F,,C,2014_08_PA0027400_NIBRS,
6643696,15779,9,2014,U,,,N,F,,C,2014_09_PA0027400_NIBRS,
6666146,15779,10,2014,U,,,N,F,,C,2014_10_PA0027400_NIBRS,
6688596,15779,11,2014,U,,,N,F,,C,2014_11_PA0027400_NIBRS,
6711046,15779,12,2014,U,,,N,F,,C,2014_12_PA0027400_NIBRS,
6464097,15780,1,2014,U,,,N,F,,C,2014_01_PA0027500_NIBRS,
6486547,15780,2,2014,U,,,N,F,,C,2014_02_PA0027500_NIBRS,
6508997,15780,3,2014,U,,,N,F,,C,2014_03_PA0027500_NIBRS,
6531447,15780,4,2014,U,,,N,F,,C,2014_04_PA0027500_NIBRS,
6553897,15780,5,2014,U,,,N,F,,C,2014_05_PA0027500_NIBRS,
6576347,15780,6,2014,U,,,N,F,,C,2014_06_PA0027500_NIBRS,
6598797,15780,7,2014,U,,,N,F,,C,2014_07_PA0027500_NIBRS,
6621247,15780,8,2014,U,,,N,F,,C,2014_08_PA0027500_NIBRS,
6643697,15780,9,2014,U,,,N,F,,C,2014_09_PA0027500_NIBRS,
6666147,15780,10,2014,U,,,N,F,,C,2014_10_PA0027500_NIBRS,
6688597,15780,11,2014,U,,,N,F,,C,2014_11_PA0027500_NIBRS,
6711047,15780,12,2014,U,,,N,F,,C,2014_12_PA0027500_NIBRS,
6464098,15781,1,2014,U,,,N,F,,C,2014_01_PA0027600_NIBRS,
6486548,15781,2,2014,U,,,N,F,,C,2014_02_PA0027600_NIBRS,
6508998,15781,3,2014,U,,,N,F,,C,2014_03_PA0027600_NIBRS,
6531448,15781,4,2014,U,,,N,F,,C,2014_04_PA0027600_NIBRS,
6553898,15781,5,2014,U,,,N,F,,C,2014_05_PA0027600_NIBRS,
6576348,15781,6,2014,U,,,N,F,,C,2014_06_PA0027600_NIBRS,
6598798,15781,7,2014,U,,,N,F,,C,2014_07_PA0027600_NIBRS,
6621248,15781,8,2014,U,,,N,F,,C,2014_08_PA0027600_NIBRS,
6643698,15781,9,2014,U,,,N,F,,C,2014_09_PA0027600_NIBRS,
6666148,15781,10,2014,U,,,N,F,,C,2014_10_PA0027600_NIBRS,
6688598,15781,11,2014,U,,,N,F,,C,2014_11_PA0027600_NIBRS,
6711048,15781,12,2014,U,,,N,F,,C,2014_12_PA0027600_NIBRS,
6464099,15782,1,2014,U,,,N,F,,C,2014_01_PA0027700_NIBRS,
6486549,15782,2,2014,U,,,N,F,,C,2014_02_PA0027700_NIBRS,
6508999,15782,3,2014,U,,,N,F,,C,2014_03_PA0027700_NIBRS,
6531449,15782,4,2014,U,,,N,F,,C,2014_04_PA0027700_NIBRS,
6553899,15782,5,2014,U,,,N,F,,C,2014_05_PA0027700_NIBRS,
6576349,15782,6,2014,U,,,N,F,,C,2014_06_PA0027700_NIBRS,
6598799,15782,7,2014,U,,,N,F,,C,2014_07_PA0027700_NIBRS,
6621249,15782,8,2014,U,,,N,F,,C,2014_08_PA0027700_NIBRS,
6643699,15782,9,2014,U,,,N,F,,C,2014_09_PA0027700_NIBRS,
6666149,15782,10,2014,U,,,N,F,,C,2014_10_PA0027700_NIBRS,
6688599,15782,11,2014,U,,,N,F,,C,2014_11_PA0027700_NIBRS,
6711049,15782,12,2014,U,,,N,F,,C,2014_12_PA0027700_NIBRS,
6464061,15744,1,2014,U,,,N,F,,C,2014_01_PA0023600_NIBRS,
6486511,15744,2,2014,U,,,N,F,,C,2014_02_PA0023600_NIBRS,
6508961,15744,3,2014,U,,,N,F,,C,2014_03_PA0023600_NIBRS,
6531411,15744,4,2014,U,,,N,F,,C,2014_04_PA0023600_NIBRS,
6553861,15744,5,2014,U,,,N,F,,C,2014_05_PA0023600_NIBRS,
6576311,15744,6,2014,U,,,N,F,,C,2014_06_PA0023600_NIBRS,
6598761,15744,7,2014,U,,,N,F,,C,2014_07_PA0023600_NIBRS,
6621211,15744,8,2014,U,,,N,F,,C,2014_08_PA0023600_NIBRS,
6643661,15744,9,2014,U,,,N,F,,C,2014_09_PA0023600_NIBRS,
6666111,15744,10,2014,U,,,N,F,,C,2014_10_PA0023600_NIBRS,
6688561,15744,11,2014,U,,,N,F,,C,2014_11_PA0023600_NIBRS,
6711011,15744,12,2014,U,,,N,F,,C,2014_12_PA0023600_NIBRS,
6464062,15745,1,2014,U,,,N,F,,C,2014_01_PA0023800_NIBRS,
6486512,15745,2,2014,U,,,N,F,,C,2014_02_PA0023800_NIBRS,
6508962,15745,3,2014,U,,,N,F,,C,2014_03_PA0023800_NIBRS,
6531412,15745,4,2014,U,,,N,F,,C,2014_04_PA0023800_NIBRS,
6553862,15745,5,2014,U,,,N,F,,C,2014_05_PA0023800_NIBRS,
6576312,15745,6,2014,U,,,N,F,,C,2014_06_PA0023800_NIBRS,
6598762,15745,7,2014,U,,,N,F,,C,2014_07_PA0023800_NIBRS,
6621212,15745,8,2014,U,,,N,F,,C,2014_08_PA0023800_NIBRS,
6643662,15745,9,2014,U,,,N,F,,C,2014_09_PA0023800_NIBRS,
6666112,15745,10,2014,U,,,N,F,,C,2014_10_PA0023800_NIBRS,
6688562,15745,11,2014,U,,,N,F,,C,2014_11_PA0023800_NIBRS,
6711012,15745,12,2014,U,,,N,F,,C,2014_12_PA0023800_NIBRS,
6464063,15746,1,2014,U,,,N,F,,C,2014_01_PA0023900_NIBRS,
6486513,15746,2,2014,U,,,N,F,,C,2014_02_PA0023900_NIBRS,
6508963,15746,3,2014,U,,,N,F,,C,2014_03_PA0023900_NIBRS,
6531413,15746,4,2014,U,,,N,F,,C,2014_04_PA0023900_NIBRS,
6553863,15746,5,2014,U,,,N,F,,C,2014_05_PA0023900_NIBRS,
6576313,15746,6,2014,U,,,N,F,,C,2014_06_PA0023900_NIBRS,
6598763,15746,7,2014,U,,,N,F,,C,2014_07_PA0023900_NIBRS,
6621213,15746,8,2014,U,,,N,F,,C,2014_08_PA0023900_NIBRS,
6643663,15746,9,2014,U,,,N,F,,C,2014_09_PA0023900_NIBRS,
6666113,15746,10,2014,U,,,N,F,,C,2014_10_PA0023900_NIBRS,
6688563,15746,11,2014,U,,,N,F,,C,2014_11_PA0023900_NIBRS,
6711013,15746,12,2014,U,,,N,F,,C,2014_12_PA0023900_NIBRS,
